0 0.8617788461538461 0.14182692307692307 0.24759615384615385 0.28365384615384615
0 0.6117788461538461 0.13822115384615385 0.20793269230769232 0.2764423076923077
0 0.35336538461538464 0.12980769230769232 0.20793269230769232 0.25961538461538464
0 0.10817307692307693 0.12620192307692307 0.21514423076923078 0.2512019230769231
0 0.0985576923076923 0.46033653846153844 0.19591346153846154 0.2932692307692308
0 0.34375 0.46634615384615385 0.22115384615384615 0.25961538461538464
0 0.5985576923076923 0.46875 0.21995192307692307 0.3004807692307692
0 0.8629807692307693 0.46875 0.22355769230769232 0.27403846153846156
0 0.8665865384615384 0.7992788461538461 0.23557692307692307 0.30649038461538464
0 0.5985576923076923 0.8064903846153846 0.22355769230769232 0.30408653846153844
0 0.3425480769230769 0.8125 0.20072115384615385 0.30288461538461536
0 0.10336538461538461 0.7908653846153846 0.20552884615384615 0.3125