0 0.234375 0.6682692307692307 0.021634615384615384 0.33052884615384615
0 0.40865384615384615 0.4495192307692308 0.05048076923076923 0.3173076923076923
0 0.4807692307692308 0.45552884615384615 0.03365384615384615 0.38221153846153844
0 0.5396634615384616 0.4543269230769231 0.03245192307692308 0.29447115384615385
0 0.6177884615384616 0.49038461538461536 0.021634615384615384 0.21033653846153846
0 0.5721153846153846 0.4182692307692308 0.026442307692307692 0.2283653846153846
0 0.6826923076923077 0.5096153846153846 0.03245192307692308 0.1622596153846154
0 0.6574519230769231 0.7175480769230769 0.027644230769230768 0.16105769230769232
0 0.6069711538461539 0.7271634615384616 0.026442307692307692 0.13822115384615385
0 0.5805288461538461 0.7403846153846154 0.02403846153846154 0.12139423076923077
0 0.5540865384615384 0.7355769230769231 0.02403846153846154 0.12980769230769232
0 0.5276442307692307 0.7512019230769231 0.03245192307692308 0.09495192307692307
0 0.5012019230769231 0.7644230769230769 0.030048076923076924 0.07211538461538461
0 0.34975961538461536 0.7055288461538461 0.038461538461538464 0.17427884615384615
0 0.3473557692307692 0.45552884615384615 0.025240384615384616 0.3088942307692308
0 0.31009615384615385 0.7007211538461539 0.018028846153846152 0.17427884615384615
0 0.28365384615384615 0.6418269230769231 0.026442307692307692 0.29086538461538464
0 0.26322115384615385 0.6370192307692307 0.02403846153846154 0.2704326923076923
0 0.4050480769230769 0.6995192307692307 0.036057692307692304 0.1502403846153846
0 0.4543269230769231 0.6706730769230769 0.021634615384615384 0.16826923076923078
0 0.27283653846153844 0.44350961538461536 0.025240384615384616 0.09495192307692307
0 0.3016826923076923 0.4987980769230769 0.015625 0.21754807692307693
0 0.32211538461538464 0.484375 0.021634615384615384 0.2536057692307692
0 0.6526442307692307 0.5048076923076923 0.028846153846153848 0.23677884615384615
0 0.6899038461538461 0.6911057692307693 0.026442307692307692 0.1201923076923077
0 0.7524038461538461 0.6394230769230769 0.021634615384615384 0.07692307692307693
0 0.7211538461538461 0.6490384615384616 0.02403846153846154 0.054086538461538464
0 0.7427884615384616 0.5612980769230769 0.020432692307692308 0.07211538461538461
0 0.6610576923076923 0.1814903846153846 0.026442307692307692 0.1045673076923077
0 0.6334134615384616 0.2091346153846154 0.016826923076923076 0.09254807692307693
0 0.6153846153846154 0.21995192307692307 0.018028846153846152 0.0889423076923077
0 0.7199519230769231 0.3161057692307692 0.021634615384615384 0.10336538461538461
0 0.78125 0.4098557692307692 0.018028846153846152 0.06971153846153846
0 0.6995192307692307 0.16826923076923078 0.02403846153846154 0.11778846153846154
0 0.6887019230769231 0.33413461538461536 0.030048076923076924 0.054086538461538464
0 0.5733173076923077 0.2283653846153846 0.026442307692307692 0.0985576923076923
0 0.546875 0.20673076923076922 0.025240384615384616 0.08173076923076923
0 0.4483173076923077 0.14783653846153846 0.02403846153846154 0.046875
0 0.45072115384615385 0.390625 0.028846153846153848 0.3112980769230769