0 0.5697115384615384 0.7199519230769231 0.078125 0.19110576923076922
0 0.4411057692307692 0.6526442307692307 0.08173076923076923 0.13701923076923078
0 0.40384615384615385 0.4567307692307692 0.057692307692307696 0.10576923076923077
0 0.3449519230769231 0.41225961538461536 0.04807692307692308 0.1346153846153846
0 0.4735576923076923 0.27163461538461536 0.046875 0.08413461538461539
0 0.6298076923076923 0.49399038461538464 0.078125 0.109375
0 0.6514423076923077 0.609375 0.07932692307692307 0.11538461538461539
0 0.7175480769230769 0.8004807692307693 0.06370192307692307 0.11538461538461539
0 0.7584134615384616 0.9242788461538461 0.06971153846153846 0.14903846153846154
0 0.8353365384615384 0.6117788461538461 0.07572115384615384 0.140625
0 0.8713942307692307 0.4098557692307692 0.08173076923076923 0.10817307692307693
0 0.7956730769230769 0.3713942307692308 0.042067307692307696 0.11298076923076923
0 0.7379807692307693 0.34975961538461536 0.055288461538461536 0.09735576923076923
0 0.6802884615384616 0.3088942307692308 0.04927884615384615 0.1310096153846154
0 0.3088942307692308 0.5721153846153846 0.046875 0.11538461538461539
0 0.19230769230769232 0.47836538461538464 0.054086538461538464 0.1045673076923077
0 0.08413461538461539 0.42427884615384615 0.0625 0.14302884615384615
0 0.08173076923076923 0.7295673076923077 0.04567307692307692 0.12860576923076922
0 0.14302884615384615 0.6466346153846154 0.051682692307692304 0.11899038461538461
0 0.203125 0.6959134615384616 0.07451923076923077 0.109375
0 0.26802884615384615 0.7403846153846154 0.06610576923076923 0.10216346153846154
0 0.2764423076923077 0.8569711538461539 0.0829326923076923 0.1310096153846154
0 0.40384615384615385 0.8389423076923077 0.0829326923076923 0.12740384615384615
0 0.4579326923076923 0.8858173076923077 0.0829326923076923 0.12860576923076922
0 0.5444711538461539 0.9350961538461539 0.09615384615384616 0.12740384615384615
0 0.5925480769230769 0.8629807692307693 0.09375 0.1045673076923077
0 0.53125 0.5204326923076923 0.06490384615384616 0.11298076923076923
0 0.5456730769230769 0.1622596153846154 0.06009615384615385 0.12379807692307693
0 0.25721153846153844 0.11778846153846154 0.06370192307692307 0.0673076923076923
0 0.27283653846153844 0.22956730769230768 0.056490384615384616 0.08052884615384616
0 0.2764423076923077 0.32091346153846156 0.07091346153846154 0.07572115384615384
0 0.17908653846153846 0.25961538461538464 0.05889423076923077 0.10817307692307693
0 0.08533653846153846 0.14543269230769232 0.05889423076923077 0.09375
0 0.921875 0.18870192307692307 0.06129807692307692 0.09134615384615384
0 0.9134615384615384 0.6298076923076923 0.06850961538461539 0.11899038461538461
0 0.7560096153846154 0.5817307692307693 0.07692307692307693 0.11298076923076923
0 0.8401442307692307 0.7920673076923077 0.08052884615384616 0.16105769230769232