0 0.2704326923076923 0.27283653846153844 0.0673076923076923 0.18269230769230768
0 0.9038461538461539 0.8088942307692307 0.11658653846153846 0.14302884615384615
0 0.5096153846153846 0.7740384615384616 0.054086538461538464 0.1141826923076923
0 0.44591346153846156 0.8870192307692307 0.10817307692307693 0.10096153846153846
0 0.19110576923076922 0.9134615384615384 0.0733173076923077 0.16706730769230768
0 0.12860576923076922 0.3545673076923077 0.09014423076923077 0.171875
0 0.32211538461538464 0.4987980769230769 0.09495192307692307 0.13822115384615385
0 0.5324519230769231 0.4807692307692308 0.0673076923076923 0.15865384615384615
0 0.6237980769230769 0.19230769230769232 0.042067307692307696 0.0889423076923077
0 0.7487980769230769 0.16826923076923078 0.039663461538461536 0.13822115384615385
0 0.9519230769230769 0.27283653846153844 0.057692307692307696 0.1045673076923077
0 0.8545673076923077 0.4266826923076923 0.051682692307692304 0.1201923076923077
0 0.7632211538461539 0.5228365384615384 0.05048076923076923 0.1201923076923077
0 0.3762019230769231 0.14302884615384615 0.06129807692307692 0.09375
0 0.07211538461538461 0.03485576923076923 0.046875 0.06971153846153846
0 0.008413461538461538 0.3112980769230769 0.016826923076923076 0.13221153846153846
0 0.016826923076923076 0.6322115384615384 0.03245192307692308 0.1201923076923077
0 0.1346153846153846 0.5408653846153846 0.057692307692307696 0.10697115384615384