2 0.4338942307692308 0.6213942307692307 0.29086538461538464 0.2620192307692308
2 0.49399038461538464 0.3762019230769231 0.16706730769230768 0.2403846153846154
2 0.6430288461538461 0.2247596153846154 0.23317307692307693 0.2704326923076923
2 0.7223557692307693 0.40384615384615385 0.1814903846153846 0.23798076923076922
2 0.4110576923076923 0.8521634615384616 0.42427884615384615 0.28846153846153844
2 0.5168269230769231 0.9266826923076923 0.3088942307692308 0.14182692307692307
2 0.15625 0.6682692307692307 0.17067307692307693 0.16706730769230768
2 0.8798076923076923 0.6935096153846154 0.14182692307692307 0.17427884615384615
2 0.7572115384615384 0.7512019230769231 0.18870192307692307 0.14423076923076922
2 0.8064903846153846 0.9278846153846154 0.21995192307692307 0.140625
2 0.8786057692307693 0.29927884615384615 0.15264423076923078 0.18269230769230768