0 0.2283653846153846 0.6622596153846154 0.020432692307692308 0.32572115384615385
0 0.40024038461538464 0.44711538461538464 0.05048076923076923 0.3137019230769231
0 0.4723557692307692 0.4519230769230769 0.03365384615384615 0.37740384615384615
0 0.5300480769230769 0.45072115384615385 0.03245192307692308 0.29086538461538464
0 0.6081730769230769 0.48677884615384615 0.020432692307692308 0.20793269230769232
0 0.5637019230769231 0.41466346153846156 0.026442307692307692 0.2247596153846154
0 0.6730769230769231 0.5060096153846154 0.03245192307692308 0.15985576923076922
0 0.6466346153846154 0.7103365384615384 0.027644230769230768 0.15865384615384615
0 0.5973557692307693 0.7211538461538461 0.026442307692307692 0.13581730769230768
0 0.5709134615384616 0.7331730769230769 0.02403846153846154 0.1201923076923077
0 0.5456730769230769 0.7295673076923077 0.02403846153846154 0.12860576923076922
0 0.5192307692307693 0.7439903846153846 0.03125 0.09375
0 0.49278846153846156 0.7572115384615384 0.028846153846153848 0.07091346153846154
0 0.3425480769230769 0.6983173076923077 0.038461538461538464 0.17307692307692307
0 0.34134615384615385 0.4519230769230769 0.025240384615384616 0.30528846153846156
0 0.30288461538461536 0.6947115384615384 0.018028846153846152 0.17307692307692307
0 0.2776442307692308 0.6358173076923077 0.025240384615384616 0.28725961538461536
0 0.25721153846153844 0.6310096153846154 0.02283653846153846 0.26802884615384615
0 0.39663461538461536 0.6935096153846154 0.036057692307692304 0.14903846153846154
0 0.44711538461538464 0.6646634615384616 0.021634615384615384 0.1658653846153846
0 0.2668269230769231 0.4411057692307692 0.025240384615384616 0.09375
0 0.2956730769230769 0.4951923076923077 0.015625 0.21514423076923078
0 0.31490384615384615 0.4807692307692308 0.020432692307692308 0.25
0 0.6430288461538461 0.5012019230769231 0.028846153846153848 0.23317307692307693
0 0.6790865384615384 0.6838942307692307 0.025240384615384616 0.11899038461538461
0 0.7415865384615384 0.6346153846153846 0.020432692307692308 0.07572115384615384
0 0.7103365384615384 0.6430288461538461 0.02283653846153846 0.054086538461538464
0 0.7319711538461539 0.5564903846153846 0.020432692307692308 0.07091346153846154
0 0.6502403846153846 0.1814903846153846 0.026442307692307692 0.10336538461538461
0 0.6237980769230769 0.2091346153846154 0.016826923076923076 0.09134615384615384
0 0.6057692307692307 0.21995192307692307 0.018028846153846152 0.08774038461538461
0 0.7091346153846154 0.31490384615384615 0.021634615384615384 0.10216346153846154
0 0.7704326923076923 0.4074519230769231 0.018028846153846152 0.06850961538461539
0 0.6899038461538461 0.16826923076923078 0.02403846153846154 0.11658653846153846
0 0.6790865384615384 0.3317307692307692 0.028846153846153848 0.054086538461538464
0 0.5649038461538461 0.22716346153846154 0.025240384615384616 0.09735576923076923
0 0.5384615384615384 0.20673076923076922 0.025240384615384616 0.08173076923076923
0 0.4411057692307692 0.14783653846153846 0.02283653846153846 0.04567307692307692
0 0.44350961538461536 0.38822115384615385 0.028846153846153848 0.3076923076923077