2 0.5600961538461539 0.6237980769230769 0.2920673076923077 0.26322115384615385
2 0.5 0.37740384615384615 0.16706730769230768 0.2403846153846154
2 0.34975961538461536 0.22596153846153846 0.234375 0.27163461538461536
2 0.2704326923076923 0.4050480769230769 0.1814903846153846 0.23918269230769232
2 0.5841346153846154 0.8545673076923077 0.42908653846153844 0.28725961538461536
2 0.47716346153846156 0.9290865384615384 0.31009615384615385 0.13822115384615385
2 0.8389423076923077 0.671875 0.171875 0.16706730769230768
2 0.11177884615384616 0.6959134615384616 0.14302884615384615 0.17548076923076922
2 0.23557692307692307 0.7536057692307693 0.18990384615384615 0.14543269230769232
2 0.18629807692307693 0.9290865384615384 0.21995192307692307 0.13701923076923078
2 0.11298076923076923 0.3004807692307692 0.15264423076923078 0.18389423076923078