0 0.7019230769230769 0.2824519230769231 0.06490384615384616 0.17548076923076922
0 0.09495192307692307 0.7956730769230769 0.11177884615384616 0.13701923076923078
0 0.4723557692307692 0.7620192307692307 0.051682692307692304 0.11057692307692307
0 0.5336538461538461 0.8713942307692307 0.10336538461538461 0.09735576923076923
0 0.7776442307692307 0.8990384615384616 0.06850961538461539 0.1622596153846154
0 0.8377403846153846 0.3605769230769231 0.08653846153846154 0.16466346153846154
0 0.6514423076923077 0.4987980769230769 0.09134615384615384 0.13221153846153846
0 0.45072115384615385 0.4807692307692308 0.06490384615384616 0.15264423076923078
0 0.3641826923076923 0.20552884615384615 0.039663461538461536 0.08533653846153846
0 0.24278846153846154 0.1814903846153846 0.038461538461538464 0.13221153846153846
0 0.04927884615384615 0.2824519230769231 0.055288461538461536 0.09975961538461539
0 0.14302884615384615 0.43028846153846156 0.04927884615384615 0.11538461538461539
0 0.22956730769230768 0.5228365384615384 0.04807692307692308 0.11538461538461539
0 0.6009615384615384 0.15745192307692307 0.057692307692307696 0.09014423076923077
0 0.8918269230769231 0.04326923076923077 0.04326923076923077 0.0829326923076923
0 0.9711538461538461 0.31850961538461536 0.052884615384615384 0.12740384615384615
0 0.9639423076923077 0.6262019230769231 0.06610576923076923 0.11298076923076923
0 0.8317307692307693 0.5384615384615384 0.055288461538461536 0.10216346153846154