2 0.5336538461538461 0.515625 0.1971153846153846 0.19951923076923078
2 0.3641826923076923 0.36658653846153844 0.22355769230769232 0.3473557692307692
2 0.5204326923076923 0.12139423076923077 0.17427884615384615 0.2247596153846154
2 0.7295673076923077 0.13942307692307693 0.23076923076923078 0.25841346153846156
2 0.7596153846153846 0.3293269230769231 0.20072115384615385 0.2776442307692308
2 0.8449519230769231 0.5384615384615384 0.23557692307692307 0.27403846153846156
2 0.8112980769230769 0.7932692307692307 0.16947115384615385 0.2091346153846154
2 0.4879807692307692 0.7908653846153846 0.23076923076923078 0.4050480769230769
2 0.24158653846153846 0.5793269230769231 0.22716346153846154 0.29086538461538464
2 0.29086538461538464 0.8713942307692307 0.24519230769230768 0.2548076923076923
2 0.9338942307692307 0.28846153846153844 0.125 0.19591346153846154