2 0.4362980769230769 0.6153846153846154 0.28846153846153844 0.25961538461538464
2 0.4963942307692308 0.37259615384615385 0.1658653846153846 0.23798076923076922
2 0.6442307692307693 0.22235576923076922 0.23197115384615385 0.26802884615384615
2 0.7223557692307693 0.40024038461538464 0.17908653846153846 0.23557692307692307
2 0.41466346153846156 0.8449519230769231 0.421875 0.2860576923076923
2 0.5180288461538461 0.9230769230769231 0.30649038461538464 0.14903846153846154
2 0.16105769230769232 0.6634615384615384 0.16947115384615385 0.1658653846153846
2 0.8786057692307693 0.6875 0.140625 0.17307692307692307
2 0.7572115384615384 0.7451923076923077 0.1875 0.14302884615384615
2 0.8064903846153846 0.9242788461538461 0.21754807692307693 0.1466346153846154
2 0.8786057692307693 0.296875 0.15144230769230768 0.1814903846153846