0 0.5889423076923077 0.15985576923076922 0.2932692307692308 0.31971153846153844
0 0.8786057692307693 0.1141826923076923 0.24158653846153846 0.22716346153846154
0 0.8533653846153846 0.4026442307692308 0.29086538461538464 0.33774038461538464
0 0.6911057692307693 0.5877403846153846 0.140625 0.17908653846153846
0 0.8870192307692307 0.6790865384615384 0.17307692307692307 0.171875
0 0.8810096153846154 0.8954326923076923 0.23557692307692307 0.20793269230769232
0 0.6225961538461539 0.8221153846153846 0.2512019230769231 0.3401442307692308
0 0.375 0.8329326923076923 0.2548076923076923 0.3137019230769231
0 0.15625 0.6574519230769231 0.3125 0.2860576923076923
0 0.08774038461538461 0.8762019230769231 0.17548076923076922 0.20432692307692307
0 0.4579326923076923 0.46153846153846156 0.29927884615384615 0.2620192307692308
0 0.15625 0.3581730769230769 0.3125 0.27283653846153844
0 0.3245192307692308 0.12980769230769232 0.23798076923076922 0.25961538461538464
0 0.09975961538461539 0.10216346153846154 0.19951923076923078 0.20432692307692307