0 0.8653846153846154 0.16466346153846154 0.23557692307692307 0.29086538461538464
0 0.625 0.16346153846153846 0.19951923076923078 0.28125
0 0.375 0.15504807692307693 0.19951923076923078 0.265625
0 0.12980769230769232 0.140625 0.22596153846153846 0.2776442307692308
0 0.11658653846153846 0.48197115384615385 0.21514423076923078 0.28125
0 0.36538461538461536 0.4879807692307692 0.2127403846153846 0.25
0 0.6117788461538461 0.49038461538461536 0.21153846153846154 0.28966346153846156
0 0.8653846153846154 0.49038461538461536 0.21514423076923078 0.26322115384615385
0 0.8689903846153846 0.8076923076923077 0.22596153846153846 0.2956730769230769
0 0.6117788461538461 0.8149038461538461 0.21514423076923078 0.2932692307692308
0 0.36538461538461536 0.8221153846153846 0.1935096153846154 0.29086538461538464
0 0.11778846153846154 0.8004807692307693 0.23076923076923078 0.30288461538461536