2 0.5060096153846154 0.5204326923076923 0.20673076923076922 0.2091346153846154
2 0.3293269230769231 0.3641826923076923 0.23317307692307693 0.36177884615384615
2 0.49158653846153844 0.1141826923076923 0.18509615384615385 0.2283653846153846
2 0.7103365384615384 0.13221153846153846 0.24158653846153846 0.26322115384615385
2 0.7427884615384616 0.32572115384615385 0.2091346153846154 0.28966346153846156
2 0.8317307692307693 0.5432692307692307 0.24639423076923078 0.2860576923076923
2 0.796875 0.8100961538461539 0.17668269230769232 0.21875
2 0.45913461538461536 0.796875 0.24158653846153846 0.40384615384615385
2 0.20072115384615385 0.5865384615384616 0.23677884615384615 0.30408653846153844
2 0.2536057692307692 0.8786057692307693 0.25600961538461536 0.2403846153846154
2 0.9254807692307693 0.2824519230769231 0.1310096153846154 0.20432692307692307