2 0.5108173076923077 0.5180288461538461 0.20673076923076922 0.2091346153846154
2 0.33413461538461536 0.36177884615384615 0.23317307692307693 0.36177884615384615
2 0.4963942307692308 0.11298076923076923 0.18509615384615385 0.22596153846153846
2 0.7151442307692307 0.1310096153846154 0.24158653846153846 0.2608173076923077
2 0.7475961538461539 0.3233173076923077 0.2091346153846154 0.28966346153846156
2 0.8365384615384616 0.5408653846153846 0.24639423076923078 0.2860576923076923
2 0.8016826923076923 0.8076923076923077 0.17668269230769232 0.21875
2 0.4639423076923077 0.7956730769230769 0.24158653846153846 0.40625
2 0.20673076923076922 0.5841346153846154 0.23677884615384615 0.30408653846153844
2 0.25841346153846156 0.8774038461538461 0.25600961538461536 0.24278846153846154
2 0.9302884615384616 0.2800480769230769 0.1310096153846154 0.20432692307692307