0 0.5144230769230769 0.7475961538461539 0.11658653846153846 0.11538461538461539
0 0.3557692307692308 0.8401442307692307 0.11778846153846154 0.16466346153846154
0 0.7716346153846154 0.7716346153846154 0.12740384615384615 0.10216346153846154
0 0.8665865384615384 0.5685096153846154 0.09975961538461539 0.0673076923076923
0 0.9050480769230769 0.75 0.11177884615384616 0.1045673076923077
0 0.609375 0.8954326923076923 0.08413461538461539 0.11057692307692307
0 0.13581730769230768 0.9495192307692307 0.140625 0.09495192307692307
0 0.2776442307692308 0.9074519230769231 0.14302884615384615 0.15985576923076922
0 0.84375 0.8533653846153846 0.18990384615384615 0.18269230769230768
0 0.9579326923076923 0.4639423076923077 0.07932692307692307 0.10096153846153846
0 0.7884615384615384 0.6622596153846154 0.12139423076923077 0.06971153846153846