1 0.828125 0.18389423076923078 0.1935096153846154 0.23076923076923078
1 0.6057692307692307 0.16706730769230768 0.14182692307692307 0.2536057692307692
1 0.36538461538461536 0.16826923076923078 0.1622596153846154 0.3076923076923077
1 0.11778846153846154 0.19471153846153846 0.18990384615384615 0.24158653846153846
1 0.11899038461538461 0.49158653846153844 0.20192307692307693 0.22355769230769232
1 0.3786057692307692 0.4807692307692308 0.17908653846153846 0.19110576923076922
1 0.609375 0.5036057692307693 0.19471153846153846 0.28365384615384615
1 0.8629807692307693 0.5264423076923077 0.2127403846153846 0.2512019230769231
1 0.8966346153846154 0.828125 0.20072115384615385 0.2608173076923077
1 0.65625 0.8329326923076923 0.19110576923076922 0.24158653846153846
1 0.3762019230769231 0.8449519230769231 0.23076923076923078 0.25600961538461536
1 0.11177884615384616 0.859375 0.22115384615384615 0.2283653846153846