0 0.5853365384615384 0.7139423076923077 0.07451923076923077 0.18269230769230768
0 0.46153846153846156 0.6502403846153846 0.078125 0.1310096153846154
0 0.4254807692307692 0.46153846153846156 0.055288461538461536 0.10096153846153846
0 0.3701923076923077 0.41947115384615385 0.04567307692307692 0.12860576923076922
0 0.49278846153846156 0.28365384615384615 0.04447115384615385 0.08052884615384616
0 0.6418269230769231 0.49759615384615385 0.07451923076923077 0.10576923076923077
0 0.6634615384615384 0.6081730769230769 0.07572115384615384 0.11057692307692307
0 0.7259615384615384 0.7920673076923077 0.06129807692307692 0.11057692307692307
0 0.7668269230769231 0.9158653846153846 0.06610576923076923 0.15264423076923078
0 0.8389423076923077 0.6105769230769231 0.07211538461538461 0.1346153846153846
0 0.8737980769230769 0.4170673076923077 0.078125 0.10336538461538461
0 0.8016826923076923 0.38100961538461536 0.039663461538461536 0.10817307692307693
0 0.7451923076923077 0.359375 0.052884615384615384 0.09254807692307693
0 0.6911057692307693 0.31971153846153844 0.04807692307692308 0.12620192307692307
0 0.33413461538461536 0.5733173076923077 0.04447115384615385 0.11057692307692307
0 0.22355769230769232 0.48197115384615385 0.051682692307692304 0.09975961538461539
0 0.11899038461538461 0.43028846153846156 0.06009615384615385 0.13701923076923078
0 0.11778846153846154 0.7235576923076923 0.04326923076923077 0.12379807692307693
0 0.17668269230769232 0.6442307692307693 0.05048076923076923 0.1141826923076923
0 0.23317307692307693 0.6911057692307693 0.07091346153846154 0.10576923076923077
0 0.2956730769230769 0.734375 0.06370192307692307 0.09735576923076923
0 0.30288461538461536 0.8461538461538461 0.07932692307692307 0.12620192307692307
0 0.4254807692307692 0.828125 0.07932692307692307 0.12139423076923077
0 0.47836538461538464 0.8725961538461539 0.07932692307692307 0.12379807692307693
0 0.5612980769230769 0.921875 0.09254807692307693 0.12379807692307693
0 0.6057692307692307 0.8509615384615384 0.09014423076923077 0.09975961538461539
0 0.5480769230769231 0.5228365384615384 0.0625 0.10817307692307693
0 0.5612980769230769 0.17908653846153846 0.057692307692307696 0.11899038461538461
0 0.2860576923076923 0.13701923076923078 0.06129807692307692 0.06490384615384616
0 0.3004807692307692 0.2439903846153846 0.054086538461538464 0.07692307692307693
0 0.30408653846153844 0.3317307692307692 0.06850961538461539 0.07211538461538461
0 0.21033653846153846 0.27283653846153844 0.056490384615384616 0.10336538461538461
0 0.12139423076923077 0.16346153846153846 0.056490384615384616 0.09014423076923077
0 0.921875 0.20552884615384615 0.05889423076923077 0.08653846153846154
0 0.9146634615384616 0.6286057692307693 0.06610576923076923 0.1141826923076923
0 0.7644230769230769 0.5817307692307693 0.0733173076923077 0.10817307692307693
0 0.84375 0.7824519230769231 0.07692307692307693 0.15384615384615385