0 0.6983173076923077 0.28966346153846156 0.06610576923076923 0.1778846153846154
0 0.08173076923076923 0.8112980769230769 0.11298076923076923 0.13942307692307693
0 0.4651442307692308 0.7764423076923077 0.052884615384615384 0.11177884615384616
0 0.5264423076923077 0.8870192307692307 0.1045673076923077 0.0985576923076923
0 0.7764423076923077 0.9146634615384616 0.06971153846153846 0.16466346153846154
0 0.8365384615384616 0.36778846153846156 0.08774038461538461 0.16706730769230768
0 0.6478365384615384 0.5084134615384616 0.09254807692307693 0.1346153846153846
0 0.44350961538461536 0.49158653846153844 0.06610576923076923 0.15504807692307693
0 0.3545673076923077 0.21033653846153846 0.040865384615384616 0.08653846153846154
0 0.23197115384615385 0.18629807692307693 0.038461538461538464 0.1346153846153846
0 0.03485576923076923 0.28966346153846156 0.055288461538461536 0.10096153846153846
0 0.12980769230769232 0.4387019230769231 0.05048076923076923 0.11658653846153846
0 0.21875 0.5324519230769231 0.04927884615384615 0.11658653846153846
0 0.5949519230769231 0.1622596153846154 0.05889423076923077 0.09134615384615384
0 0.8918269230769231 0.046875 0.04447115384615385 0.08413461538461539
0 0.9711538461538461 0.32572115384615385 0.052884615384615384 0.13221153846153846
0 0.9639423076923077 0.6382211538461539 0.0673076923076923 0.1141826923076923
0 0.8305288461538461 0.5492788461538461 0.055288461538461536 0.1045673076923077