0 0.7620192307692307 0.6694711538461539 0.020432692307692308 0.3233173076923077
0 0.5913461538461539 0.45552884615384615 0.04927884615384615 0.31009615384615385
0 0.5204326923076923 0.46153846153846156 0.03245192307692308 0.3737980769230769
0 0.46274038461538464 0.46033653846153844 0.03245192307692308 0.28846153846153844
0 0.3858173076923077 0.4951923076923077 0.020432692307692308 0.20552884615384615
0 0.43028846153846156 0.42427884615384615 0.026442307692307692 0.22235576923076922
0 0.32211538461538464 0.5144230769230769 0.03245192307692308 0.15865384615384615
0 0.3473557692307692 0.7175480769230769 0.027644230769230768 0.15745192307692307
0 0.39663461538461536 0.7271634615384616 0.026442307692307692 0.1346153846153846
0 0.4230769230769231 0.7403846153846154 0.02403846153846154 0.11899038461538461
0 0.4483173076923077 0.7355769230769231 0.02403846153846154 0.12740384615384615
0 0.47475961538461536 0.7512019230769231 0.03125 0.09254807692307693
0 0.5 0.7632211538461539 0.028846153846153848 0.07091346153846154
0 0.6490384615384616 0.7055288461538461 0.038461538461538464 0.17067307692307693
0 0.6514423076923077 0.46153846153846156 0.025240384615384616 0.3016826923076923
0 0.6887019230769231 0.7019230769230769 0.018028846153846152 0.17067307692307693
0 0.7139423076923077 0.6430288461538461 0.025240384615384616 0.2848557692307692
0 0.7331730769230769 0.6382211538461539 0.02283653846153846 0.2644230769230769
0 0.5949519230769231 0.6995192307692307 0.036057692307692304 0.14783653846153846
0 0.5456730769230769 0.671875 0.021634615384615384 0.16466346153846154
0 0.7247596153846154 0.4495192307692308 0.025240384615384616 0.09254807692307693
0 0.6959134615384616 0.5036057692307693 0.015625 0.2127403846153846
0 0.6766826923076923 0.49038461538461536 0.020432692307692308 0.24759615384615385
0 0.35216346153846156 0.5096153846153846 0.027644230769230768 0.23197115384615385
0 0.3161057692307692 0.6911057692307693 0.025240384615384616 0.11778846153846154
0 0.2548076923076923 0.6418269230769231 0.020432692307692308 0.07572115384615384
0 0.2848557692307692 0.6502403846153846 0.02283653846153846 0.052884615384615384
0 0.26322115384615385 0.5649038461538461 0.019230769230769232 0.07091346153846154
0 0.34375 0.1935096153846154 0.026442307692307692 0.10216346153846154
0 0.3713942307692308 0.22115384615384615 0.016826923076923076 0.09014423076923077
0 0.3894230769230769 0.23197115384615385 0.016826923076923076 0.08653846153846154
0 0.2860576923076923 0.32572115384615385 0.021634615384615384 0.10096153846153846
0 0.22596153846153846 0.41586538461538464 0.018028846153846152 0.06850961538461539
0 0.30528846153846156 0.18028846153846154 0.02403846153846154 0.11538461538461539
0 0.3161057692307692 0.3425480769230769 0.028846153846153848 0.052884615384615384
0 0.42908653846153844 0.23918269230769232 0.025240384615384616 0.09615384615384616
0 0.45552884615384615 0.21875 0.025240384615384616 0.08052884615384616
0 0.5516826923076923 0.15985576923076922 0.02283653846153846 0.04567307692307692
0 0.5492788461538461 0.39903846153846156 0.027644230769230768 0.30408653846153844