1 0.18509615384615385 0.16466346153846154 0.1935096153846154 0.22956730769230768
1 0.40625 0.14783653846153846 0.14182692307692307 0.25240384615384615
1 0.6454326923076923 0.15144230769230768 0.1622596153846154 0.30288461538461536
1 0.8918269230769231 0.17427884615384615 0.18870192307692307 0.23918269230769232
1 0.890625 0.4699519230769231 0.20192307692307693 0.22235576923076922
1 0.6322115384615384 0.45913461538461536 0.1778846153846154 0.18990384615384615
1 0.4026442307692308 0.4807692307692308 0.1935096153846154 0.2824519230769231
1 0.1502403846153846 0.5048076923076923 0.21153846153846154 0.25
1 0.11658653846153846 0.8040865384615384 0.19951923076923078 0.25961538461538464
1 0.3557692307692308 0.8088942307692307 0.18990384615384615 0.2403846153846154
1 0.6346153846153846 0.8209134615384616 0.23076923076923078 0.2536057692307692
1 0.8930288461538461 0.8353365384615384 0.21153846153846154 0.22716346153846154