0 0.8665865384615384 0.16466346153846154 0.234375 0.28966346153846156
0 0.6274038461538461 0.16466346153846154 0.19831730769230768 0.2800480769230769
0 0.3786057692307692 0.15625 0.19831730769230768 0.2644230769230769
0 0.1346153846153846 0.14182692307692307 0.22596153846153846 0.2764423076923077
0 0.12139423076923077 0.4807692307692308 0.21394230769230768 0.2800480769230769
0 0.36899038461538464 0.48677884615384615 0.21153846153846154 0.24879807692307693
0 0.6141826923076923 0.4891826923076923 0.21033653846153846 0.28725961538461536
0 0.8665865384615384 0.49038461538461536 0.21394230769230768 0.2620192307692308
0 0.8713942307692307 0.8052884615384616 0.22596153846153846 0.2932692307692308
0 0.6141826923076923 0.8125 0.21394230769230768 0.2920673076923077
0 0.36899038461538464 0.8185096153846154 0.19230769230769232 0.28966346153846156
0 0.1201923076923077 0.796875 0.234375 0.2980769230769231