0 0.5276442307692307 0.75 0.11658653846153846 0.11538461538461539
0 0.3701923076923077 0.8425480769230769 0.11778846153846154 0.16466346153846154
0 0.7848557692307693 0.7740384615384616 0.12740384615384615 0.10216346153846154
0 0.8798076923076923 0.5709134615384616 0.09975961538461539 0.0673076923076923
0 0.9182692307692307 0.7524038461538461 0.11177884615384616 0.1045673076923077
0 0.6225961538461539 0.8978365384615384 0.08413461538461539 0.11057692307692307
0 0.14903846153846154 0.9507211538461539 0.140625 0.09254807692307693
0 0.29086538461538464 0.9098557692307693 0.14302884615384615 0.15985576923076922
0 0.8569711538461539 0.8557692307692307 0.18990384615384615 0.18269230769230768
0 0.9639423076923077 0.4675480769230769 0.0673076923076923 0.10336538461538461
0 0.8016826923076923 0.6646634615384616 0.12139423076923077 0.06971153846153846