0 0.5853365384615384 0.7211538461538461 0.07572115384615384 0.18389423076923078
0 0.46033653846153844 0.65625 0.07932692307692307 0.13221153846153846
0 0.42427884615384615 0.4675480769230769 0.055288461538461536 0.10216346153846154
0 0.36899038461538464 0.42427884615384615 0.046875 0.12860576923076922
0 0.49278846153846156 0.28846153846153844 0.04567307692307692 0.08052884615384616
0 0.6430288461538461 0.5036057692307693 0.07572115384615384 0.10576923076923077
0 0.6634615384615384 0.6153846153846154 0.07572115384615384 0.11177884615384616
0 0.7271634615384616 0.7992788461538461 0.06129807692307692 0.11177884615384616
0 0.7668269230769231 0.9230769230769231 0.0673076923076923 0.15264423076923078
0 0.8401442307692307 0.6165865384615384 0.0733173076923077 0.1346153846153846
0 0.875 0.421875 0.07932692307692307 0.1045673076923077
0 0.8028846153846154 0.3858173076923077 0.040865384615384616 0.10817307692307693
0 0.7463942307692307 0.36538461538461536 0.052884615384615384 0.09375
0 0.6911057692307693 0.3245192307692308 0.04807692307692308 0.12620192307692307
0 0.3329326923076923 0.5793269230769231 0.04567307692307692 0.11177884615384616
0 0.22115384615384615 0.4879807692307692 0.051682692307692304 0.10096153846153846
0 0.11658653846153846 0.4362980769230769 0.06009615384615385 0.13701923076923078
0 0.1141826923076923 0.7307692307692307 0.04447115384615385 0.12379807692307693
0 0.17427884615384615 0.6502403846153846 0.05048076923076923 0.1141826923076923
0 0.23076923076923078 0.6983173076923077 0.07211538461538461 0.10576923076923077
0 0.29447115384615385 0.7403846153846154 0.06370192307692307 0.0985576923076923
0 0.3016826923076923 0.8533653846153846 0.08052884615384616 0.12620192307692307
0 0.42427884615384615 0.8353365384615384 0.08052884615384616 0.12259615384615384
0 0.47716346153846156 0.8810096153846154 0.08052884615384616 0.12379807692307693
0 0.5612980769230769 0.9302884615384616 0.09254807692307693 0.125
0 0.6057692307692307 0.8581730769230769 0.09014423076923077 0.10096153846153846
0 0.5480769230769231 0.5288461538461539 0.0625 0.10817307692307693
0 0.5612980769230769 0.18389423076923078 0.057692307692307696 0.11899038461538461
0 0.28365384615384615 0.140625 0.06129807692307692 0.06490384615384616
0 0.29927884615384615 0.24879807692307693 0.054086538461538464 0.07692307692307693
0 0.30288461538461536 0.33653846153846156 0.06850961538461539 0.07211538461538461
0 0.2091346153846154 0.2776442307692308 0.056490384615384616 0.1045673076923077
0 0.11899038461538461 0.16706730769230768 0.056490384615384616 0.09134615384615384
0 0.9242788461538461 0.2091346153846154 0.05889423076923077 0.08774038461538461
0 0.9158653846153846 0.6346153846153846 0.06610576923076923 0.1141826923076923
0 0.7644230769230769 0.5877403846153846 0.0733173076923077 0.109375
0 0.8461538461538461 0.7896634615384616 0.07692307692307693 0.15504807692307693