0 0.41225961538461536 0.16466346153846154 0.2920673076923077 0.3293269230769231
0 0.12259615384615384 0.1201923076923077 0.2403846153846154 0.2403846153846154
0 0.14543269230769232 0.41466346153846156 0.28966346153846156 0.3389423076923077
0 0.3076923076923077 0.6009615384615384 0.140625 0.18028846153846154
0 0.11177884615384616 0.6923076923076923 0.17307692307692307 0.17307692307692307
0 0.11778846153846154 0.9026442307692307 0.234375 0.19230769230769232
0 0.3762019230769231 0.8329326923076923 0.2536057692307692 0.3329326923076923
0 0.625 0.8449519230769231 0.25600961538461536 0.3088942307692308
0 0.8425480769230769 0.6730769230769231 0.31009615384615385 0.2932692307692308
0 0.9122596153846154 0.8894230769230769 0.17067307692307693 0.20673076923076922
0 0.5420673076923077 0.47475961538461536 0.3004807692307692 0.26322115384615385
0 0.8425480769230769 0.37259615384615385 0.31009615384615385 0.27884615384615385
0 0.6766826923076923 0.13581730769230768 0.23798076923076922 0.26802884615384615
0 0.9002403846153846 0.10817307692307693 0.19471153846153846 0.21634615384615385