1 0.18269230769230768 0.18269230769230768 0.1875 0.22235576923076922
1 0.39663461538461536 0.16706730769230768 0.13701923076923078 0.2439903846153846
1 0.6286057692307693 0.16706730769230768 0.15625 0.296875
1 0.8677884615384616 0.19230769230769232 0.18269230769230768 0.23197115384615385
1 0.8665865384615384 0.47836538461538464 0.19471153846153846 0.21514423076923078
1 0.6165865384615384 0.46875 0.17307692307692307 0.18389423076923078
1 0.3942307692307692 0.49038461538461536 0.1875 0.27403846153846156
1 0.14903846153846154 0.5120192307692307 0.20552884615384615 0.24278846153846154
1 0.11658653846153846 0.8028846153846154 0.1935096153846154 0.2512019230769231
1 0.3485576923076923 0.8076923076923077 0.18389423076923078 0.23317307692307693
1 0.6189903846153846 0.8197115384615384 0.22355769230769232 0.24639423076923078
1 0.8774038461538461 0.8329326923076923 0.21995192307692307 0.21875