0 0.4074519230769231 0.17307692307692307 0.28365384615384615 0.3293269230769231
0 0.12139423076923077 0.12860576923076922 0.23918269230769232 0.2403846153846154
0 0.14423076923076922 0.421875 0.28725961538461536 0.33052884615384615
0 0.30528846153846156 0.6021634615384616 0.13701923076923078 0.17548076923076922
0 0.1141826923076923 0.6911057692307693 0.16947115384615385 0.16826923076923078
0 0.11899038461538461 0.9002403846153846 0.23317307692307693 0.1971153846153846
0 0.37259615384615385 0.8317307692307693 0.24639423076923078 0.3329326923076923
0 0.6153846153846154 0.84375 0.24879807692307693 0.3076923076923077
0 0.8365384615384616 0.671875 0.32211538461538464 0.2860576923076923
0 0.8990384615384616 0.8822115384615384 0.171875 0.1971153846153846
0 0.5336538461538461 0.4795673076923077 0.2932692307692308 0.25600961538461536
0 0.8365384615384616 0.37740384615384615 0.3173076923076923 0.265625
0 0.6658653846153846 0.1502403846153846 0.23197115384615385 0.2608173076923077
0 0.8894230769230769 0.12139423076923077 0.20072115384615385 0.20673076923076922