0 0.47836538461538464 0.7451923076923077 0.11538461538461539 0.1141826923076923
0 0.6358173076923077 0.8365384615384616 0.11658653846153846 0.16346153846153846
0 0.2247596153846154 0.7680288461538461 0.12620192307692307 0.10096153846153846
0 0.12980769230769232 0.5685096153846154 0.0985576923076923 0.0673076923076923
0 0.09254807692307693 0.7475961538461539 0.11057692307692307 0.10336538461538461
0 0.3858173076923077 0.890625 0.08413461538461539 0.109375
0 0.8545673076923077 0.9483173076923077 0.13942307692307693 0.0985576923076923
0 0.7139423076923077 0.9038461538461539 0.14182692307692307 0.15865384615384615
0 0.15264423076923078 0.8497596153846154 0.1875 0.18028846153846154
0 0.040865384615384616 0.4651442307692308 0.08052884615384616 0.0985576923076923
0 0.20793269230769232 0.6610576923076923 0.1201923076923077 0.06971153846153846