3 0.8677884615384616 0.1502403846153846 0.15264423076923078 0.23918269230769232
3 0.6550480769230769 0.1466346153846154 0.20552884615384615 0.28125
3 0.39903846153846156 0.17908653846153846 0.22235576923076922 0.28725961538461536
3 0.13942307692307693 0.17908653846153846 0.23197115384615385 0.29927884615384615
3 0.14423076923076922 0.5180288461538461 0.24158653846153846 0.2932692307692308
3 0.3858173076923077 0.5120192307692307 0.2283653846153846 0.23317307692307693
3 0.6358173076923077 0.5060096153846154 0.19230769230769232 0.24519230769230768
3 0.8737980769230769 0.5120192307692307 0.24519230769230768 0.2932692307692308
3 0.8762019230769231 0.8293269230769231 0.2091346153846154 0.23317307692307693
3 0.6478365384615384 0.8209134615384616 0.17548076923076922 0.2512019230769231
3 0.39903846153846156 0.8329326923076923 0.26802884615384615 0.26322115384615385
3 0.14423076923076922 0.796875 0.20192307692307693 0.26322115384615385