4 0.10576923076923077 0.13701923076923078 0.21153846153846154 0.27403846153846156
4 0.36538461538461536 0.12860576923076922 0.2548076923076923 0.25721153846153844
4 0.6286057692307693 0.1201923076923077 0.2283653846153846 0.2403846153846154
4 0.8774038461538461 0.13942307692307693 0.23798076923076922 0.2776442307692308
4 0.08533653846153846 0.4170673076923077 0.17067307692307693 0.19951923076923078
4 0.2956730769230769 0.3918269230769231 0.21033653846153846 0.21634615384615385
4 0.5084134615384616 0.3858173076923077 0.15865384615384615 0.2283653846153846
4 0.7163461538461539 0.38341346153846156 0.21033653846153846 0.21153846153846154
4 0.9206730769230769 0.3942307692307692 0.1502403846153846 0.19951923076923078
4 0.8966346153846154 0.6586538461538461 0.19831730769230768 0.25
4 0.7007211538461539 0.6394230769230769 0.20192307692307693 0.19951923076923078
4 0.47596153846153844 0.6358173076923077 0.21394230769230768 0.2283653846153846
4 0.2620192307692308 0.6442307692307693 0.19831730769230768 0.21153846153846154
4 0.07572115384615384 0.6610576923076923 0.1502403846153846 0.19951923076923078
4 0.08533653846153846 0.8942307692307693 0.17067307692307693 0.19951923076923078
4 0.2860576923076923 0.8858173076923077 0.18990384615384615 0.21634615384615385
4 0.4795673076923077 0.8858173076923077 0.1502403846153846 0.21634615384615385
4 0.7043269230769231 0.8834134615384616 0.22596153846153846 0.22235576923076922
4 0.9206730769230769 0.9086538461538461 0.1502403846153846 0.171875