3 0.4699519230769231 0.24158653846153846 0.11778846153846154 0.10336538461538461
3 0.5228365384615384 0.47836538461538464 0.09375 0.15264423076923078
3 0.5625 0.6442307692307693 0.07692307692307693 0.1466346153846154
3 0.7764423076923077 0.35336538461538464 0.0889423076923077 0.11899038461538461
3 0.8052884615384616 0.5564903846153846 0.0889423076923077 0.1141826923076923
3 0.6466346153846154 0.39903846153846156 0.0733173076923077 0.15745192307692307
3 0.39783653846153844 0.5564903846153846 0.10576923076923077 0.1141826923076923
3 0.3173076923076923 0.36658653846153844 0.09735576923076923 0.16826923076923078
3 0.23557692307692307 0.7331730769230769 0.1141826923076923 0.17427884615384615
3 0.6117788461538461 0.8016826923076923 0.10216346153846154 0.1141826923076923
3 0.6814903846153846 0.625 0.06850961538461539 0.10817307692307693
3 0.9230769230769231 0.31009615384615385 0.0889423076923077 0.10817307692307693
3 0.7860576923076923 0.16826923076923078 0.12620192307692307 0.1310096153846154
3 0.6177884615384616 0.040865384615384616 0.1141826923076923 0.08173076923076923
3 0.7704326923076923 0.9435096153846154 0.109375 0.10336538461538461