3 0.3629807692307692 0.40384615384615385 0.109375 0.19230769230769232
3 0.2127403846153846 0.8930288461538461 0.16826923076923078 0.19230769230769232
3 0.6682692307692307 0.28846153846153844 0.10096153846153846 0.140625
3 0.609375 0.0889423076923077 0.109375 0.14543269230769232
3 0.5372596153846154 0.45552884615384615 0.10576923076923077 0.16105769230769232
3 0.7127403846153846 0.5072115384615384 0.09014423076923077 0.0985576923076923
3 0.671875 0.8197115384615384 0.09375 0.1201923076923077
3 0.9122596153846154 0.5360576923076923 0.05889423076923077 0.1141826923076923
3 0.8365384615384616 0.29927884615384615 0.11778846153846154 0.0985576923076923
3 0.25240384615384615 0.13221153846153846 0.09735576923076923 0.15144230769230768
3 0.12139423076923077 0.359375 0.06971153846153846 0.1045673076923077
3 0.203125 0.42427884615384615 0.08653846153846154 0.0889423076923077
3 0.20673076923076922 0.5384615384615384 0.10096153846153846 0.109375
3 0.3125 0.6947115384615384 0.08653846153846154 0.171875
3 0.5552884615384616 0.7475961538461539 0.08653846153846154 0.1201923076923077
3 0.5036057692307693 0.29447115384615385 0.06971153846153846 0.0985576923076923
3 0.375 0.07572115384615384 0.109375 0.12980769230769232
3 0.5 0.14302884615384615 0.0625 0.0889423076923077