4 0.8413461538461539 0.703125 0.3088942307692308 0.5841346153846154
4 0.5612980769230769 0.5588942307692307 0.29927884615384615 0.359375
4 0.5564903846153846 0.8413461538461539 0.33653846153846156 0.3088942307692308
4 0.2800480769230769 0.8040865384615384 0.2620192307692308 0.38341346153846156
4 0.35697115384615385 0.43028846153846156 0.20072115384615385 0.25240384615384615
4 0.5420673076923077 0.296875 0.2247596153846154 0.2668269230769231
4 0.7800480769230769 0.3317307692307692 0.3173076923076923 0.25240384615384615
4 0.13581730769230768 0.5048076923076923 0.2704326923076923 0.2704326923076923
4 0.10817307692307693 0.828125 0.21634615384615385 0.3293269230769231
4 0.4951923076923077 0.14302884615384615 0.23317307692307693 0.19110576923076922
4 0.6935096153846154 0.14543269230769232 0.22956730769230768 0.23317307692307693