3 0.25721153846153844 0.3245192307692308 0.04807692307692308 0.07211538461538461
3 0.12980769230769232 0.4110576923076923 0.06610576923076923 0.0889423076923077
3 0.5180288461538461 0.4807692307692308 0.04447115384615385 0.0829326923076923
3 0.6610576923076923 0.1778846153846154 0.078125 0.078125
3 0.31850961538461536 0.06129807692307692 0.051682692307692304 0.04447115384615385
3 0.4855769230769231 0.7355769230769231 0.08173076923076923 0.10576923076923077
3 0.6574519230769231 0.5889423076923077 0.055288461538461536 0.09975961538461539
3 0.7295673076923077 0.44711538461538464 0.04447115384615385 0.11658653846153846
3 0.921875 0.23557692307692307 0.051682692307692304 0.0829326923076923
3 0.8557692307692307 0.828125 0.05889423076923077 0.078125
3 0.7800480769230769 0.8389423076923077 0.055288461538461536 0.0889423076923077
3 0.7151442307692307 0.8161057692307693 0.051682692307692304 0.0889423076923077
3 0.6069711538461539 0.75 0.05889423076923077 0.09975961538461539
3 0.4014423076923077 0.5360576923076923 0.0625 0.0829326923076923
3 0.42908653846153844 0.28846153846153844 0.037259615384615384 0.078125
3 0.42908653846153844 0.18028846153846154 0.037259615384615384 0.07211538461538461
3 0.3317307692307692 0.18870192307692307 0.04807692307692308 0.0889423076923077