3 0.47115384615384615 0.7920673076923077 0.15144230769230768 0.10336538461538461
3 0.5348557692307693 0.6935096153846154 0.12740384615384615 0.09375
3 0.6694711538461539 0.59375 0.16947115384615385 0.08533653846153846
3 0.2668269230769231 0.6670673076923077 0.13701923076923078 0.10817307692307693
3 0.15985576923076922 0.4579326923076923 0.10336538461538461 0.11298076923076923
3 0.0829326923076923 0.3918269230769231 0.0985576923076923 0.12259615384615384
3 0.3088942307692308 0.2668269230769231 0.12740384615384615 0.0985576923076923
3 0.453125 0.21514423076923078 0.14182692307692307 0.0985576923076923
3 0.5685096153846154 0.2668269230769231 0.1466346153846154 0.09014423076923077
3 0.7524038461538461 0.2848557692307692 0.11778846153846154 0.09014423076923077
3 0.796875 0.3918269230769231 0.10336538461538461 0.08533653846153846
3 0.7668269230769231 0.4651442307692308 0.15625 0.07091346153846154
3 0.453125 0.3918269230769231 0.22596153846153846 0.11298076923076923
3 0.3798076923076923 0.5048076923076923 0.0985576923076923 0.06610576923076923
3 0.3870192307692308 0.578125 0.11298076923076923 0.09014423076923077