3 0.46274038461538464 0.39783653846153844 0.15985576923076922 0.21995192307692307
3 0.23918269230769232 0.11778846153846154 0.18028846153846154 0.14783653846153846
3 0.8942307692307693 0.5829326923076923 0.20673076923076922 0.18509615384615385
3 0.9038461538461539 0.34975961538461536 0.17067307692307693 0.171875
3 0.3798076923076923 0.18028846153846154 0.18629807692307693 0.15144230769230768
3 0.20192307692307693 0.5661057692307693 0.2127403846153846 0.12379807692307693
3 0.140625 0.8365384615384616 0.21754807692307693 0.12740384615384615
3 0.5372596153846154 0.7560096153846154 0.234375 0.13581730769230768
3 0.4495192307692308 0.6382211538461539 0.12259615384615384 0.12379807692307693
3 0.6430288461538461 0.5336538461538461 0.13822115384615385 0.13221153846153846
3 0.6382211538461539 0.41346153846153844 0.15985576923076922 0.12379807692307693
3 0.734375 0.8016826923076923 0.12740384615384615 0.14783653846153846
3 0.07451923076923077 0.40384615384615385 0.13822115384615385 0.1201923076923077