3 0.7439903846153846 0.33774038461538464 0.04927884615384615 0.0733173076923077
3 0.875 0.4266826923076923 0.06850961538461539 0.09134615384615384
3 0.47716346153846156 0.49759615384615385 0.04567307692307692 0.08533653846153846
3 0.3317307692307692 0.1875 0.07932692307692307 0.07932692307692307
3 0.6814903846153846 0.06850961538461539 0.052884615384615384 0.04567307692307692
3 0.5108173076923077 0.7584134615384616 0.0829326923076923 0.10817307692307693
3 0.33533653846153844 0.6081730769230769 0.056490384615384616 0.10216346153846154
3 0.2608173076923077 0.46274038461538464 0.04567307692307692 0.11899038461538461
3 0.06490384615384616 0.24759615384615385 0.052884615384615384 0.08533653846153846
3 0.13221153846153846 0.8521634615384616 0.06009615384615385 0.07932692307692307
3 0.21033653846153846 0.8641826923076923 0.056490384615384616 0.09134615384615384
3 0.2764423076923077 0.8413461538461539 0.052884615384615384 0.09134615384615384
3 0.3858173076923077 0.7728365384615384 0.06009615384615385 0.10216346153846154
3 0.5961538461538461 0.5540865384615384 0.06490384615384616 0.08533653846153846
3 0.5685096153846154 0.3016826923076923 0.038461538461538464 0.07932692307692307
3 0.5685096153846154 0.18990384615384615 0.038461538461538464 0.0733173076923077
3 0.6682692307692307 0.19831730769230768 0.04927884615384615 0.09134615384615384