3 0.8786057692307693 0.18870192307692307 0.23798076923076922 0.37740384615384615
3 0.6021634615384616 0.14783653846153846 0.28846153846153844 0.2848557692307692
3 0.32211538461538464 0.15745192307692307 0.234375 0.26802884615384615
3 0.09615384615384616 0.171875 0.18509615384615385 0.31971153846153844
3 0.1310096153846154 0.5180288461538461 0.2536057692307692 0.38341346153846156
3 0.40865384615384615 0.4879807692307692 0.265625 0.3605769230769231
3 0.6586538461538461 0.44711538461538464 0.234375 0.33774038461538464
3 0.8725961538461539 0.5084134615384616 0.2536057692307692 0.36658653846153844
3 0.8774038461538461 0.8185096153846154 0.24519230769230768 0.3581730769230769
3 0.6081730769230769 0.8317307692307693 0.23918269230769232 0.32572115384615385
3 0.3425480769230769 0.8341346153846154 0.2920673076923077 0.31971153846153844
3 0.09134615384615384 0.8689903846153846 0.17427884615384615 0.25