3 0.5036057692307693 0.49158653846153844 0.14302884615384615 0.15384615384615385
3 0.11057692307692307 0.5420673076923077 0.20673076923076922 0.2548076923076923
3 0.75 0.6887019230769231 0.1502403846153846 0.1971153846153846
3 0.6334134615384616 0.9014423076923077 0.19471153846153846 0.15384615384615385
3 0.4567307692307692 0.8269230769230769 0.18990384615384615 0.21754807692307693
3 0.10697115384615384 0.8990384615384616 0.12740384615384615 0.15985576923076922
3 0.24639423076923078 0.9074519230769231 0.18990384615384615 0.17548076923076922
3 0.7536057692307693 0.47115384615384615 0.11057692307692307 0.17548076923076922
3 0.6826923076923077 0.3858173076923077 0.12740384615384615 0.16466346153846154
3 0.5144230769230769 0.24519230769230768 0.1310096153846154 0.17067307692307693
3 0.35336538461538464 0.2824519230769231 0.12740384615384615 0.15985576923076922
3 0.34975961538461536 0.48677884615384615 0.20673076923076922 0.16466346153846154