3 0.4795673076923077 0.4651442307692308 0.14302884615384615 0.15384615384615385
3 0.8725961538461539 0.515625 0.20673076923076922 0.2548076923076923
3 0.234375 0.6622596153846154 0.1502403846153846 0.1971153846153846
3 0.35096153846153844 0.875 0.19471153846153846 0.15384615384615385
3 0.5276442307692307 0.8004807692307693 0.18990384615384615 0.21754807692307693
3 0.8774038461538461 0.8725961538461539 0.12740384615384615 0.15985576923076922
3 0.7355769230769231 0.8930288461538461 0.18629807692307693 0.20192307692307693
3 0.22956730769230768 0.44471153846153844 0.11057692307692307 0.17548076923076922
3 0.3016826923076923 0.359375 0.12740384615384615 0.16466346153846154
3 0.4699519230769231 0.21754807692307693 0.1310096153846154 0.17067307692307693
3 0.6310096153846154 0.2548076923076923 0.12740384615384615 0.15985576923076922
3 0.6346153846153846 0.46033653846153844 0.20673076923076922 0.16466346153846154