4 0.8125 0.4182692307692308 0.19471153846153846 0.11298076923076923
4 0.8497596153846154 0.5588942307692307 0.16947115384615385 0.13341346153846154
4 0.625 0.7127403846153846 0.1201923076923077 0.125
4 0.4951923076923077 0.6766826923076923 0.13942307692307693 0.1622596153846154
4 0.22956730769230768 0.3329326923076923 0.21033653846153846 0.19110576923076922
4 0.10216346153846154 0.3918269230769231 0.16466346153846154 0.125
4 0.23798076923076922 0.5252403846153846 0.21514423076923078 0.14182692307692307
4 0.49278846153846156 0.23798076923076922 0.17548076923076922 0.1502403846153846
4 0.7728365384615384 0.11057692307692307 0.21514423076923078 0.19591346153846154
4 0.8449519230769231 0.25841346153846156 0.13942307692307693 0.1502403846153846
4 0.7199519230769231 0.28725961538461536 0.16947115384615385 0.14182692307692307
4 0.3125 0.6959134615384616 0.14543269230769232 0.125
4 0.48197115384615385 0.47115384615384615 0.125 0.09975961538461539
4 0.44711538461538464 0.9266826923076923 0.17548076923076922 0.13701923076923078
4 0.3629807692307692 0.8786057692307693 0.16466346153846154 0.17548076923076922