3 0.6201923076923077 0.2920673076923077 0.08052884615384616 0.08533653846153846
3 0.6177884615384616 0.5420673076923077 0.07572115384615384 0.09375
3 0.453125 0.5096153846153846 0.10336538461538461 0.08533653846153846
3 0.42427884615384615 0.37740384615384615 0.09375 0.11298076923076923
3 0.2824519230769231 0.296875 0.12259615384615384 0.07572115384615384
3 0.19110576923076922 0.47115384615384615 0.09014423076923077 0.09375
3 0.3918269230769231 0.6622596153846154 0.10336538461538461 0.08052884615384616
3 0.46875 0.84375 0.10817307692307693 0.09375
3 0.8040865384615384 0.5961538461538461 0.10817307692307693 0.08052884615384616
3 0.8112980769230769 0.1935096153846154 0.13221153846153846 0.12259615384615384
3 0.5396634615384616 0.0829326923076923 0.12740384615384615 0.09014423076923077
3 0.17668269230769232 0.09375 0.07091346153846154 0.07572115384615384
3 0.02403846153846154 0.2920673076923077 0.037259615384615384 0.09375
3 0.8485576923076923 0.7896634615384616 0.06610576923076923 0.08052884615384616
3 0.828125 0.41466346153846156 0.09014423076923077 0.09375
3 0.9362980769230769 0.5757211538461539 0.09014423076923077 0.11298076923076923
3 0.25240384615384615 0.7475961538461539 0.09014423076923077 0.08052884615384616
3 0.11778846153846154 0.6322115384615384 0.07572115384615384 0.08533653846153846
3 0.07572115384615384 0.8040865384615384 0.11298076923076923 0.08052884615384616
3 0.6177884615384616 0.4170673076923077 0.10336538461538461 0.07091346153846154
3 0.46033653846153844 0.22596153846153846 0.08052884615384616 0.11298076923076923