4 0.5901442307692307 0.19591346153846154 0.0985576923076923 0.16346153846153846
4 0.5721153846153846 0.6057692307692307 0.11057692307692307 0.1466346153846154
4 0.2668269230769231 0.6382211538461539 0.1141826923076923 0.15745192307692307
4 0.15745192307692307 0.6742788461538461 0.13581730769230768 0.1310096153846154
4 0.4362980769230769 0.7199519230769231 0.10216346153846154 0.1141826923076923
4 0.44471153846153844 0.5625 0.08653846153846154 0.125
4 0.8545673076923077 0.37259615384615385 0.11899038461538461 0.13581730769230768
4 0.7704326923076923 0.18509615384615385 0.0733173076923077 0.10817307692307693
4 0.7379807692307693 0.1141826923076923 0.08173076923076923 0.16346153846153846
4 0.4675480769230769 0.1466346153846154 0.12259615384615384 0.1310096153846154
4 0.2704326923076923 0.1310096153846154 0.08173076923076923 0.16346153846153846
4 0.18389423076923078 0.38341346153846156 0.0985576923076923 0.18990384615384615
4 0.8665865384615384 0.6526442307692307 0.12740384615384615 0.11899038461538461
4 0.7115384615384616 0.5300480769230769 0.11057692307692307 0.1141826923076923
4 0.6742788461538461 0.7223557692307693 0.09375 0.14182692307692307