3 0.6430288461538461 0.26322115384615385 0.1502403846153846 0.19110576923076922
3 0.7043269230769231 0.5973557692307693 0.31850961538461536 0.20432692307692307
3 0.1201923076923077 0.6983173076923077 0.23197115384615385 0.16826923076923078
3 0.34975961538461536 0.65625 0.24519230769230768 0.18629807692307693
3 0.34975961538461536 0.20673076923076922 0.21875 0.22235576923076922
3 0.36538461538461536 0.47716346153846156 0.12259615384615384 0.16346153846153846
3 0.8485576923076923 0.2848557692307692 0.2980769230769231 0.16105769230769232
3 0.9050480769230769 0.4254807692307692 0.17307692307692307 0.20432692307692307
3 0.8317307692307693 0.8317307692307693 0.19951923076923078 0.13581730769230768
3 0.5612980769230769 0.7980769230769231 0.1502403846153846 0.1141826923076923
3 0.5024038461538461 0.9362980769230769 0.18629807692307693 0.11778846153846154
3 0.3233173076923077 0.8341346153846154 0.23677884615384615 0.25
3 0.5336538461538461 0.13581730769230768 0.15865384615384615 0.19110576923076922
3 0.14543269230769232 0.12259615384615384 0.28125 0.22716346153846154
3 0.859375 0.12740384615384615 0.23677884615384615 0.15504807692307693
3 0.5661057692307693 0.3954326923076923 0.21394230769230768 0.14543269230769232
3 0.18870192307692307 0.4495192307692308 0.26802884615384615 0.1814903846153846
3 0.6526442307692307 0.7391826923076923 0.140625 0.13221153846153846