3 0.38461538461538464 0.3016826923076923 0.07692307692307693 0.08052884615384616
3 0.3870192307692308 0.5408653846153846 0.07211538461538461 0.09014423076923077
3 0.5444711538461539 0.5084134615384616 0.0985576923076923 0.08052884615384616
3 0.5721153846153846 0.38341346153846156 0.09014423076923077 0.10817307692307693
3 0.7067307692307693 0.30649038461538464 0.11658653846153846 0.07211538461538461
3 0.7944711538461539 0.4735576923076923 0.08533653846153846 0.09014423076923077
3 0.6033653846153846 0.6550480769230769 0.0985576923076923 0.07692307692307693
3 0.5288461538461539 0.8293269230769231 0.10336538461538461 0.09014423076923077
3 0.2091346153846154 0.5925480769230769 0.10336538461538461 0.07692307692307693
3 0.203125 0.20673076923076922 0.12620192307692307 0.11658653846153846
3 0.46153846153846156 0.10096153846153846 0.12139423076923077 0.08533653846153846
3 0.8088942307692307 0.11298076923076923 0.0673076923076923 0.07211538461538461
3 0.9663461538461539 0.3016826923076923 0.05889423076923077 0.09014423076923077
3 0.16706730769230768 0.7764423076923077 0.0625 0.07692307692307693
3 0.1875 0.41947115384615385 0.08533653846153846 0.09014423076923077
3 0.0829326923076923 0.5721153846153846 0.08533653846153846 0.10817307692307693
3 0.7367788461538461 0.7367788461538461 0.08533653846153846 0.07692307692307693
3 0.8653846153846154 0.6262019230769231 0.07211538461538461 0.08052884615384616
3 0.9050480769230769 0.7908653846153846 0.10817307692307693 0.07692307692307693
3 0.3870192307692308 0.4206730769230769 0.0985576923076923 0.0673076923076923
3 0.5384615384615384 0.23918269230769232 0.07692307692307693 0.10817307692307693