3 0.234375 0.3076923076923077 0.04927884615384615 0.07451923076923077
3 0.10336538461538461 0.39663461538461536 0.06850961538461539 0.09254807692307693
3 0.5036057692307693 0.46875 0.04567307692307692 0.08653846153846154
3 0.6502403846153846 0.15504807692307693 0.08052884615384616 0.08052884615384616
3 0.2980769230769231 0.03485576923076923 0.052884615384615384 0.04567307692307692
3 0.4699519230769231 0.7331730769230769 0.08413461538461539 0.109375
3 0.6466346153846154 0.5805288461538461 0.057692307692307696 0.10336538461538461
3 0.7211538461538461 0.4338942307692308 0.04567307692307692 0.1201923076923077
3 0.9194711538461539 0.21514423076923078 0.052884615384615384 0.08653846153846154
3 0.8509615384615384 0.828125 0.06129807692307692 0.08052884615384616
3 0.7728365384615384 0.8389423076923077 0.057692307692307696 0.09254807692307693
3 0.7055288461538461 0.8161057692307693 0.052884615384615384 0.09254807692307693
3 0.5949519230769231 0.7475961538461539 0.06129807692307692 0.10336538461538461
3 0.38341346153846156 0.5264423076923077 0.06490384615384616 0.08653846153846154
3 0.41225961538461536 0.2704326923076923 0.038461538461538464 0.08052884615384616
3 0.41225961538461536 0.15745192307692307 0.038461538461538464 0.07451923076923077
3 0.3112980769230769 0.16706730769230768 0.04927884615384615 0.09254807692307693