3 0.5576923076923077 0.41346153846153844 0.17908653846153846 0.20552884615384615
3 0.6310096153846154 0.5360576923076923 0.22716346153846154 0.2127403846153846
3 0.7223557692307693 0.18870192307692307 0.2403846153846154 0.18629807692307693
3 0.36778846153846156 0.13822115384615385 0.2848557692307692 0.21875
3 0.1346153846153846 0.296875 0.20192307692307693 0.23677884615384615
3 0.06129807692307692 0.5336538461538461 0.12259615384615384 0.29447115384615385
3 0.09375 0.6634615384615384 0.1875 0.23076923076923078
3 0.33774038461538464 0.7007211538461539 0.2247596153846154 0.1502403846153846
3 0.6478365384615384 0.8665865384615384 0.18990384615384615 0.203125
3 0.8473557692307693 0.75 0.2548076923076923 0.28966346153846156
3 0.9483173076923077 0.7788461538461539 0.10096153846153846 0.3004807692307692
3 0.9242788461538461 0.42908653846153844 0.14903846153846154 0.12620192307692307
3 0.7896634615384616 0.4855769230769231 0.13942307692307693 0.2127403846153846
3 0.9591346153846154 0.11298076923076923 0.078125 0.12139423076923077