4 0.671875 0.4495192307692308 0.1971153846153846 0.19230769230769232
4 0.6165865384615384 0.6875 0.20673076923076922 0.20192307692307693
4 0.3233173076923077 0.5528846153846154 0.20673076923076922 0.16947115384615385
4 0.078125 0.5456730769230769 0.1466346153846154 0.19230769230769232
4 0.21995192307692307 0.8509615384615384 0.11057692307692307 0.17908653846153846
4 0.7019230769230769 0.8389423076923077 0.15625 0.15625
4 0.49759615384615385 0.3076923076923077 0.17908653846153846 0.1466346153846154
4 0.46274038461538464 0.3858173076923077 0.11057692307692307 0.13701923076923078
4 0.2956730769230769 0.2403846153846154 0.13341346153846154 0.13341346153846154
4 0.59375 0.15144230769230768 0.16947115384615385 0.15625
4 0.9086538461538461 0.41225961538461536 0.1778846153846154 0.18509615384615385