4 0.6935096153846154 0.43509615384615385 0.20072115384615385 0.19591346153846154
4 0.6382211538461539 0.6778846153846154 0.21033653846153846 0.20552884615384615
4 0.3389423076923077 0.5396634615384616 0.21033653846153846 0.17307692307692307
4 0.08413461538461539 0.5324519230769231 0.15865384615384615 0.19591346153846154
4 0.23317307692307693 0.84375 0.11177884615384616 0.18269230769230768
4 0.7247596153846154 0.8317307692307693 0.15865384615384615 0.15865384615384615
4 0.5168269230769231 0.28966346153846156 0.18269230769230768 0.14903846153846154
4 0.4807692307692308 0.36899038461538464 0.11177884615384616 0.140625
4 0.3112980769230769 0.22235576923076922 0.13581730769230768 0.13581730769230768
4 0.6141826923076923 0.1310096153846154 0.17307692307692307 0.15865384615384615
4 0.921875 0.3954326923076923 0.15144230769230768 0.18509615384615385