3 0.12740384615384615 0.17548076923076922 0.2536057692307692 0.35096153846153844
3 0.41466346153846156 0.13822115384615385 0.2920673076923077 0.2764423076923077
3 0.6935096153846154 0.13822115384615385 0.234375 0.2644230769230769
3 0.9110576923076923 0.15504807692307693 0.17067307692307693 0.31009615384615385
3 0.8774038461538461 0.49759615384615385 0.23918269230769232 0.38461538461538464
3 0.6057692307692307 0.4651442307692308 0.265625 0.3557692307692308
3 0.3557692307692308 0.4254807692307692 0.234375 0.3329326923076923
3 0.1346153846153846 0.4855769230769231 0.2692307692307692 0.36177884615384615
3 0.12860576923076922 0.7932692307692307 0.25721153846153844 0.3557692307692308
3 0.4050480769230769 0.8100961538461539 0.234375 0.3329326923076923
3 0.671875 0.8076923076923077 0.2920673076923077 0.3161057692307692
3 0.9170673076923077 0.8509615384615384 0.15865384615384615 0.2644230769230769