4 0.16346153846153846 0.6959134615384616 0.31850961538461536 0.5997596153846154
4 0.44591346153846156 0.5384615384615384 0.29086538461538464 0.34975961538461536
4 0.4495192307692308 0.8293269230769231 0.3269230769230769 0.3317307692307692
4 0.71875 0.7932692307692307 0.2548076923076923 0.4050480769230769
4 0.6430288461538461 0.41346153846153844 0.19591346153846154 0.24519230769230768
4 0.4639423076923077 0.28365384615384615 0.21875 0.25961538461538464
4 0.23197115384615385 0.31850961538461536 0.3088942307692308 0.24519230769230768
4 0.8641826923076923 0.484375 0.26322115384615385 0.25961538461538464
4 0.8894230769230769 0.8004807692307693 0.21634615384615385 0.32211538461538464
4 0.5096153846153846 0.1346153846153846 0.22716346153846154 0.18629807692307693
4 0.3161057692307692 0.13581730769230768 0.22235576923076922 0.22716346153846154