3 0.7860576923076923 0.24158653846153846 0.1201923076923077 0.203125
3 0.5697115384615384 0.2439903846153846 0.11658653846153846 0.2091346153846154
3 0.35096153846153844 0.25 0.1466346153846154 0.23197115384615385
3 0.234375 0.23798076923076922 0.12379807692307693 0.17427884615384615
3 0.11899038461538461 0.23197115384615385 0.1310096153846154 0.18629807692307693
3 0.6370192307692307 0.4098557692307692 0.13942307692307693 0.203125
3 0.6802884615384616 0.578125 0.13581730769230768 0.18028846153846154
3 0.8509615384615384 0.7584134615384616 0.1310096153846154 0.203125
3 0.6790865384615384 0.9122596153846154 0.1310096153846154 0.1622596153846154
3 0.4567307692307692 0.9074519230769231 0.1466346153846154 0.17427884615384615
3 0.22956730769230768 0.9098557692307693 0.1502403846153846 0.16826923076923078
3 0.07692307692307693 0.7560096153846154 0.1466346153846154 0.23197115384615385
3 0.18990384615384615 0.7439903846153846 0.13942307692307693 0.23197115384615385
3 0.3004807692307692 0.7524038461538461 0.14302884615384615 0.21514423076923078
3 0.4170673076923077 0.7560096153846154 0.1502403846153846 0.2091346153846154
3 0.5192307692307693 0.7524038461538461 0.13581730769230768 0.19230769230769232
3 0.859375 0.41225961538461536 0.1310096153846154 0.18629807692307693
3 0.41947115384615385 0.41225961538461536 0.11658653846153846 0.17427884615384615
3 0.19951923076923078 0.4014423076923077 0.12740384615384615 0.1971153846153846
3 0.9338942307692307 0.08173076923076923 0.1310096153846154 0.1622596153846154
3 0.7331730769230769 0.08413461538461539 0.13581730769230768 0.16826923076923078
3 0.6129807692307693 0.08173076923076923 0.1502403846153846 0.1622596153846154
3 0.4026442307692308 0.09014423076923077 0.14302884615384615 0.18028846153846154
3 0.29086538461538464 0.07932692307692307 0.125 0.15865384615384615