3 0.390625 0.3173076923076923 0.07932692307692307 0.08413461538461539
3 0.39302884615384615 0.5649038461538461 0.07451923076923077 0.09375
3 0.5564903846153846 0.5324519230769231 0.10336538461538461 0.08413461538461539
3 0.5841346153846154 0.4014423076923077 0.09375 0.11177884615384616
3 0.7247596153846154 0.32211538461538464 0.12139423076923077 0.07451923076923077
3 0.8149038461538461 0.4951923076923077 0.0889423076923077 0.09375
3 0.6165865384615384 0.6850961538461539 0.10336538461538461 0.07932692307692307
3 0.5396634615384616 0.8641826923076923 0.10697115384615384 0.09375
3 0.20793269230769232 0.6189903846153846 0.10697115384615384 0.07932692307692307
3 0.20072115384615385 0.21995192307692307 0.1310096153846154 0.12139423076923077
3 0.4699519230769231 0.109375 0.12620192307692307 0.0889423076923077
3 0.8293269230769231 0.12139423076923077 0.06971153846153846 0.07451923076923077
3 0.9795673076923077 0.3173076923076923 0.03245192307692308 0.09375
3 0.16346153846153846 0.8112980769230769 0.06490384615384616 0.07932692307692307
3 0.18509615384615385 0.4387019230769231 0.0889423076923077 0.09375
3 0.07692307692307693 0.5985576923076923 0.0889423076923077 0.11177884615384616
3 0.7548076923076923 0.7692307692307693 0.0889423076923077 0.07932692307692307
3 0.8882211538461539 0.6538461538461539 0.07451923076923077 0.08413461538461539
3 0.9302884615384616 0.8245192307692307 0.11177884615384616 0.07932692307692307
3 0.39302884615384615 0.4411057692307692 0.10336538461538461 0.06971153846153846
3 0.5492788461538461 0.25240384615384615 0.07932692307692307 0.11177884615384616