3 0.3581730769230769 0.27524038461538464 0.14903846153846154 0.18870192307692307
3 0.296875 0.6057692307692307 0.31490384615384615 0.203125
3 0.8762019230769231 0.7055288461538461 0.22956730769230768 0.16706730769230768
3 0.6490384615384616 0.6646634615384616 0.24278846153846154 0.18509615384615385
3 0.6490384615384616 0.21875 0.21634615384615385 0.22115384615384615
3 0.6334134615384616 0.48677884615384615 0.12139423076923077 0.1622596153846154
3 0.15144230769230768 0.29447115384615385 0.3016826923076923 0.15745192307692307
3 0.0985576923076923 0.43509615384615385 0.17067307692307693 0.203125
3 0.17067307692307693 0.8377403846153846 0.19831730769230768 0.1346153846153846
3 0.4387019230769231 0.8040865384615384 0.14903846153846154 0.11298076923076923
3 0.49759615384615385 0.9387019230769231 0.18509615384615385 0.11298076923076923
3 0.6754807692307693 0.8401442307692307 0.234375 0.24759615384615385
3 0.46634615384615385 0.14903846153846154 0.15745192307692307 0.18870192307692307
3 0.8533653846153846 0.1346153846153846 0.28365384615384615 0.2247596153846154
3 0.14423076923076922 0.13942307692307693 0.234375 0.15264423076923078
3 0.43509615384615385 0.4050480769230769 0.21153846153846154 0.14423076923076922
3 0.8088942307692307 0.45913461538461536 0.265625 0.18028846153846154
3 0.3485576923076923 0.7451923076923077 0.13942307692307693 0.1310096153846154