3 0.8930288461538461 0.1310096153846154 0.15865384615384615 0.25
3 0.6706730769230769 0.140625 0.21754807692307693 0.28125
3 0.4050480769230769 0.1622596153846154 0.23076923076923078 0.3004807692307692
3 0.1346153846153846 0.1622596153846154 0.24158653846153846 0.3125
3 0.13942307692307693 0.515625 0.2512019230769231 0.30649038461538464
3 0.3918269230769231 0.5096153846153846 0.23798076923076922 0.2439903846153846
3 0.6514423076923077 0.5036057692307693 0.19951923076923078 0.25600961538461536
3 0.8834134615384616 0.5132211538461539 0.2283653846153846 0.31490384615384615
3 0.8942307692307693 0.84375 0.21033653846153846 0.25
3 0.6634615384615384 0.8317307692307693 0.18269230769230768 0.2620192307692308
3 0.4050480769230769 0.84375 0.27884615384615385 0.27524038461538464
3 0.13942307692307693 0.8064903846153846 0.21033653846153846 0.27524038461538464