3 0.6069711538461539 0.2920673076923077 0.19591346153846154 0.2848557692307692
3 0.4855769230769231 0.4014423076923077 0.1778846153846154 0.16826923076923078
3 0.33653846153846156 0.5588942307692307 0.16826923076923078 0.20072115384615385
3 0.6286057692307693 0.8269230769230769 0.22956730769230768 0.21514423076923078
3 0.8221153846153846 0.6141826923076923 0.25240384615384615 0.21033653846153846
3 0.4014423076923077 0.109375 0.23317307692307693 0.14543269230769232
3 0.1658653846153846 0.27283653846153844 0.17307692307692307 0.15384615384615385
3 0.14783653846153846 0.4266826923076923 0.2956730769230769 0.16105769230769232
3 0.11538461538461539 0.6213942307692307 0.23076923076923078 0.29086538461538464
3 0.2548076923076923 0.7896634615384616 0.20072115384615385 0.1778846153846154
3 0.8966346153846154 0.2800480769230769 0.14903846153846154 0.15865384615384615
3 0.39663461538461536 0.6850961538461539 0.14903846153846154 0.10697115384615384
3 0.5348557692307693 0.5252403846153846 0.19110576923076922 0.21995192307692307
3 0.0733173076923077 0.8317307692307693 0.1466346153846154 0.21634615384615385