3 0.6129807692307693 0.27283653846153844 0.2548076923076923 0.23197115384615385
3 0.5853365384615384 0.6778846153846154 0.10697115384615384 0.125
3 0.42788461538461536 0.7379807692307693 0.11538461538461539 0.15264423076923078
3 0.3245192307692308 0.7944711538461539 0.12980769230769232 0.09735576923076923
3 0.171875 0.5096153846153846 0.11057692307692307 0.17548076923076922
3 0.36538461538461536 0.4495192307692308 0.1201923076923077 0.13942307692307693
3 0.40024038461538464 0.24519230769230768 0.09735576923076923 0.11057692307692307
3 0.7524038461538461 0.5877403846153846 0.15264423076923078 0.12980769230769232
3 0.765625 0.8545673076923077 0.09735576923076923 0.125
3 0.5552884615384616 0.859375 0.10216346153846154 0.09735576923076923
3 0.4050480769230769 0.9795673076923077 0.11538461538461539 0.03245192307692308
3 0.2644230769230769 0.9350961538461539 0.13942307692307693 0.1201923076923077
3 0.16947115384615385 0.7271634615384616 0.1346153846153846 0.10216346153846154
3 0.33533653846153844 0.5805288461538461 0.1346153846153846 0.09735576923076923
3 0.4675480769230769 0.5204326923076923 0.1201923076923077 0.08774038461538461
3 0.2548076923076923 0.26802884615384615 0.10216346153846154 0.09254807692307693
3 0.027644230769230768 0.6021634615384616 0.055288461538461536 0.19471153846153846
3 0.07211538461538461 0.8545673076923077 0.1346153846153846 0.125