3 0.5456730769230769 0.44471153846153844 0.1814903846153846 0.20793269230769232
3 0.6201923076923077 0.5673076923076923 0.22956730769230768 0.21514423076923078
3 0.7127403846153846 0.21634615384615385 0.24278846153846154 0.18870192307692307
3 0.3545673076923077 0.1658653846153846 0.28846153846153844 0.22115384615384615
3 0.11899038461538461 0.3269230769230769 0.203125 0.23918269230769232
3 0.054086538461538464 0.5661057692307693 0.10817307692307693 0.3004807692307692
3 0.08533653846153846 0.6959134615384616 0.17067307692307693 0.23197115384615385
3 0.3245192307692308 0.7355769230769231 0.22716346153846154 0.15144230769230768
3 0.6382211538461539 0.8990384615384616 0.1935096153846154 0.1971153846153846
3 0.8389423076923077 0.7848557692307693 0.25721153846153844 0.2920673076923077
3 0.9435096153846154 0.8137019230769231 0.10817307692307693 0.30288461538461536
3 0.9194711538461539 0.46033653846153844 0.15745192307692307 0.12740384615384615
3 0.78125 0.5168269230769231 0.14182692307692307 0.21514423076923078
3 0.9555288461538461 0.140625 0.08653846153846154 0.12259615384615384