4 0.8774038461538461 0.15264423076923078 0.2403846153846154 0.2860576923076923
4 0.6069711538461539 0.1466346153846154 0.24639423076923078 0.25
4 0.3473557692307692 0.13581730769230768 0.21875 0.23918269230769232
4 0.11177884615384616 0.15985576923076922 0.21514423076923078 0.2776442307692308
4 0.8942307692307693 0.43149038461538464 0.1875 0.18990384615384615
4 0.6742788461538461 0.4098557692307692 0.20673076923076922 0.21153846153846154
4 0.4651442307692308 0.4050480769230769 0.15625 0.22235576923076922
4 0.25961538461538464 0.4026442307692308 0.20673076923076922 0.20673076923076922
4 0.06850961538461539 0.41346153846153844 0.12860576923076922 0.19591346153846154
4 0.09134615384615384 0.6706730769230769 0.17548076923076922 0.2439903846153846
4 0.27524038461538464 0.6526442307692307 0.19951923076923078 0.19591346153846154
4 0.4963942307692308 0.6490384615384616 0.21153846153846154 0.22235576923076922
4 0.7067307692307693 0.6574519230769231 0.19471153846153846 0.20673076923076922
4 0.90625 0.6754807692307693 0.18269230769230768 0.20192307692307693
4 0.8966346153846154 0.9002403846153846 0.20192307692307693 0.19471153846153846
4 0.6838942307692307 0.8918269230769231 0.1875 0.20673076923076922
4 0.49278846153846156 0.8918269230769231 0.14903846153846154 0.20673076923076922
4 0.27163461538461536 0.8882211538461539 0.22235576923076922 0.21153846153846154
4 0.06850961538461539 0.9134615384615384 0.12860576923076922 0.16346153846153846