3 0.34615384615384615 0.265625 0.15144230769230768 0.19230769230769232
3 0.2848557692307692 0.6033653846153846 0.32091346153846156 0.20673076923076922
3 0.8737980769230769 0.7043269230769231 0.234375 0.16947115384615385
3 0.6418269230769231 0.6622596153846154 0.24759615384615385 0.1875
3 0.6418269230769231 0.2091346153846154 0.21995192307692307 0.2247596153846154
3 0.6262019230769231 0.48197115384615385 0.12379807692307693 0.16466346153846154
3 0.14423076923076922 0.28725961538461536 0.28846153846153844 0.16105769230769232
3 0.08774038461538461 0.43149038461538464 0.17427884615384615 0.21153846153846154
3 0.15625 0.8389423076923077 0.20192307692307693 0.13701923076923078
3 0.42908653846153844 0.8052884615384616 0.15144230769230768 0.1141826923076923
3 0.4879807692307692 0.9399038461538461 0.1875 0.11057692307692307
3 0.6694711538461539 0.8413461538461539 0.23798076923076922 0.25240384615384615
3 0.4567307692307692 0.13701923076923078 0.16105769230769232 0.19230769230769232
3 0.8509615384615384 0.12379807692307693 0.28846153846153844 0.22956730769230768
3 0.12860576923076922 0.12860576923076922 0.23798076923076922 0.15625
3 0.42427884615384615 0.39903846153846156 0.21514423076923078 0.1466346153846154
3 0.8052884615384616 0.4543269230769231 0.2704326923076923 0.18389423076923078
3 0.33774038461538464 0.7451923076923077 0.14182692307692307 0.13341346153846154