4 0.5408653846153846 0.2091346153846154 0.0985576923076923 0.16466346153846154
4 0.5228365384615384 0.6237980769230769 0.11057692307692307 0.14783653846153846
4 0.21754807692307693 0.65625 0.1141826923076923 0.15985576923076922
4 0.10817307692307693 0.6923076923076923 0.13581730769230768 0.13221153846153846
4 0.3870192307692308 0.7391826923076923 0.10216346153846154 0.11538461538461539
4 0.3954326923076923 0.5793269230769231 0.08653846153846154 0.12620192307692307
4 0.8052884615384616 0.3870192307692308 0.11899038461538461 0.13701923076923078
4 0.7211538461538461 0.19831730769230768 0.0733173076923077 0.109375
4 0.6887019230769231 0.12620192307692307 0.08173076923076923 0.16466346153846154
4 0.4182692307692308 0.15985576923076922 0.12259615384615384 0.13221153846153846
4 0.22115384615384615 0.14302884615384615 0.08173076923076923 0.16466346153846154
4 0.13581730769230768 0.39783653846153844 0.0985576923076923 0.19230769230769232
4 0.8173076923076923 0.6706730769230769 0.12740384615384615 0.12139423076923077
4 0.6622596153846154 0.546875 0.11057692307692307 0.11538461538461539
4 0.625 0.7415865384615384 0.09375 0.14302884615384615