3 0.5228365384615384 0.78125 0.14543269230769232 0.09975961538461539
3 0.46153846153846156 0.6862980769230769 0.12259615384615384 0.09134615384615384
3 0.3317307692307692 0.5913461538461539 0.16346153846153846 0.08173076923076923
3 0.7199519230769231 0.6610576923076923 0.13221153846153846 0.1045673076923077
3 0.8233173076923077 0.45913461538461536 0.09975961538461539 0.109375
3 0.8978365384615384 0.3954326923076923 0.09495192307692307 0.11778846153846154
3 0.6790865384615384 0.27524038461538464 0.12259615384615384 0.09495192307692307
3 0.5408653846153846 0.2247596153846154 0.13581730769230768 0.09495192307692307
3 0.42908653846153844 0.27524038461538464 0.140625 0.08653846153846154
3 0.25240384615384615 0.2932692307692308 0.1141826923076923 0.08653846153846154
3 0.2091346153846154 0.3954326923076923 0.09975961538461539 0.08173076923076923
3 0.23918269230769232 0.46634615384615385 0.1502403846153846 0.06850961538461539
3 0.5408653846153846 0.3954326923076923 0.21875 0.109375
3 0.6117788461538461 0.5048076923076923 0.09495192307692307 0.06370192307692307
3 0.6045673076923077 0.5745192307692307 0.109375 0.08653846153846154