4 0.6658653846153846 0.453125 0.20072115384615385 0.19591346153846154
4 0.609375 0.6959134615384616 0.21033653846153846 0.20552884615384615
4 0.3112980769230769 0.5588942307692307 0.21033653846153846 0.17307692307692307
4 0.06971153846153846 0.5516826923076923 0.1310096153846154 0.19591346153846154
4 0.20552884615384615 0.8617788461538461 0.11177884615384616 0.18269230769230768
4 0.6959134615384616 0.8509615384615384 0.15865384615384615 0.15865384615384615
4 0.4879807692307692 0.3088942307692308 0.18269230769230768 0.14903846153846154
4 0.453125 0.38822115384615385 0.11177884615384616 0.140625
4 0.2824519230769231 0.2403846153846154 0.13581730769230768 0.13581730769230768
4 0.5865384615384616 0.14903846153846154 0.17307692307692307 0.15865384615384615
4 0.9074519230769231 0.41466346153846156 0.18028846153846154 0.18509615384615385