4 0.16346153846153846 0.6995192307692307 0.31850961538461536 0.5913461538461539
4 0.44591346153846156 0.5480769230769231 0.29086538461538464 0.34975961538461536
4 0.4495192307692308 0.8341346153846154 0.3269230769230769 0.3233173076923077
4 0.71875 0.7980769230769231 0.2548076923076923 0.3954326923076923
4 0.6430288461538461 0.4230769230769231 0.19591346153846154 0.24519230769230768
4 0.4639423076923077 0.2932692307692308 0.21875 0.25961538461538464
4 0.23197115384615385 0.3269230769230769 0.3088942307692308 0.24519230769230768
4 0.8641826923076923 0.49278846153846156 0.26322115384615385 0.25961538461538464
4 0.8894230769230769 0.8088942307692307 0.21634615384615385 0.31971153846153844
4 0.5096153846153846 0.14302884615384615 0.22716346153846154 0.18629807692307693
4 0.3161057692307692 0.14543269230769232 0.22235576923076922 0.22716346153846154