4 0.41466346153846156 0.44591346153846156 0.3545673076923077 0.1778846153846154
4 0.8533653846153846 0.4795673076923077 0.19471153846153846 0.14423076923076922
4 0.8317307692307693 0.36177884615384615 0.21394230769230768 0.21875
4 0.6237980769230769 0.24759615384615385 0.3317307692307692 0.171875
4 0.3545673076923077 0.22716346153846154 0.23677884615384615 0.1778846153846154
4 0.32091346153846156 0.8100961538461539 0.5721153846153846 0.24158653846153846
4 0.6923076923076923 0.8016826923076923 0.20192307692307693 0.25841346153846156
4 0.8978365384615384 0.8076923076923077 0.19951923076923078 0.3317307692307692
4 0.6274038461538461 0.057692307692307696 0.29447115384615385 0.11538461538461539
4 0.24639423076923078 0.055288461538461536 0.24278846153846154 0.11057692307692307
4 0.15985576923076922 0.20432692307692307 0.22956730769230768 0.20072115384615385
4 0.8882211538461539 0.21875 0.21875 0.17307692307692307