3 0.7764423076923077 0.23317307692307693 0.11899038461538461 0.20072115384615385
3 0.5612980769230769 0.23557692307692307 0.11538461538461539 0.20673076923076922
3 0.3449519230769231 0.24158653846153846 0.14543269230769232 0.22956730769230768
3 0.22956730769230768 0.22956730769230768 0.12259615384615384 0.171875
3 0.1141826923076923 0.22355769230769232 0.1310096153846154 0.18389423076923078
3 0.6286057692307693 0.39903846153846156 0.13822115384615385 0.20072115384615385
3 0.671875 0.5661057692307693 0.1346153846153846 0.1778846153846154
3 0.8413461538461539 0.7439903846153846 0.1310096153846154 0.20072115384615385
3 0.671875 0.9050480769230769 0.12740384615384615 0.1778846153846154
3 0.4495192307692308 0.8990384615384616 0.14543269230769232 0.18990384615384615
3 0.22355769230769232 0.9026442307692307 0.14903846153846154 0.18389423076923078
3 0.07451923076923077 0.7415865384615384 0.14182692307692307 0.22956730769230768
3 0.18509615384615385 0.7295673076923077 0.13822115384615385 0.22956730769230768
3 0.29447115384615385 0.7379807692307693 0.14182692307692307 0.2127403846153846
3 0.4098557692307692 0.7415865384615384 0.14903846153846154 0.20673076923076922
3 0.5108173076923077 0.7379807692307693 0.1346153846153846 0.18990384615384615
3 0.8485576923076923 0.4026442307692308 0.1310096153846154 0.18389423076923078
3 0.41225961538461536 0.4026442307692308 0.11538461538461539 0.171875
3 0.1935096153846154 0.390625 0.12740384615384615 0.19591346153846154
3 0.9278846153846154 0.078125 0.13942307692307693 0.15625
3 0.7235576923076923 0.08052884615384616 0.1346153846153846 0.16105769230769232
3 0.6045673076923077 0.078125 0.14903846153846154 0.15504807692307693
3 0.3954326923076923 0.08653846153846154 0.14182692307692307 0.171875
3 0.2848557692307692 0.07451923076923077 0.12259615384615384 0.14903846153846154