3 0.11658653846153846 0.12740384615384615 0.1658653846153846 0.2548076923076923
3 0.3389423076923077 0.13581730769230768 0.21875 0.27163461538461536
3 0.6057692307692307 0.15264423076923078 0.23557692307692307 0.30528846153846156
3 0.8762019230769231 0.15865384615384615 0.23918269230769232 0.3161057692307692
3 0.8713942307692307 0.5132211538461539 0.25 0.3161057692307692
3 0.6201923076923077 0.5036057692307693 0.23918269230769232 0.24639423076923078
3 0.3581730769230769 0.4963942307692308 0.20192307692307693 0.25961538461538464
3 0.1201923076923077 0.5060096153846154 0.23918269230769232 0.3161057692307692
3 0.109375 0.8413461538461539 0.21875 0.2536057692307692
3 0.3449519230769231 0.8293269230769231 0.18389423076923078 0.265625
3 0.6057692307692307 0.8413461538461539 0.28125 0.27884615384615385
3 0.8737980769230769 0.8040865384615384 0.21153846153846154 0.27884615384615385