3 0.37259615384615385 0.4014423076923077 0.11057692307692307 0.1971153846153846
3 0.21875 0.8990384615384616 0.17427884615384615 0.19110576923076922
3 0.6826923076923077 0.2848557692307692 0.10336538461538461 0.14302884615384615
3 0.6225961538461539 0.07932692307692307 0.11057692307692307 0.14903846153846154
3 0.5492788461538461 0.4543269230769231 0.10697115384615384 0.16466346153846154
3 0.7283653846153846 0.5084134615384616 0.09134615384615384 0.10096153846153846
3 0.6862980769230769 0.8269230769230769 0.09495192307692307 0.12259615384615384
3 0.9302884615384616 0.5372596153846154 0.06009615384615385 0.11658653846153846
3 0.8533653846153846 0.2956730769230769 0.11899038461538461 0.10096153846153846
3 0.25961538461538464 0.125 0.09975961538461539 0.15384615384615385
3 0.12740384615384615 0.35697115384615385 0.07091346153846154 0.10697115384615384
3 0.21033653846153846 0.4230769230769231 0.08774038461538461 0.09014423076923077
3 0.21394230769230768 0.5396634615384616 0.10336538461538461 0.11177884615384616
3 0.32091346153846156 0.6995192307692307 0.08774038461538461 0.17548076923076922
3 0.5673076923076923 0.7524038461538461 0.08774038461538461 0.12259615384615384
3 0.515625 0.28966346153846156 0.07091346153846154 0.10096153846153846
3 0.38341346153846156 0.0673076923076923 0.11298076923076923 0.1346153846153846
3 0.5120192307692307 0.13581730769230768 0.06370192307692307 0.09014423076923077