3 0.46274038461538464 0.38822115384615385 0.15745192307692307 0.21634615384615385
3 0.24158653846153846 0.11177884615384616 0.17908653846153846 0.14543269230769232
3 0.8942307692307693 0.5685096153846154 0.21033653846153846 0.17668269230769232
3 0.9002403846153846 0.3401442307692308 0.16826923076923078 0.16947115384615385
3 0.38100961538461536 0.17307692307692307 0.18389423076923078 0.14903846153846154
3 0.20552884615384615 0.5528846153846154 0.21033653846153846 0.12259615384615384
3 0.14423076923076922 0.8185096153846154 0.21634615384615385 0.12620192307692307
3 0.5372596153846154 0.7403846153846154 0.23197115384615385 0.13341346153846154
3 0.4495192307692308 0.6237980769230769 0.12139423076923077 0.12259615384615384
3 0.6418269230769231 0.5216346153846154 0.13701923076923078 0.12980769230769232
3 0.6370192307692307 0.40384615384615385 0.15745192307692307 0.12259615384615384
3 0.7319711538461539 0.7848557692307693 0.12620192307692307 0.14543269230769232
3 0.07572115384615384 0.3942307692307692 0.14182692307692307 0.11778846153846154