3 0.3942307692307692 0.27283653846153844 0.19230769230769232 0.2800480769230769
3 0.5132211538461539 0.38100961538461536 0.17427884615384615 0.16466346153846154
3 0.6610576923076923 0.5348557692307693 0.16466346153846154 0.1971153846153846
3 0.3737980769230769 0.7980769230769231 0.2247596153846154 0.21153846153846154
3 0.18389423076923078 0.5889423076923077 0.24759615384615385 0.20673076923076922
3 0.5961538461538461 0.09375 0.22956730769230768 0.14182692307692307
3 0.828125 0.2548076923076923 0.16947115384615385 0.15144230769230768
3 0.8497596153846154 0.40384615384615385 0.2956730769230769 0.15865384615384615
3 0.8810096153846154 0.5973557692307693 0.23317307692307693 0.29086538461538464
3 0.7403846153846154 0.7620192307692307 0.1971153846153846 0.17427884615384615
3 0.11057692307692307 0.2620192307692308 0.1466346153846154 0.15625
3 0.6009615384615384 0.6586538461538461 0.1466346153846154 0.10576923076923077
3 0.4651442307692308 0.5024038461538461 0.1875 0.21514423076923078
3 0.9230769230769231 0.8040865384615384 0.14903846153846154 0.21394230769230768