4 0.8870192307692307 0.140625 0.22115384615384615 0.28125
4 0.6274038461538461 0.1310096153846154 0.24639423076923078 0.25
4 0.36778846153846156 0.1201923076923077 0.22115384615384615 0.2403846153846154
4 0.12139423076923077 0.14423076923076922 0.234375 0.2776442307692308
4 0.90625 0.41947115384615385 0.18269230769230768 0.19951923076923078
4 0.6935096153846154 0.3942307692307692 0.20673076923076922 0.21153846153846154
4 0.484375 0.38822115384615385 0.15625 0.22235576923076922
4 0.27884615384615385 0.3858173076923077 0.20673076923076922 0.20673076923076922
4 0.078125 0.39663461538461536 0.14903846153846154 0.19591346153846154
4 0.10096153846153846 0.6550480769230769 0.19471153846153846 0.2439903846153846
4 0.29447115384615385 0.6358173076923077 0.19951923076923078 0.19591346153846154
4 0.515625 0.6334134615384616 0.21153846153846154 0.22235576923076922
4 0.7259615384615384 0.6418269230769231 0.19471153846153846 0.20673076923076922
4 0.9170673076923077 0.6574519230769231 0.16105769230769232 0.19951923076923078
4 0.9074519230769231 0.8930288461538461 0.18509615384615385 0.2091346153846154
4 0.703125 0.8834134615384616 0.1875 0.22235576923076922
4 0.5132211538461539 0.8834134615384616 0.14423076923076922 0.22235576923076922
4 0.2932692307692308 0.8774038461538461 0.21875 0.22235576923076922
4 0.078125 0.90625 0.15144230769230768 0.18269230769230768