3 0.42788461538461536 0.4026442307692308 0.17908653846153846 0.20552884615384615
3 0.3545673076923077 0.5252403846153846 0.22716346153846154 0.2127403846153846
3 0.2620192307692308 0.1778846153846154 0.2403846153846154 0.18629807692307693
3 0.6165865384615384 0.12740384615384615 0.2848557692307692 0.21875
3 0.8497596153846154 0.28725961538461536 0.20192307692307693 0.23677884615384615
3 0.9302884615384616 0.5240384615384616 0.13822115384615385 0.29447115384615385
3 0.8978365384615384 0.6514423076923077 0.19951923076923078 0.23076923076923078
3 0.6466346153846154 0.6911057692307693 0.2247596153846154 0.1502403846153846
3 0.33653846153846156 0.8569711538461539 0.18990384615384615 0.203125
3 0.13701923076923078 0.7391826923076923 0.2548076923076923 0.28966346153846156
3 0.04447115384615385 0.7680288461538461 0.08533653846153846 0.3004807692307692
3 0.06850961538461539 0.4182692307692308 0.13341346153846154 0.12620192307692307
3 0.19471153846153846 0.47475961538461536 0.13942307692307693 0.2127403846153846
3 0.03365384615384615 0.10216346153846154 0.06370192307692307 0.12139423076923077