3 0.13221153846153846 0.17908653846153846 0.24879807692307693 0.34615384615384615
3 0.4110576923076923 0.14543269230769232 0.27403846153846156 0.2692307692307692
3 0.6790865384615384 0.15384615384615385 0.22355769230769232 0.25240384615384615
3 0.8966346153846154 0.16466346153846154 0.18389423076923078 0.296875
3 0.8605769230769231 0.49399038461538464 0.24158653846153846 0.3629807692307692
3 0.5961538461538461 0.4675480769230769 0.25240384615384615 0.3401442307692308
3 0.35697115384615385 0.42908653846153844 0.22355769230769232 0.31850961538461536
3 0.13581730769230768 0.4831730769230769 0.2704326923076923 0.3401442307692308
3 0.13581730769230768 0.7776442307692307 0.24879807692307693 0.33533653846153844
3 0.40384615384615385 0.796875 0.22355769230769232 0.31850961538461536
3 0.6586538461538461 0.7944711538461539 0.2776442307692308 0.3016826923076923
3 0.90625 0.8329326923076923 0.18028846153846154 0.24759615384615385