3 0.35336538461538464 0.3918269230769231 0.11057692307692307 0.19471153846153846
3 0.20072115384615385 0.8870192307692307 0.17067307692307693 0.19471153846153846
3 0.6622596153846154 0.2764423076923077 0.10336538461538461 0.14182692307692307
3 0.6021634615384616 0.07451923076923077 0.11298076923076923 0.14903846153846154
3 0.5300480769230769 0.44471153846153844 0.10697115384615384 0.16346153846153846
3 0.7079326923076923 0.49759615384615385 0.09134615384615384 0.09975961538461539
3 0.6670673076923077 0.8137019230769231 0.09495192307692307 0.12139423076923077
3 0.9110576923076923 0.5264423076923077 0.06009615384615385 0.11538461538461539
3 0.8329326923076923 0.28725961538461536 0.11899038461538461 0.09975961538461539
3 0.2403846153846154 0.11899038461538461 0.09975961538461539 0.15264423076923078
3 0.10697115384615384 0.3473557692307692 0.07091346153846154 0.10576923076923077
3 0.18990384615384615 0.41346153846153844 0.08774038461538461 0.0889423076923077
3 0.19471153846153846 0.5288461538461539 0.10336538461538461 0.11057692307692307
3 0.3016826923076923 0.6862980769230769 0.08774038461538461 0.17427884615384615
3 0.5480769230769231 0.7391826923076923 0.08774038461538461 0.12139423076923077
3 0.4963942307692308 0.28125 0.07091346153846154 0.09975961538461539
3 0.3629807692307692 0.06610576923076923 0.11538461538461539 0.1310096153846154
3 0.49158653846153844 0.12860576923076922 0.06370192307692307 0.0889423076923077