3 0.46274038461538464 0.49759615384615385 0.14783653846153846 0.15745192307692307
3 0.8689903846153846 0.5492788461538461 0.2127403846153846 0.2608173076923077
3 0.2091346153846154 0.6983173076923077 0.15625 0.20072115384615385
3 0.3293269230769231 0.9158653846153846 0.20072115384615385 0.15745192307692307
3 0.5120192307692307 0.8401442307692307 0.1971153846153846 0.22235576923076922
3 0.8725961538461539 0.9134615384615384 0.1310096153846154 0.16346153846153846
3 0.7295673076923077 0.9134615384615384 0.1971153846153846 0.16346153846153846
3 0.20432692307692307 0.47596153846153844 0.1141826923076923 0.17908653846153846
3 0.27884615384615385 0.38822115384615385 0.1310096153846154 0.16826923076923078
3 0.453125 0.2439903846153846 0.13581730769230768 0.17427884615384615
3 0.6189903846153846 0.2824519230769231 0.1310096153846154 0.16346153846153846
3 0.6225961538461539 0.49158653846153844 0.2127403846153846 0.16826923076923078