4 0.4206730769230769 0.4326923076923077 0.3605769230769231 0.18028846153846154
4 0.8665865384615384 0.4675480769230769 0.1971153846153846 0.14543269230769232
4 0.8449519230769231 0.3485576923076923 0.21754807692307693 0.22115384615384615
4 0.6334134615384616 0.23197115384615385 0.33774038461538464 0.17427884615384615
4 0.3605769230769231 0.2127403846153846 0.2403846153846154 0.18028846153846154
4 0.32572115384615385 0.8028846153846154 0.5817307692307693 0.2439903846153846
4 0.703125 0.7932692307692307 0.20552884615384615 0.2620192307692308
4 0.9038461538461539 0.7992788461538461 0.1875 0.33413461538461536
4 0.6370192307692307 0.04927884615384615 0.2980769230769231 0.0985576923076923
4 0.25 0.046875 0.2439903846153846 0.09254807692307693
4 0.1622596153846154 0.18870192307692307 0.23197115384615385 0.203125
4 0.8942307692307693 0.203125 0.20673076923076922 0.17548076923076922