3 0.53125 0.7704326923076923 0.14423076923076922 0.0985576923076923
3 0.47115384615384615 0.6754807692307693 0.12139423076923077 0.09014423076923077
3 0.3425480769230769 0.5805288461538461 0.1622596153846154 0.08052884615384616
3 0.7271634615384616 0.6514423076923077 0.1310096153846154 0.10336538461538461
3 0.8293269230769231 0.45072115384615385 0.0985576923076923 0.10817307692307693
3 0.9026442307692307 0.3870192307692308 0.09495192307692307 0.11658653846153846
3 0.6875 0.26802884615384615 0.12139423076923077 0.09495192307692307
3 0.5492788461538461 0.21875 0.1346153846153846 0.09495192307692307
3 0.4387019230769231 0.26802884615384615 0.13942307692307693 0.08533653846153846
3 0.26322115384615385 0.2860576923076923 0.11298076923076923 0.08533653846153846
3 0.22115384615384615 0.3870192307692308 0.0985576923076923 0.08052884615384616
3 0.25 0.4567307692307692 0.14903846153846154 0.0673076923076923
3 0.5492788461538461 0.3870192307692308 0.21634615384615385 0.10817307692307693
3 0.6189903846153846 0.4951923076923077 0.09495192307692307 0.0625
3 0.6129807692307693 0.5649038461538461 0.10817307692307693 0.08533653846153846