3 0.453125 0.38822115384615385 0.15625 0.21514423076923078
3 0.234375 0.11538461538461539 0.17668269230769232 0.14423076923076922
3 0.8894230769230769 0.5661057692307693 0.21634615384615385 0.17548076923076922
3 0.8858173076923077 0.34134615384615385 0.16706730769230768 0.16826923076923078
3 0.37259615384615385 0.17548076923076922 0.18269230769230768 0.14903846153846154
3 0.19831730769230768 0.5528846153846154 0.20793269230769232 0.12139423076923077
3 0.13822115384615385 0.8161057692307693 0.21394230769230768 0.125
3 0.5264423076923077 0.7379807692307693 0.22956730769230768 0.13221153846153846
3 0.43990384615384615 0.6225961538461539 0.1201923076923077 0.12139423076923077
3 0.6298076923076923 0.5216346153846154 0.13581730769230768 0.12860576923076922
3 0.625 0.40384615384615385 0.15625 0.12139423076923077
3 0.71875 0.7836538461538461 0.125 0.14423076923076922
3 0.0733173076923077 0.3942307692307692 0.13581730769230768 0.11778846153846154