4 0.4411057692307692 0.4567307692307692 0.3545673076923077 0.1778846153846154
4 0.8798076923076923 0.49158653846153844 0.19471153846153846 0.14423076923076922
4 0.859375 0.3737980769230769 0.21394230769230768 0.21875
4 0.6502403846153846 0.25841346153846156 0.3317307692307692 0.171875
4 0.38221153846153844 0.23798076923076922 0.23677884615384615 0.1778846153846154
4 0.3473557692307692 0.8221153846153846 0.5721153846153846 0.24158653846153846
4 0.7199519230769231 0.8137019230769231 0.20192307692307693 0.25841346153846156
4 0.9110576923076923 0.8185096153846154 0.17307692307692307 0.3293269230769231
4 0.6550480769230769 0.06370192307692307 0.29447115384615385 0.12620192307692307
4 0.27283653846153844 0.06009615384615385 0.2403846153846154 0.1201923076923077
4 0.1875 0.21514423076923078 0.22956730769230768 0.20072115384615385
4 0.9014423076923077 0.22956730769230768 0.19230769230769232 0.17548076923076922