3 0.40625 0.28725961538461536 0.19591346153846154 0.2848557692307692
3 0.5276442307692307 0.39663461538461536 0.1778846153846154 0.16826923076923078
3 0.6778846153846154 0.5540865384615384 0.16826923076923078 0.20072115384615385
3 0.3858173076923077 0.8221153846153846 0.22956730769230768 0.21514423076923078
3 0.19110576923076922 0.609375 0.25240384615384615 0.21033653846153846
3 0.6117788461538461 0.1045673076923077 0.23317307692307693 0.14543269230769232
3 0.8485576923076923 0.2692307692307692 0.17307692307692307 0.15384615384615385
3 0.859375 0.4206730769230769 0.2800480769230769 0.15865384615384615
3 0.890625 0.6177884615384616 0.21394230769230768 0.2932692307692308
3 0.7596153846153846 0.7848557692307693 0.20072115384615385 0.1778846153846154
3 0.11658653846153846 0.27524038461538464 0.14903846153846154 0.15865384615384615
3 0.6165865384615384 0.6802884615384616 0.14903846153846154 0.10697115384615384
3 0.4795673076923077 0.5204326923076923 0.19110576923076922 0.21995192307692307
3 0.9326923076923077 0.828125 0.12980769230769232 0.21875