3 0.4543269230769231 0.265625 0.1141826923076923 0.09975961538461539
3 0.5060096153846154 0.4951923076923077 0.09014423076923077 0.14783653846153846
3 0.5456730769230769 0.6550480769230769 0.07451923076923077 0.14182692307692307
3 0.7524038461538461 0.3737980769230769 0.08653846153846154 0.11538461538461539
3 0.7800480769230769 0.5709134615384616 0.08653846153846154 0.11057692307692307
3 0.6262019230769231 0.4182692307692308 0.07091346153846154 0.15264423076923078
3 0.3858173076923077 0.5709134615384616 0.10216346153846154 0.11057692307692307
3 0.30649038461538464 0.3870192307692308 0.09495192307692307 0.16346153846153846
3 0.2283653846153846 0.7415865384615384 0.11057692307692307 0.16826923076923078
3 0.5925480769230769 0.8076923076923077 0.0985576923076923 0.11057692307692307
3 0.6598557692307693 0.6370192307692307 0.0673076923076923 0.10576923076923077
3 0.8942307692307693 0.3317307692307692 0.08653846153846154 0.10576923076923077
3 0.7620192307692307 0.19471153846153846 0.12259615384615384 0.12620192307692307
3 0.6009615384615384 0.055288461538461536 0.10576923076923077 0.09975961538461539
3 0.7463942307692307 0.9447115384615384 0.10576923076923077 0.09975961538461539