3 0.6153846153846154 0.2608173076923077 0.24759615384615385 0.2247596153846154
3 0.5877403846153846 0.6550480769230769 0.10336538461538461 0.12139423076923077
3 0.43509615384615385 0.7139423076923077 0.11298076923076923 0.14903846153846154
3 0.3329326923076923 0.7680288461538461 0.12620192307692307 0.09495192307692307
3 0.18509615384615385 0.49158653846153844 0.10817307692307693 0.17067307692307693
3 0.3737980769230769 0.4326923076923077 0.11658653846153846 0.1346153846153846
3 0.4074519230769231 0.234375 0.09495192307692307 0.10817307692307693
3 0.75 0.5673076923076923 0.14903846153846154 0.12620192307692307
3 0.7632211538461539 0.8269230769230769 0.09495192307692307 0.12139423076923077
3 0.5588942307692307 0.8305288461538461 0.0985576923076923 0.09495192307692307
3 0.41225961538461536 0.9639423076923077 0.11298076923076923 0.0625
3 0.27283653846153844 0.9098557692307693 0.1310096153846154 0.12620192307692307
3 0.18269230769230768 0.703125 0.1310096153846154 0.0985576923076923
3 0.3449519230769231 0.5612980769230769 0.1310096153846154 0.09495192307692307
3 0.4735576923076923 0.5024038461538461 0.11658653846153846 0.08533653846153846
3 0.265625 0.25721153846153844 0.0985576923076923 0.09014423076923077
3 0.036057692307692304 0.5805288461538461 0.07211538461538461 0.18870192307692307
3 0.08774038461538461 0.8269230769230769 0.1310096153846154 0.12139423076923077