4 0.19230769230769232 0.4098557692307692 0.19471153846153846 0.11298076923076923
4 0.15504807692307693 0.5504807692307693 0.16947115384615385 0.13341346153846154
4 0.3798076923076923 0.7043269230769231 0.1201923076923077 0.125
4 0.5096153846153846 0.6682692307692307 0.13942307692307693 0.1622596153846154
4 0.7752403846153846 0.3245192307692308 0.21033653846153846 0.19110576923076922
4 0.9026442307692307 0.38341346153846156 0.16466346153846154 0.125
4 0.7680288461538461 0.5168269230769231 0.21514423076923078 0.14182692307692307
4 0.5120192307692307 0.22956730769230768 0.17548076923076922 0.1502403846153846
4 0.23197115384615385 0.10216346153846154 0.21514423076923078 0.19591346153846154
4 0.15985576923076922 0.25 0.13942307692307693 0.1502403846153846
4 0.2848557692307692 0.27884615384615385 0.16947115384615385 0.14182692307692307
4 0.6923076923076923 0.6875 0.14543269230769232 0.125
4 0.5228365384615384 0.46274038461538464 0.125 0.09975961538461539
4 0.5600961538461539 0.9230769230769231 0.16947115384615385 0.14543269230769232
4 0.6430288461538461 0.8713942307692307 0.16466346153846154 0.17548076923076922