3 0.6213942307692307 0.2620192307692308 0.25240384615384615 0.22956730769230768
3 0.59375 0.6622596153846154 0.10576923076923077 0.12379807692307693
3 0.4375 0.7223557692307693 0.1141826923076923 0.15144230769230768
3 0.33533653846153844 0.7776442307692307 0.12860576923076922 0.09615384615384616
3 0.18389423076923078 0.4951923076923077 0.11057692307692307 0.17427884615384615
3 0.3762019230769231 0.4362980769230769 0.11899038461538461 0.13701923076923078
3 0.4110576923076923 0.234375 0.09615384615384616 0.11057692307692307
3 0.7596153846153846 0.5733173076923077 0.15144230769230768 0.12860576923076922
3 0.7728365384615384 0.8377403846153846 0.09615384615384616 0.12379807692307693
3 0.5637019230769231 0.8413461538461539 0.10096153846153846 0.09615384615384616
3 0.41466346153846156 0.9699519230769231 0.1141826923076923 0.05048076923076923
3 0.27283653846153844 0.921875 0.13341346153846154 0.12860576923076922
3 0.1814903846153846 0.7115384615384616 0.13341346153846154 0.10096153846153846
3 0.34615384615384615 0.5661057692307693 0.13341346153846154 0.09615384615384616
3 0.47716346153846156 0.5072115384615384 0.11899038461538461 0.08774038461538461
3 0.265625 0.25721153846153844 0.10096153846153846 0.09134615384615384
3 0.03485576923076923 0.5877403846153846 0.06850961538461539 0.19230769230769232
3 0.08533653846153846 0.8377403846153846 0.13341346153846154 0.12379807692307693