4 0.4375 0.22596153846153846 0.09495192307692307 0.15745192307692307
4 0.4543269230769231 0.6237980769230769 0.10576923076923077 0.14182692307692307
4 0.7475961538461539 0.6550480769230769 0.11057692307692307 0.15264423076923078
4 0.8521634615384616 0.6899038461538461 0.12980769230769232 0.12620192307692307
4 0.5841346153846154 0.734375 0.0985576923076923 0.11057692307692307
4 0.5769230769230769 0.5817307692307693 0.0829326923076923 0.12139423076923077
4 0.18269230769230768 0.39783653846153844 0.1141826923076923 0.1310096153846154
4 0.26322115384615385 0.21634615384615385 0.07091346153846154 0.10576923076923077
4 0.2956730769230769 0.14783653846153846 0.07932692307692307 0.15745192307692307
4 0.5552884615384616 0.17908653846153846 0.11778846153846154 0.12620192307692307
4 0.7439903846153846 0.16346153846153846 0.07932692307692307 0.15745192307692307
4 0.8269230769230769 0.4074519230769231 0.09495192307692307 0.18389423076923078
4 0.17067307692307693 0.6682692307692307 0.12259615384615384 0.11538461538461539
4 0.32091346153846156 0.5504807692307693 0.10576923076923077 0.11057692307692307
4 0.3557692307692308 0.7367788461538461 0.09014423076923077 0.13701923076923078