3 0.7704326923076923 0.25600961538461536 0.11658653846153846 0.1971153846153846
3 0.5600961538461539 0.25841346153846156 0.11298076923076923 0.20192307692307693
3 0.3485576923076923 0.2644230769230769 0.14182692307692307 0.2247596153846154
3 0.23557692307692307 0.25240384615384615 0.1201923076923077 0.16826923076923078
3 0.12259615384615384 0.24759615384615385 0.12740384615384615 0.18028846153846154
3 0.6262019230769231 0.4182692307692308 0.1346153846153846 0.1971153846153846
3 0.6682692307692307 0.5817307692307693 0.1310096153846154 0.17427884615384615
3 0.8341346153846154 0.7560096153846154 0.12740384615384615 0.1971153846153846
3 0.6658653846153846 0.9098557692307693 0.12740384615384615 0.16826923076923078
3 0.45072115384615385 0.9050480769230769 0.14182692307692307 0.18028846153846154
3 0.22956730769230768 0.9074519230769231 0.14543269230769232 0.17427884615384615
3 0.08052884615384616 0.75 0.14543269230769232 0.21875
3 0.19110576923076922 0.7415865384615384 0.1346153846153846 0.2247596153846154
3 0.29927884615384615 0.75 0.13822115384615385 0.20793269230769232
3 0.41225961538461536 0.7524038461538461 0.14543269230769232 0.20192307692307693
3 0.5108173076923077 0.75 0.1310096153846154 0.18509615384615385
3 0.8413461538461539 0.421875 0.12740384615384615 0.18028846153846154
3 0.41466346153846156 0.421875 0.11298076923076923 0.16826923076923078
3 0.20072115384615385 0.4098557692307692 0.12379807692307693 0.19110576923076922
3 0.9254807692307693 0.0889423076923077 0.14423076923076922 0.1778846153846154
3 0.7211538461538461 0.09014423076923077 0.12740384615384615 0.18028846153846154
3 0.6033653846153846 0.08774038461538461 0.14423076923076922 0.17548076923076922
3 0.39783653846153844 0.09615384615384616 0.13701923076923078 0.19230769230769232
3 0.2920673076923077 0.08653846153846154 0.11658653846153846 0.16346153846153846