4 0.20072115384615385 0.4206730769230769 0.1935096153846154 0.11057692307692307
4 0.16346153846153846 0.5576923076923077 0.16826923076923078 0.1310096153846154
4 0.3858173076923077 0.7091346153846154 0.11899038461538461 0.12259615384615384
4 0.5144230769230769 0.6742788461538461 0.13822115384615385 0.15985576923076922
4 0.7776442307692307 0.33653846153846156 0.20793269230769232 0.18870192307692307
4 0.9038461538461539 0.39302884615384615 0.16346153846153846 0.12259615384615384
4 0.7692307692307693 0.5240384615384616 0.2127403846153846 0.13942307692307693
4 0.5168269230769231 0.24158653846153846 0.17307692307692307 0.14783653846153846
4 0.2403846153846154 0.11658653846153846 0.2127403846153846 0.19230769230769232
4 0.16826923076923078 0.2620192307692308 0.13822115384615385 0.14783653846153846
4 0.2920673076923077 0.29086538461538464 0.16826923076923078 0.13942307692307693
4 0.6959134615384616 0.6923076923076923 0.14302884615384615 0.12259615384615384
4 0.5276442307692307 0.47115384615384615 0.12379807692307693 0.0985576923076923
4 0.5649038461538461 0.9242788461538461 0.16826923076923078 0.14302884615384615
4 0.6466346153846154 0.8725961538461539 0.16346153846153846 0.171875