3 0.5625 0.24519230769230768 0.11658653846153846 0.10216346153846154
3 0.5096153846153846 0.47836538461538464 0.09254807692307693 0.1502403846153846
3 0.4699519230769231 0.6430288461538461 0.07692307692307693 0.14543269230769232
3 0.25841346153846156 0.3545673076923077 0.0889423076923077 0.11778846153846154
3 0.22956730769230768 0.5564903846153846 0.0889423076923077 0.11298076923076923
3 0.3870192307692308 0.40024038461538464 0.07211538461538461 0.15625
3 0.6334134615384616 0.5564903846153846 0.1045673076923077 0.11298076923076923
3 0.7139423076923077 0.36778846153846156 0.09735576923076923 0.16706730769230768
3 0.7944711538461539 0.7307692307692307 0.11298076923076923 0.171875
3 0.421875 0.7980769230769231 0.10096153846153846 0.11298076923076923
3 0.35336538461538464 0.6237980769230769 0.06850961538461539 0.10697115384615384
3 0.11298076923076923 0.3112980769230769 0.0889423076923077 0.10697115384615384
3 0.24759615384615385 0.171875 0.125 0.12860576923076922
3 0.41586538461538464 0.04326923076923077 0.11298076923076923 0.08653846153846154
3 0.2644230769230769 0.9411057692307693 0.109375 0.10697115384615384