0 0.10185185185185185 0.5856481481481481 0.11342592592592593 0.5902777777777778 0.13425925925925927 0.6041666666666666 0.13425925925925927 0.6064814814814815 0.1412037037037037 0.6111111111111112 0.14814814814814814 0.6203703703703703 0.15046296296296297 0.6296296296296297 0.1550925925925926 0.6365740740740741 0.1550925925925926 0.6458333333333334 0.1574074074074074 0.6481481481481481 0.1574074074074074 0.6689814814814815 0.16203703703703703 0.6805555555555556 0.16203703703703703 0.6851851851851852 0.1574074074074074 0.6944444444444444 0.12962962962962962 0.7106481481481481 0.11805555555555555 0.7106481481481481 0.1087962962962963 0.7175925925925926 0.09490740740740741 0.7199074074074074 0.08564814814814815 0.7245370370370371 0.07175925925925926 0.7245370370370371 0.06944444444444445 0.7268518518518519 0.05092592592592592 0.7291666666666666 0.04861111111111111 0.7314814814814815 0.018518518518518517 0.7314814814814815 0.016203703703703703 0.7337962962962963 0 0.7337962962962963 0 0.6180555555555556 0.004629629629629629 0.6157407407407407 0.004629629629629629 0.6111111111111112 0.011574074074074073 0.6064814814814815 0.011574074074074073 0.6041666666666666 0.027777777777777776 0.6018518518518519 0.032407407407407406 0.5972222222222222 0.041666666666666664 0.5972222222222222 0.06018518518518518 0.5879629629629629 0.06944444444444445 0.5879629629629629 0.0763888888888889 0.5833333333333334 0.09722222222222222 0.5833333333333334 0.09953703703703703 0.5856481481481481
0 0.8796296296296297 0.17824074074074073 0.8819444444444444 0.18055555555555555 0.8958333333333334 0.18055555555555555 0.9050925925925926 0.18518518518518517 0.9166666666666666 0.18518518518518517 0.9189814814814815 0.19675925925925927 0.9143518518518519 0.2037037037037037 0.9143518518518519 0.21296296296296297 0.9120370370370371 0.2175925925925926 0.8888888888888888 0.2175925925925926 0.8865740740740741 0.2152777777777778 0.8611111111111112 0.2152777777777778 0.8587962962962963 0.21296296296296297 0.8472222222222222 0.21296296296296297 0.8472222222222222 0.2013888888888889 0.8518518518518519 0.19675925925925927 0.8541666666666666 0.18518518518518517 0.8611111111111112 0.17824074074074073 0.8773148148148148 0.17824074074074073
0 0.9236111111111112 0.1875 0.9282407407407407 0.1875 0.9305555555555556 0.18518518518518517 0.9513888888888888 0.18518518518518517 0.9583333333333334 0.19212962962962962 0.9675925925925926 0.1875 0.9699074074074074 0.19212962962962962 0.9745370370370371 0.19444444444444445 0.9745370370370371 0.19907407407407407 0.9768518518518519 0.2013888888888889 0.9745370370370371 0.2199074074074074 0.9560185185185185 0.2199074074074074 0.9537037037037037 0.2175925925925926 0.9328703703703703 0.2199074074074074 0.9305555555555556 0.2175925925925926 0.9212962962962963 0.2175925925925926 0.9166666666666666 0.21296296296296297 0.9189814814814815 0.21064814814814814 0.9189814814814815 0.2013888888888889 0.9236111111111112 0.18981481481481483
0 0.9907407407407407 0.1712962962962963 0.9930555555555556 0.1736111111111111 0.9976851851851852 0.1736111111111111 0.9976851851851852 0.2175925925925926 0.9953703703703703 0.2199074074074074 0.9861111111111112 0.2199074074074074 0.9837962962962963 0.20833333333333334 0.9791666666666666 0.20601851851851852 0.9768518518518519 0.19444444444444445 0.9722222222222222 0.19212962962962962 0.9722222222222222 0.1875 0.9699074074074074 0.18518518518518517 0.9722222222222222 0.18287037037037038 0.9722222222222222 0.17824074074074073 0.9791666666666666 0.1736111111111111 0.9884259259259259 0.1736111111111111
0 0.41435185185185186 0.14814814814814814 0.41898148148148145 0.14583333333333334 0.4583333333333333 0.14583333333333334 0.46064814814814814 0.14814814814814814 0.4722222222222222 0.14814814814814814 0.47453703703703703 0.15046296296296297 0.47685185185185186 0.14814814814814814 0.4837962962962963 0.14814814814814814 0.49537037037037035 0.1527777777777778 0.4976851851851852 0.16203703703703703 0.5023148148148148 0.16666666666666666 0.5023148148148148 0.1712962962962963 0.5046296296296297 0.1736111111111111 0.5046296296296297 0.18287037037037038 0.5023148148148148 0.18518518518518517 0.4930555555555556 0.18518518518518517 0.49074074074074076 0.18287037037037038 0.45601851851851855 0.18287037037037038 0.4537037037037037 0.18055555555555555 0.43287037037037035 0.17824074074074073 0.41435185185185186 0.16898148148148148 0.4166666666666667 0.16435185185185186 0.41435185185185186 0.16203703703703703 0.4166666666666667 0.1574074074074074 0.41435185185185186 0.1550925925925926 0.41435185185185186 0.15046296296296297
0 0.5324074074074074 0.1527777777777778 0.5347222222222222 0.1550925925925926 0.5439814814814815 0.1550925925925926 0.5486111111111112 0.16203703703703703 0.5416666666666666 0.16898148148148148 0.5416666666666666 0.18518518518518517 0.5393518518518519 0.1875 0.5092592592592593 0.18287037037037038 0.5069444444444444 0.18055555555555555 0.5046296296296297 0.16666666666666666 0.5 0.16203703703703703 0.5023148148148148 0.1574074074074074 0.5115740740740741 0.1574074074074074 0.5185185185185185 0.1527777777777778 0.5300925925925926 0.1527777777777778
0 0.5949074074074074 0.1527777777777778 0.5995370370370371 0.16435185185185186 0.5995370370370371 0.19675925925925927 0.5949074074074074 0.19907407407407407 0.5902777777777778 0.19675925925925927 0.5833333333333334 0.19907407407407407 0.5717592592592593 0.19444444444444445 0.5671296296296297 0.19675925925925927 0.5648148148148148 0.19444444444444445 0.5486111111111112 0.19212962962962962 0.5416666666666666 0.17824074074074073 0.5416666666666666 0.16898148148148148 0.5486111111111112 0.16203703703703703 0.5601851851851852 0.1597222222222222 0.5763888888888888 0.1527777777777778 0.5925925925925926 0.1527777777777778
0 0.6064814814814815 0.1574074074074074 0.6087962962962963 0.1597222222222222 0.6111111111111112 0.1574074074074074 0.6412037037037037 0.1574074074074074 0.6435185185185185 0.1597222222222222 0.6435185185185185 0.16898148148148148 0.6412037037037037 0.1712962962962963 0.6412037037037037 0.19907407407407407 0.6319444444444444 0.2013888888888889 0.6296296296296297 0.19907407407407407 0.6041666666666666 0.19907407407407407 0.5995370370370371 0.19675925925925927 0.6018518518518519 0.19212962962962962 0.6018518518518519 0.1597222222222222 0.6041666666666666 0.1597222222222222
0 0.6643518518518519 0.1597222222222222 0.6666666666666666 0.16435185185185186 0.6759259259259259 0.16435185185185186 0.6782407407407407 0.16203703703703703 0.6805555555555556 0.16435185185185186 0.6875 0.16435185185185186 0.6967592592592593 0.1712962962962963 0.7037037037037037 0.17824074074074073 0.7037037037037037 0.19212962962962962 0.7013888888888888 0.19444444444444445 0.7013888888888888 0.19907407407407407 0.6967592592592593 0.2037037037037037 0.6782407407407407 0.2037037037037037 0.6759259259259259 0.2013888888888889 0.6712962962962963 0.2013888888888889 0.6597222222222222 0.20601851851851852 0.6481481481481481 0.20601851851851852 0.6435185185185185 0.2037037037037037 0.6412037037037037 0.19907407407407407 0.6412037037037037 0.18518518518518517 0.6435185185185185 0.18287037037037038 0.6435185185185185 0.16435185185185186 0.6458333333333334 0.1597222222222222 0.6481481481481481 0.1574074074074074 0.6620370370370371 0.1597222222222222
0 0.7893518518518519 0.1712962962962963 0.8032407407407407 0.17824074074074073 0.8287037037037037 0.17824074074074073 0.8310185185185185 0.18055555555555555 0.8379629629629629 0.18055555555555555 0.8425925925925926 0.18518518518518517 0.8472222222222222 0.18518518518518517 0.8449074074074074 0.20833333333333334 0.8379629629629629 0.21296296296296297 0.8101851851851852 0.21296296296296297 0.8078703703703703 0.21064814814814814 0.7962962962962963 0.21064814814814814 0.7939814814814815 0.20833333333333334 0.7916666666666666 0.21064814814814814 0.7870370370370371 0.20833333333333334 0.7708333333333334 0.20833333333333334 0.7685185185185185 0.21064814814814814 0.7476851851851852 0.21064814814814814 0.7430555555555556 0.20833333333333334 0.7407407407407407 0.21064814814814814 0.7337962962962963 0.20601851851851852 0.7199074074074074 0.2037037037037037 0.7222222222222222 0.19907407407407407 0.7199074074074074 0.19675925925925927 0.7222222222222222 0.19444444444444445 0.7222222222222222 0.18981481481481483 0.7291666666666666 0.17824074074074073 0.7291666666666666 0.1736111111111111 0.7337962962962963 0.1712962962962963 0.7384259259259259 0.1712962962962963 0.7407407407407407 0.16898148148148148 0.7870370370370371 0.1712962962962963
0 0.3611111111111111 0.14351851851851852 0.36574074074074076 0.1412037037037037 0.3726851851851852 0.1412037037037037 0.375 0.14351851851851852 0.39814814814814814 0.14351851851851852 0.40046296296296297 0.14814814814814814 0.4050925925925926 0.15046296296296297 0.40046296296296297 0.1550925925925926 0.4050925925925926 0.1574074074074074 0.4027777777777778 0.1597222222222222 0.4050925925925926 0.16435185185185186 0.4027777777777778 0.16898148148148148 0.4050925925925926 0.1712962962962963 0.4027777777777778 0.1712962962962963 0.40046296296296297 0.17592592592592593 0.375 0.17592592592592593 0.37037037037037035 0.16898148148148148 0.37037037037037035 0.1597222222222222 0.3611111111111111 0.14583333333333334