0 0.43287037037037035 0.3449074074074074 0.4351851851851852 0.3472222222222222 0.4398148148148148 0.3472222222222222 0.4513888888888889 0.35648148148148145 0.46064814814814814 0.3587962962962963 0.4652777777777778 0.36574074074074076 0.47453703703703703 0.3680555555555556 0.48148148148148145 0.37962962962962965 0.4791666666666667 0.37962962962962965 0.47453703703703703 0.38657407407407407 0.4513888888888889 0.3888888888888889 0.44907407407407407 0.3912037037037037 0.42824074074074076 0.3912037037037037 0.42592592592592593 0.3888888888888889 0.4050925925925926 0.38657407407407407 0.3958333333333333 0.37962962962962965 0.3958333333333333 0.3611111111111111 0.40046296296296297 0.3541666666666667 0.41435185185185186 0.3449074074074074 0.4305555555555556 0.3449074074074074
0 0.5972222222222222 0.23842592592592593 0.5995370370370371 0.24074074074074073 0.6018518518518519 0.23842592592592593 0.6041666666666666 0.24074074074074073 0.6157407407407407 0.24074074074074073 0.6342592592592593 0.25462962962962965 0.6365740740740741 0.2662037037037037 0.6435185185185185 0.2777777777777778 0.6458333333333334 0.28935185185185186 0.6435185185185185 0.2916666666666667 0.6435185185185185 0.30324074074074076 0.6412037037037037 0.3055555555555556 0.6412037037037037 0.3101851851851852 0.6342592592592593 0.31712962962962965 0.6296296296296297 0.31712962962962965 0.6273148148148148 0.3194444444444444 0.6087962962962963 0.3194444444444444 0.6064814814814815 0.31712962962962965 0.5763888888888888 0.31712962962962965 0.5740740740740741 0.3194444444444444 0.5671296296296297 0.3194444444444444 0.5648148148148148 0.31712962962962965 0.5625 0.3194444444444444 0.5532407407407407 0.3194444444444444 0.5509259259259259 0.31712962962962965 0.5370370370370371 0.31712962962962965 0.5277777777777778 0.3101851851851852 0.5254629629629629 0.30324074074074076 0.5185185185185185 0.29398148148148145 0.5185185185185185 0.28703703703703703 0.5138888888888888 0.2800925925925926 0.5138888888888888 0.26851851851851855 0.5254629629629629 0.25462962962962965 0.5254629629629629 0.25 0.5324074074074074 0.24305555555555555 0.5393518518518519 0.24305555555555555 0.5416666666666666 0.24074074074074073 0.5949074074074074 0.23842592592592593
0 0.41435185185185186 0.24768518518518517 0.41898148148148145 0.25 0.42824074074074076 0.2638888888888889 0.42824074074074076 0.26851851851851855 0.41898148148148145 0.27314814814814814 0.4027777777777778 0.27314814814814814 0.3958333333333333 0.26851851851851855 0.3958333333333333 0.2638888888888889 0.40046296296296297 0.2569444444444444 0.4050925925925926 0.25462962962962965 0.4097222222222222 0.24768518518518517 0.41203703703703703 0.24768518518518517
0 0.47685185185185186 0.1574074074074074 0.5046296296296297 0.17824074074074073 0.5046296296296297 0.18981481481481483 0.48842592592592593 0.21064814814814814 0.47453703703703703 0.21296296296296297 0.4699074074074074 0.2175925925925926 0.45601851851851855 0.2175925925925926 0.4537037037037037 0.2152777777777778 0.44212962962962965 0.2152777777777778 0.4398148148148148 0.21296296296296297 0.4166666666666667 0.21296296296296297 0.41435185185185186 0.21064814814814814 0.4097222222222222 0.21064814814814814 0.4074074074074074 0.20833333333333334 0.4074074074074074 0.19444444444444445 0.4097222222222222 0.19212962962962962 0.4074074074074074 0.1875 0.4097222222222222 0.18518518518518517 0.4097222222222222 0.18055555555555555 0.41203703703703703 0.18055555555555555 0.4305555555555556 0.1597222222222222 0.46064814814814814 0.1597222222222222 0.46296296296296297 0.1574074074074074 0.47453703703703703 0.1574074074074074
0 0.8819444444444444 0.2199074074074074 0.9120370370370371 0.2199074074074074 0.9236111111111112 0.22685185185185186 0.9328703703703703 0.22685185185185186 0.9467592592592593 0.24074074074074073 0.9467592592592593 0.26851851851851855 0.9421296296296297 0.27546296296296297 0.9351851851851852 0.2800925925925926 0.9189814814814815 0.2800925925925926 0.9143518518518519 0.2824074074074074 0.9120370370370371 0.2800925925925926 0.8912037037037037 0.2800925925925926 0.8865740740740741 0.27546296296296297 0.8634259259259259 0.27546296296296297 0.8611111111111112 0.27314814814814814 0.8518518518518519 0.27314814814814814 0.8541666666666666 0.26851851851851855 0.8495370370370371 0.26157407407407407 0.8541666666666666 0.25462962962962965 0.8518518518518519 0.2523148148148148 0.8541666666666666 0.25 0.8587962962962963 0.25 0.8611111111111112 0.24768518518518517 0.8611111111111112 0.24074074074074073 0.8819444444444444 0.2222222222222222
0 0.3773148148148148 0.24305555555555555 0.3773148148148148 0.24537037037037038 0.38425925925925924 0.25 0.3958333333333333 0.2708333333333333 0.39351851851851855 0.27314814814814814 0.36342592592592593 0.27314814814814814 0.3611111111111111 0.27546296296296297 0.3402777777777778 0.27546296296296297 0.33796296296296297 0.2708333333333333 0.33101851851851855 0.2662037037037037 0.3333333333333333 0.26157407407407407 0.33101851851851855 0.25925925925925924 0.33796296296296297 0.2523148148148148 0.33796296296296297 0.24537037037037038 0.3425925925925926 0.24074074074074073 0.34953703703703703 0.24074074074074073 0.35185185185185186 0.24305555555555555 0.3680555555555556 0.24074074074074073 0.37037037037037035 0.24305555555555555 0.375 0.24305555555555555
0 0.06481481481481481 0.2777777777777778 0.08101851851851852 0.2916666666666667 0.08101851851851852 0.2962962962962963 0.07407407407407407 0.30092592592592593 0.0625 0.30092592592592593 0.06018518518518518 0.30324074074074076 0.041666666666666664 0.30324074074074076 0.032407407407407406 0.2962962962962963 0.034722222222222224 0.29398148148148145 0.034722222222222224 0.28935185185185186 0.04861111111111111 0.2800925925925926 0.0625 0.2777777777777778
0 0 0.32407407407407407 0.006944444444444444 0.3263888888888889 0.009259259259259259 0.33101851851851855 0.011574074074074073 0.3263888888888889 0.016203703703703703 0.3287037037037037 0.018518518518518517 0.3263888888888889 0.018518518518518517 0.33101851851851855 0.02546296296296296 0.33564814814814814 0.03009259259259259 0.3449074074074074 0.027777777777777776 0.3472222222222222 0.02546296296296296 0.3587962962962963 0.020833333333333332 0.36342592592592593 0.013888888888888888 0.36342592592592593 0.011574074074074073 0.36574074074074076 0 0.3680555555555556 0 0.3263888888888889
0 0.47800925925925924 0.25810185185185186 0.03587962962962963 0.02199074074074074
0 0.2847222222222222 0.26157407407407407 0.28935185185185186 0.2638888888888889 0.28935185185185186 0.27546296296296297 0.2824074074074074 0.27546296296296297 0.2777777777777778 0.2800925925925926 0.2638888888888889 0.2800925925925926 0.2569444444444444 0.27546296296296297 0.2569444444444444 0.26851851851851855 0.26157407407407407 0.26851851851851855 0.2662037037037037 0.26157407407407407 0.2824074074074074 0.26157407407407407
0 0.7337962962962963 0.20833333333333334 0.7453703703703703 0.20601851851851852 0.7523148148148148 0.21296296296296297 0.7407407407407407 0.2175925925925926 0.7361111111111112 0.2152777777777778 0.7337962962962963 0.21064814814814814
0 0.7291666666666666 0.2337962962962963 0.7384259259259259 0.23148148148148148 0.7407407407407407 0.2337962962962963 0.7453703703703703 0.2337962962962963 0.7476851851851852 0.23842592592592593 0.7337962962962963 0.24074074074074073 0.7291666666666666 0.23842592592592593 0.7291666666666666 0.2361111111111111