0 0.8865740740740741 0.1388888888888889 0.8935185185185185 0.14351851851851852 0.8935185185185185 0.1527777777777778 0.8981481481481481 0.1597222222222222 0.8981481481481481 0.16898148148148148 0.8935185185185185 0.17592592592592593 0.8819444444444444 0.18518518518518517 0.8449074074074074 0.18518518518518517 0.8425925925925926 0.18287037037037038 0.8240740740740741 0.18287037037037038 0.8217592592592593 0.18518518518518517 0.8194444444444444 0.18287037037037038 0.7870370370370371 0.18287037037037038 0.7777777777777778 0.17824074074074073 0.7638888888888888 0.17824074074074073 0.7615740740740741 0.1736111111111111 0.7638888888888888 0.1712962962962963 0.7638888888888888 0.1574074074074074 0.7685185185185185 0.1527777777777778 0.7708333333333334 0.14351851851851852 0.7777777777777778 0.1388888888888889 0.7893518518518519 0.1388888888888889 0.7916666666666666 0.13657407407407407 0.8310185185185185 0.13657407407407407 0.8333333333333334 0.1388888888888889 0.8379629629629629 0.13657407407407407 0.8587962962962963 0.13657407407407407 0.8611111111111112 0.1388888888888889 0.8842592592592593 0.1388888888888889
0 0.8495370370370371 0.18518518518518517 0.8564814814814815 0.18981481481481483 0.8518518518518519 0.19675925925925927 0.8263888888888888 0.19675925925925927 0.8240740740740741 0.19444444444444445 0.8240740740740741 0.1875 0.8263888888888888 0.18518518518518517 0.8472222222222222 0.18518518518518517
0 0.49537037037037035 0.20833333333333334 0.5023148148148148 0.2199074074074074 0.5 0.22453703703703703 0.4837962962962963 0.22453703703703703 0.4791666666666667 0.2199074074074074 0.4791666666666667 0.2152777777777778 0.4861111111111111 0.20833333333333334 0.4930555555555556 0.20833333333333334
0 0.2175925925925926 0.15046296296296297 0.2199074074074074 0.1527777777777778 0.2222222222222222 0.15046296296296297 0.22916666666666666 0.15046296296296297 0.23148148148148148 0.1527777777777778 0.2523148148148148 0.1527777777777778 0.2569444444444444 0.1550925925925926 0.25925925925925924 0.1574074074074074 0.25925925925925924 0.17592592592592593 0.25462962962962965 0.17824074074074073 0.2523148148148148 0.17592592592592593 0.2175925925925926 0.17592592592592593 0.2152777777777778 0.1736111111111111 0.2152777777777778 0.1527777777777778
0 0.05324074074074074 0.1736111111111111 0.06712962962962964 0.1736111111111111 0.07407407407407407 0.17824074074074073 0.0763888888888889 0.18287037037037038 0.0763888888888889 0.18518518518518517 0.046296296296296294 0.18518518518518517 0.046296296296296294 0.17824074074074073 0.05092592592592592 0.17824074074074073 0.05324074074074074 0.17592592592592593
0 0.10648148148148148 0.1597222222222222 0.11574074074074074 0.16666666666666666 0.11805555555555555 0.17592592592592593 0.11342592592592593 0.17824074074074073 0.10185185185185185 0.17592592592592593 0.09953703703703703 0.1736111111111111 0.09953703703703703 0.16666666666666666 0.10185185185185185 0.16203703703703703 0.10416666666666667 0.16203703703703703
0 0.12268518518518519 0.16435185185185186 0.13657407407407407 0.16435185185185186 0.13425925925925927 0.17592592592592593 0.125 0.1736111111111111 0.12037037037037036 0.16898148148148148 0.12268518518518519 0.16666666666666666
0 0.9837962962962963 0.19212962962962962 0.9953703703703703 0.19212962962962962 0.9976851851851852 0.19444444444444445 0.9976851851851852 0.19675925925925927 0.9837962962962963 0.19675925925925927 0.9837962962962963 0.19444444444444445
0 0.9120370370370371 0.19212962962962962 0.9120370370370371 0.1875 0.9143518518518519 0.18518518518518517 0.9212962962962963 0.18518518518518517 0.9212962962962963 0.19212962962962962 0.9143518518518519 0.19212962962962962
0 0.30092592592592593 0.16666666666666666 0.30324074074074076 0.16898148148148148 0.30324074074074076 0.17592592592592593 0.2986111111111111 0.18055555555555555 0.2962962962962963 0.18981481481481483 0.2824074074074074 0.18981481481481483 0.2800925925925926 0.18055555555555555 0.2847222222222222 0.1712962962962963 0.2916666666666667 0.16666666666666666 0.2986111111111111 0.16666666666666666
0 0.3055555555555556 0.15555555555555556 0.3069444444444444 0.15694444444444444 0.3083333333333333 0.15555555555555556 0.3180555555555556 0.15555555555555556 0.3180555555555556 0.1527777777777778 0.31527777777777777 0.1513888888888889 0.3166666666666667 0.14444444444444443 0.3138888888888889 0.1388888888888889 0.3111111111111111 0.13749999999999998 0.3069444444444444 0.13749999999999998 0.3055555555555556 0.1388888888888889 0.2986111111111111 0.14027777777777778 0.29583333333333334 0.14305555555555555 0.29444444444444445 0.14305555555555555 0.2916666666666667 0.14583333333333334 0.2916666666666667 0.15416666666666665 0.29305555555555557 0.15555555555555556 0.3055555555555556 0.15555555555555556
0 0.18287037037037038 0.1412037037037037 0.18518518518518517 0.14351851851851852 0.19907407407407407 0.14351851851851852 0.2037037037037037 0.14583333333333334 0.20601851851851852 0.15046296296296297 0.21064814814814814 0.15046296296296297 0.20833333333333334 0.1550925925925926 0.16435185185185186 0.1550925925925926 0.16203703703703703 0.1527777777777778 0.16435185185185186 0.14814814814814814 0.16203703703703703 0.14351851851851852 0.16666666666666666 0.1388888888888889 0.17824074074074073 0.1388888888888889 0.18055555555555555 0.1412037037037037
0 0.1550925925925926 0.18518518518518517 0.1550925925925926 0.18981481481481483 0.14351851851851852 0.18981481481481483 0.14351851851851852 0.18287037037037038 0.14583333333333334 0.18055555555555555 0.1527777777777778 0.18518518518518517
0 0.4791666666666667 0.16203703703703703 0.48148148148148145 0.16435185185185186 0.48148148148148145 0.16898148148148148 0.4699074074074074 0.16898148148148148 0.4722222222222222 0.16435185185185186 0.47685185185185186 0.16435185185185186
0 0.3736111111111111 0.17222222222222225 0.37222222222222223 0.17777777777777778 0.3930555555555556 0.17777777777777778 0.3930555555555556 0.17083333333333334 0.3736111111111111 0.17222222222222225
0 0.3680555555555556 0.16898148148148148 0.37037037037037035 0.16666666666666666 0.3773148148148148 0.16666666666666666 0.3773148148148148 0.1712962962962963 0.37037037037037035 0.1712962962962963
0 0.4111111111111111 0.17083333333333334 0.3986111111111111 0.1736111111111111 0.3972222222222222 0.17777777777777778 0.4069444444444445 0.18055555555555555 0.4166666666666667 0.17777777777777778 0.4111111111111111 0.17083333333333334
0 0.3347222222222222 0.14305555555555555 0.31527777777777777 0.14583333333333334 0.3125 0.15 0.3194444444444444 0.15694444444444444 0.3388888888888889 0.15416666666666665 0.3347222222222222 0.14305555555555555
0 0.2722222222222222 0.14305555555555555 0.2708333333333333 0.15416666666666665 0.2916666666666667 0.15555555555555556 0.2916666666666667 0.14305555555555555 0.2722222222222222 0.14305555555555555
0 0.25462962962962965 0.1388888888888889 0.2638888888888889 0.14814814814814814 0.2638888888888889 0.1527777777777778 0.26157407407407407 0.1550925925925926 0.25462962962962965 0.1550925925925926 0.24537037037037038 0.15046296296296297 0.2361111111111111 0.15046296296296297 0.2337962962962963 0.14814814814814814 0.2337962962962963 0.14351851851851852 0.2361111111111111 0.1412037037037037 0.2523148148148148 0.1412037037037037
0 0.26851851851851855 0.1597222222222222 0.28935185185185186 0.1597222222222222 0.28935185185185186 0.16435185185185186 0.2824074074074074 0.16898148148148148 0.2800925925925926 0.16435185185185186 0.26851851851851855 0.16435185185185186 0.26851851851851855 0.16203703703703703