0 0.7523148148148148 0.7152777777777778 0.7731481481481481 0.7291666666666666 0.7754629629629629 0.7384259259259259 0.7800925925925926 0.7430555555555556 0.7824074074074074 0.7592592592592593 0.7870370370370371 0.7615740740740741 0.7962962962962963 0.7800925925925926 0.7962962962962963 0.7847222222222222 0.8009259259259259 0.7893518518518519 0.8032407407407407 0.8078703703703703 0.8078703703703703 0.8101851851851852 0.8101851851851852 0.8310185185185185 0.8148148148148148 0.8379629629629629 0.8148148148148148 0.8726851851851852 0.8101851851851852 0.8796296296296297 0.7708333333333334 0.8796296296296297 0.7685185185185185 0.8773148148148148 0.7615740740740741 0.8773148148148148 0.7569444444444444 0.8726851851851852 0.75 0.8726851851851852 0.7476851851851852 0.8703703703703703 0.7291666666666666 0.8657407407407407 0.7268518518518519 0.8611111111111112 0.7222222222222222 0.8587962962962963 0.7199074074074074 0.8541666666666666 0.7152777777777778 0.8518518518518519 0.7129629629629629 0.8472222222222222 0.7083333333333334 0.8449074074074074 0.6990740740740741 0.8356481481481481 0.6990740740740741 0.8333333333333334 0.6782407407407407 0.8148148148148148 0.6689814814814815 0.7986111111111112 0.6597222222222222 0.7939814814814815 0.6597222222222222 0.7916666666666666 0.6527777777777778 0.7870370370370371 0.6435185185185185 0.7754629629629629 0.6435185185185185 0.7685185185185185 0.6412037037037037 0.7662037037037037 0.6435185185185185 0.7638888888888888 0.6435185185185185 0.7569444444444444 0.6620370370370371 0.7430555555555556 0.6782407407407407 0.7407407407407407 0.6851851851851852 0.7361111111111112 0.6990740740740741 0.7337962962962963 0.7199074074074074 0.7222222222222222 0.7245370370370371 0.7222222222222222 0.7337962962962963 0.7175925925925926 0.7407407407407407 0.7175925925925926 0.7430555555555556 0.7152777777777778 0.75 0.7152777777777778
0 0.7060185185185185 0.09490740740740741 0.7083333333333334 0.09722222222222222 0.7175925925925926 0.09722222222222222 0.7199074074074074 0.11342592592592593 0.7245370370370371 0.11805555555555555 0.7268518518518519 0.12731481481481483 0.7337962962962963 0.13194444444444445 0.7337962962962963 0.15046296296296297 0.7314814814814815 0.1550925925925926 0.7222222222222222 0.16203703703703703 0.6851851851851852 0.1597222222222222 0.6828703703703703 0.1574074074074074 0.6203703703703703 0.1550925925925926 0.6134259259259259 0.15046296296296297 0.5810185185185185 0.14814814814814814 0.5740740740740741 0.1412037037037037 0.5740740740740741 0.13657407407407407 0.5717592592592593 0.13425925925925927 0.5717592592592593 0.12731481481481483 0.5763888888888888 0.11805555555555555 0.5787037037037037 0.11805555555555555 0.5856481481481481 0.1087962962962963 0.5949074074074074 0.10416666666666667 0.625 0.10416666666666667 0.6273148148148148 0.10185185185185185 0.6342592592592593 0.10185185185185185 0.6365740740740741 0.10416666666666667 0.6574074074074074 0.10416666666666667 0.6597222222222222 0.10185185185185185 0.6828703703703703 0.09953703703703703 0.6851851851851852 0.09722222222222222 0.6990740740740741 0.09722222222222222 0.7037037037037037 0.09490740740740741
0 0.5046296296296297 0.125 0.5069444444444444 0.12962962962962962 0.5023148148148148 0.1412037037037037 0.48842592592592593 0.1412037037037037 0.4791666666666667 0.13657407407407407 0.4861111111111111 0.12962962962962962 0.49074074074074076 0.12962962962962962 0.49537037037037035 0.125 0.5023148148148148 0.125
0 0.9675925925925926 0.04861111111111111 0.9722222222222222 0.05324074074074074 0.9884259259259259 0.05555555555555555 0.9907407407407407 0.06018518518518518 0.9953703703703703 0.0625 0.9953703703703703 0.06712962962962964 0.9976851851851852 0.06944444444444445 0.9976851851851852 0.1550925925925926 0.9907407407407407 0.1597222222222222 0.9930555555555556 0.16435185185185186 0.9907407407407407 0.16666666666666666 0.9907407407407407 0.17592592592592593 0.9583333333333334 0.17592592592592593 0.9537037037037037 0.1712962962962963 0.9490740740740741 0.1712962962962963 0.9444444444444444 0.16435185185185186 0.9421296296296297 0.1550925925925926 0.9189814814814815 0.12962962962962962 0.9027777777777778 0.12731481481481483 0.8958333333333334 0.12268518518518519 0.8819444444444444 0.12962962962962962 0.8796296296296297 0.13425925925925927 0.8726851851851852 0.1388888888888889 0.8726851851851852 0.1412037037037037 0.8703703703703703 0.1388888888888889 0.8657407407407407 0.14351851851851852 0.8587962962962963 0.13425925925925927 0.8587962962962963 0.12962962962962962 0.8564814814814815 0.12731481481481483 0.8541666666666666 0.10416666666666667 0.8587962962962963 0.09722222222222222 0.8726851851851852 0.08564814814814815 0.8726851851851852 0.08101851851851852 0.8888888888888888 0.06712962962962964 0.8958333333333334 0.0625 0.9074074074074074 0.06018518518518518 0.9120370370370371 0.05555555555555555 0.9212962962962963 0.05555555555555555 0.9236111111111112 0.05324074074074074 0.9328703703703703 0.05324074074074074 0.9351851851851852 0.05092592592592592 0.9467592592592593 0.05092592592592592 0.9490740740740741 0.04861111111111111 0.9652777777777778 0.04861111111111111
0 0.9050925925925926 0.12731481481481483 0.9074074074074074 0.12962962962962962 0.9212962962962963 0.13194444444444445 0.9212962962962963 0.13425925925925927 0.9259259259259259 0.13657407407407407 0.9398148148148148 0.1527777777777778 0.9444444444444444 0.16898148148148148 0.9398148148148148 0.1736111111111111 0.9328703703703703 0.1736111111111111 0.9305555555555556 0.17592592592592593 0.9027777777777778 0.1736111111111111 0.9004629629629629 0.1712962962962963 0.8587962962962963 0.1712962962962963 0.8541666666666666 0.16898148148148148 0.8541666666666666 0.1597222222222222 0.8611111111111112 0.14583333333333334 0.8703703703703703 0.1412037037037037 0.8888888888888888 0.125 0.9004629629629629 0.125 0.9027777777777778 0.12731481481481483
0 0.8518518518518519 0.1111111111111111 0.8587962962962963 0.14583333333333334 0.8518518518518519 0.1574074074074074 0.8518518518518519 0.16435185185185186 0.8449074074074074 0.16898148148148148 0.8101851851851852 0.16898148148148148 0.8009259259259259 0.16435185185185186 0.7893518518518519 0.16435185185185186 0.7893518518518519 0.1597222222222222 0.7962962962962963 0.1550925925925926 0.7986111111111112 0.14814814814814814 0.8055555555555556 0.1388888888888889 0.8217592592592593 0.12268518518518519 0.8240740740740741 0.12268518518518519 0.8263888888888888 0.11805555555555555 0.8379629629629629 0.1111111111111111 0.8495370370370371 0.1111111111111111
0 0.7777777777777778 0.09490740740740741 0.7800925925925926 0.09722222222222222 0.7870370370370371 0.09722222222222222 0.7916666666666666 0.10185185185185185 0.8240740740740741 0.10185185185185185 0.8263888888888888 0.10416666666666667 0.8310185185185185 0.10416666666666667 0.8240740740740741 0.11805555555555555 0.8078703703703703 0.13425925925925927 0.8078703703703703 0.13657407407407407 0.8032407407407407 0.1388888888888889 0.7962962962962963 0.15046296296296297 0.7824074074074074 0.16203703703703703 0.7800925925925926 0.1597222222222222 0.7430555555555556 0.1597222222222222 0.7407407407407407 0.16203703703703703 0.7361111111111112 0.16203703703703703 0.7337962962962963 0.1597222222222222 0.7430555555555556 0.125 0.7523148148148148 0.1111111111111111 0.7546296296296297 0.1111111111111111 0.7685185185185185 0.09722222222222222 0.7754629629629629 0.09490740740740741
0 0.7222222222222222 0.1087962962962963 0.7268518518518519 0.1111111111111111 0.7291666666666666 0.1087962962962963 0.7546296296296297 0.1087962962962963 0.7546296296296297 0.11342592592592593 0.7476851851851852 0.11805555555555555 0.7384259259259259 0.13194444444444445 0.7291666666666666 0.12731481481481483 0.7268518518518519 0.11805555555555555 0.7222222222222222 0.1111111111111111
0 0.10185185185185185 0.2708333333333333 0.1087962962962963 0.27546296296296297 0.11342592592592593 0.27546296296296297 0.12268518518518519 0.2847222222222222 0.12268518518518519 0.28703703703703703 0.12731481481481483 0.28935185185185186 0.12731481481481483 0.29398148148148145 0.13425925925925927 0.30324074074074076 0.13657407407407407 0.3148148148148148 0.1412037037037037 0.31712962962962965 0.1388888888888889 0.32407407407407407 0.13425925925925927 0.3287037037037037 0.125 0.33101851851851855 0.12037037037037036 0.33564814814814814 0.10648148148148148 0.31712962962962965 0.10185185185185185 0.3148148148148148 0.08796296296296297 0.3148148148148148 0.08564814814814815 0.3101851851851852 0.0787037037037037 0.3101851851851852 0.0763888888888889 0.30787037037037035 0.0763888888888889 0.2962962962962963 0.07175925925925926 0.29398148148148145 0.07175925925925926 0.28935185185185186 0.06944444444444445 0.28703703703703703 0.06944444444444445 0.27546296296296297 0.06712962962962964 0.27314814814814814 0.0625 0.27314814814814814 0.07175925925925926 0.26851851851851855 0.09722222222222222 0.26851851851851855 0.09953703703703703 0.2708333333333333
0 0 0.29398148148148145 0.009259259259259259 0.28935185185185186 0.02546296296296296 0.28935185185185186 0.027777777777777776 0.2916666666666667 0.032407407407407406 0.2916666666666667 0.034722222222222224 0.2962962962962963 0.041666666666666664 0.2986111111111111 0.046296296296296294 0.30324074074074076 0.06018518518518518 0.3055555555555556 0.06944444444444445 0.31712962962962965 0.06712962962962964 0.3333333333333333 0.06481481481481481 0.33564814814814814 0.06712962962962964 0.34953703703703703 0.0625 0.34953703703703703 0.06018518518518518 0.35185185185185186 0.02546296296296296 0.35185185185185186 0.013888888888888888 0.3425925925925926 0.004629629629629629 0.32407407407407407 0 0.32175925925925924 0 0.2962962962962963
0 0 0.32407407407407407 0.004629629629629629 0.3263888888888889 0.004629629629629629 0.33101851851851855 0.016203703703703703 0.3472222222222222 0.016203703703703703 0.36342592592592593 0 0.36574074074074076 0 0.3263888888888889
0 0.23842592592592593 0.25462962962962965 0.24074074074074073 0.2569444444444444 0.24537037037037038 0.2569444444444444 0.24537037037037038 0.2638888888888889 0.24305555555555555 0.2662037037037037 0.22916666666666666 0.2662037037037037 0.22916666666666666 0.2569444444444444 0.2361111111111111 0.25462962962962965
0 0.24074074074074073 0.33101851851851855 0.24074074074074073 0.32407407407407407 0.24305555555555555 0.32175925925925924 0.25462962962962965 0.32175925925925924 0.2569444444444444 0.32407407407407407 0.26157407407407407 0.32407407407407407 0.26157407407407407 0.3287037037037037 0.25462962962962965 0.33564814814814814 0.25 0.33564814814814814 0.24305555555555555 0.33101851851851855
0 0.26157407407407407 0.3402777777777778 0.26851851851851855 0.3402777777777778 0.27546296296296297 0.3449074074074074 0.26851851851851855 0.34953703703703703 0.2662037037037037 0.3472222222222222 0.26157407407407407 0.3472222222222222 0.25925925925925924 0.3449074074074074 0.26157407407407407 0.3425925925925926
0 0.25462962962962965 0.27314814814814814 0.25925925925925924 0.2800925925925926 0.25462962962962965 0.2824074074074074 0.24305555555555555 0.2800925925925926 0.24768518518518517 0.27546296296296297 0.2523148148148148 0.27546296296296297
0 0.020833333333333332 0.2569444444444444 0.02546296296296296 0.2569444444444444 0.02546296296296296 0.25925925925925924 0.032407407407407406 0.2638888888888889 0.03935185185185185 0.2777777777777778 0.04398148148148148 0.2824074074074074 0.04398148148148148 0.28703703703703703 0.03935185185185185 0.2916666666666667 0.034722222222222224 0.2916666666666667 0.018518518518518517 0.26851851851851855 0.018518518518518517 0.26157407407407407 0.020833333333333332 0.25925925925925924
0 0.05324074074074074 0.24768518518518517 0.0625 0.25462962962962965 0.07175925925925926 0.25462962962962965 0.0763888888888889 0.2569444444444444 0.08101851851851852 0.26157407407407407 0.0787037037037037 0.2662037037037037 0.0625 0.26851851851851855 0.06018518518518518 0.27314814814814814 0.04861111111111111 0.2824074074074074 0.041666666666666664 0.2800925925925926 0.041666666666666664 0.27314814814814814 0.03935185185185185 0.2708333333333333 0.03935185185185185 0.25 0.046296296296296294 0.24537037037037038 0.05092592592592592 0.24768518518518517
0 0 0.26157407407407407 0.009259259259259259 0.2638888888888889 0.011574074074074073 0.26851851851851855 0.011574074074074073 0.27314814814814814 0.009259259259259259 0.27546296296296297 0 0.2777777777777778 0 0.2638888888888889