0 0.6689814814814815 0.8680555555555556 0.6875 0.8819444444444444 0.6921296296296297 0.8819444444444444 0.6967592592592593 0.8888888888888888 0.6967592592592593 0.8981481481481481 0.6921296296296297 0.9050925925925926 0.6805555555555556 0.9120370370370371 0.6712962962962963 0.9212962962962963 0.6666666666666666 0.9212962962962963 0.6620370370370371 0.9259259259259259 0.6296296296296297 0.9236111111111112 0.6273148148148148 0.9212962962962963 0.6180555555555556 0.9212962962962963 0.6087962962962963 0.9259259259259259 0.5995370370370371 0.9259259259259259 0.5972222222222222 0.9236111111111112 0.5972222222222222 0.9143518518518519 0.6018518518518519 0.9120370370370371 0.6041666666666666 0.9050925925925926 0.6111111111111112 0.8981481481481481 0.6157407407407407 0.8888888888888888 0.6342592592592593 0.8703703703703703 0.6504629629629629 0.8634259259259259 0.6666666666666666 0.8680555555555556
0 0.8217592592592593 0.9212962962962963 0.8310185185185185 0.9328703703703703 0.8287037037037037 0.9606481481481481 0.8240740740740741 0.9652777777777778 0.8217592592592593 0.9768518518518519 0.8078703703703703 0.9837962962962963 0.7986111111111112 0.9837962962962963 0.7939814814814815 0.9884259259259259 0.7708333333333334 0.9884259259259259 0.7685185185185185 0.9837962962962963 0.7685185185185185 0.9629629629629629 0.7708333333333334 0.9606481481481481 0.7708333333333334 0.9513888888888888 0.7754629629629629 0.9490740740740741 0.7777777777777778 0.9421296296296297 0.7847222222222222 0.9328703703703703 0.7847222222222222 0.9282407407407407 0.8032407407407407 0.9212962962962963 0.8194444444444444 0.9212962962962963
0 0.5370370370370371 0.8101851851851852 0.5416666666666666 0.8194444444444444 0.5532407407407407 0.8217592592592593 0.5509259259259259 0.8240740740740741 0.5532407407407407 0.8263888888888888 0.5532407407407407 0.8402777777777778 0.5416666666666666 0.8634259259259259 0.5324074074074074 0.8634259259259259 0.5185185185185185 0.8564814814814815 0.5185185185185185 0.8541666666666666 0.5138888888888888 0.8518518518518519 0.5092592592592593 0.8402777777777778 0.5092592592592593 0.8263888888888888 0.5115740740740741 0.8240740740740741 0.5138888888888888 0.8125 0.5185185185185185 0.8101851851851852 0.5347222222222222 0.8101851851851852
0 0.6574074074074074 0.8194444444444444 0.6736111111111112 0.8194444444444444 0.6782407407407407 0.8240740740740741 0.6805555555555556 0.8449074074074074 0.6782407407407407 0.8472222222222222 0.6782407407407407 0.8564814814814815 0.6712962962962963 0.8657407407407407 0.6597222222222222 0.8657407407407407 0.6574074074074074 0.8634259259259259 0.6296296296296297 0.8657407407407407 0.625 0.8634259259259259 0.6226851851851852 0.8564814814814815 0.6180555555555556 0.8518518518518519 0.6180555555555556 0.8449074074074074 0.6157407407407407 0.8425925925925926 0.6180555555555556 0.8310185185185185 0.6296296296296297 0.8263888888888888 0.6458333333333334 0.8263888888888888 0.6574074074074074 0.8217592592592593
0 0.5541666666666667 0.8027777777777778 0.5569444444444445 0.8236111111111112 0.5888888888888889 0.8152777777777778 0.5805555555555556 0.7986111111111112 0.5541666666666667 0.8027777777777778
0 0.5666666666666667 0.7763888888888888 0.5750000000000001 0.7680555555555556 0.5750000000000001 0.7583333333333334 0.5680555555555555 0.748611111111111 0.5527777777777778 0.7430555555555556 0.5236111111111111 0.75 0.49722222222222223 0.7666666666666666 0.49722222222222223 0.7763888888888888 0.5041666666666667 0.7805555555555556 0.5472222222222223 0.7833333333333333 0.5666666666666667 0.7763888888888888
0 0.6226851851851852 0.6805555555555556 0.6365740740740741 0.6875 0.6365740740740741 0.7199074074074074 0.6273148148148148 0.7337962962962963 0.6203703703703703 0.7337962962962963 0.6180555555555556 0.7361111111111112 0.6111111111111112 0.7337962962962963 0.5995370370370371 0.7199074074074074 0.5856481481481481 0.7199074074074074 0.5810185185185185 0.7175925925925926 0.5810185185185185 0.7013888888888888 0.5972222222222222 0.6875 0.6203703703703703 0.6805555555555556
0 0.3819444444444444 0.6296296296296297 0.3819444444444444 0.6226851851851852 0.3958333333333333 0.6111111111111112 0.4050925925925926 0.6180555555555556 0.4097222222222222 0.6342592592592593 0.4027777777777778 0.6388888888888888 0.3958333333333333 0.6388888888888888 0.3912037037037037 0.6342592592592593 0.38657407407407407 0.6342592592592593 0.38425925925925924 0.6296296296296297
0 0.5787037037037037 0.7199074074074074 0.5810185185185185 0.7222222222222222 0.5995370370370371 0.7222222222222222 0.6064814814814815 0.7291666666666666 0.6134259259259259 0.7384259259259259 0.6087962962962963 0.7407407407407407 0.5995370370370371 0.7407407407407407 0.5972222222222222 0.7430555555555556 0.5625 0.7407407407407407 0.5601851851851852 0.7384259259259259 0.5555555555555556 0.7384259259259259 0.5509259259259259 0.7337962962962963 0.5324074074074074 0.7314814814814815 0.5324074074074074 0.7245370370370371 0.5347222222222222 0.7222222222222222 0.5555555555555556 0.7199074074074074 0.5578703703703703 0.7175925925925926 0.5694444444444444 0.7175925925925926 0.5717592592592593 0.7199074074074074 0.5763888888888888 0.7199074074074074
0 0.5231481481481481 0.5277777777777778 0.5254629629629629 0.5300925925925926 0.5370370370370371 0.5324074074074074 0.5393518518518519 0.5347222222222222 0.5393518518518519 0.5439814814814815 0.5416666666666666 0.5462962962962963 0.5416666666666666 0.5509259259259259 0.5370370370370371 0.5555555555555556 0.5254629629629629 0.5601851851851852 0.5046296296296297 0.5601851851851852 0.5023148148148148 0.5578703703703703 0.4976851851851852 0.5578703703703703 0.4976851851851852 0.5486111111111112 0.49537037037037035 0.5462962962962963 0.4976851851851852 0.5416666666666666 0.5 0.5416666666666666 0.5092592592592593 0.5324074074074074 0.5208333333333334 0.5277777777777778
0 0.6365740740740741 0.27314814814814814 0.6388888888888888 0.27546296296296297 0.6504629629629629 0.27314814814814814 0.6527777777777778 0.27546296296296297 0.6712962962962963 0.2777777777777778 0.6782407407407407 0.2847222222222222 0.6828703703703703 0.29398148148148145 0.6921296296296297 0.30324074074074076 0.6921296296296297 0.3425925925925926 0.6875 0.3472222222222222 0.6620370370370371 0.35185185185185186 0.6574074074074074 0.35648148148148145 0.6435185185185185 0.3587962962962963 0.6412037037037037 0.35648148148148145 0.6319444444444444 0.35648148148148145 0.6226851851851852 0.34953703703703703 0.6087962962962963 0.34953703703703703 0.6064814814814815 0.3472222222222222 0.6018518518518519 0.34953703703703703 0.5925925925925926 0.3449074074074074 0.5694444444444444 0.3425925925925926 0.5671296296296297 0.3402777777777778 0.5671296296296297 0.33564814814814814 0.5625 0.33101851851851855 0.5625 0.32407407407407407 0.5601851851851852 0.32175925925925924 0.5601851851851852 0.3101851851851852 0.5763888888888888 0.2916666666666667 0.6041666666666666 0.2777777777777778 0.6134259259259259 0.2777777777777778 0.6157407407407407 0.27546296296296297 0.6342592592592593 0.27546296296296297
0 0.5115740740740741 0.28935185185185186 0.5092592592592593 0.30092592592592593 0.4976851851851852 0.30787037037037035 0.47685185185185186 0.30787037037037035 0.47453703703703703 0.30324074074074076 0.47685185185185186 0.29398148148148145 0.48148148148148145 0.2916666666666667 0.49074074074074076 0.2916666666666667 0.4930555555555556 0.28935185185185186 0.5092592592592593 0.28935185185185186
0 0.4699074074074074 0.2824074074074074 0.4699074074074074 0.2662037037037037 0.47453703703703703 0.26157407407407407 0.48842592592592593 0.25462962962962965 0.49537037037037035 0.25462962962962965 0.5046296296296297 0.2638888888888889 0.5046296296296297 0.27314814814814814 0.4976851851851852 0.2800925925925926 0.4930555555555556 0.2800925925925926 0.49074074074074076 0.2824074074074074 0.4722222222222222 0.2824074074074074
0 0.6921296296296297 0.6157407407407407 0.6944444444444444 0.6180555555555556 0.6990740740740741 0.6180555555555556 0.6990740740740741 0.6203703703703703 0.7037037037037037 0.6226851851851852 0.7083333333333334 0.6296296296296297 0.7106481481481481 0.6296296296296297 0.7106481481481481 0.6412037037037037 0.7013888888888888 0.6435185185185185 0.6944444444444444 0.6481481481481481 0.6851851851851852 0.6481481481481481 0.6828703703703703 0.6504629629629629 0.6643518518518519 0.6481481481481481 0.6620370370370371 0.6435185185185185 0.6504629629629629 0.6458333333333334 0.6388888888888888 0.6365740740740741 0.6388888888888888 0.6296296296296297 0.6365740740740741 0.6273148148148148 0.6412037037037037 0.6180555555555556 0.6481481481481481 0.6180555555555556 0.6504629629629629 0.6157407407407407 0.6898148148148148 0.6157407407407407
0 0.6504629629629629 0.7708333333333334 0.6504629629629629 0.7754629629629629 0.6550925925925926 0.7824074074074074 0.6574074074074074 0.8148148148148148 0.6435185185185185 0.8217592592592593 0.6296296296296297 0.8217592592592593 0.6273148148148148 0.8240740740740741 0.6226851851851852 0.8217592592592593 0.6180555555555556 0.8240740740740741 0.6134259259259259 0.8171296296296297 0.6041666666666666 0.8148148148148148 0.5972222222222222 0.8101851851851852 0.5949074074074074 0.8055555555555556 0.5902777777777778 0.8032407407407407 0.5902777777777778 0.7986111111111112 0.5949074074074074 0.7939814814814815 0.5972222222222222 0.7870370370370371 0.6203703703703703 0.7685185185185185 0.6458333333333334 0.7685185185185185 0.6481481481481481 0.7708333333333334
0 0.6157407407407407 0.7430555555555556 0.6203703703703703 0.7476851851851852 0.6226851851851852 0.7453703703703703 0.6273148148148148 0.7453703703703703 0.6296296296296297 0.7569444444444444 0.625 0.7592592592592593 0.6296296296296297 0.7662037037037037 0.6180555555555556 0.7685185185185185 0.6157407407407407 0.7731481481481481 0.6087962962962963 0.7754629629629629 0.5995370370370371 0.7824074074074074 0.5810185185185185 0.7731481481481481 0.5763888888888888 0.7615740740740741 0.5763888888888888 0.7476851851851852 0.5787037037037037 0.7453703703703703 0.5833333333333334 0.7476851851851852 0.5949074074074074 0.7476851851851852 0.5972222222222222 0.7453703703703703 0.6064814814814815 0.7453703703703703 0.6087962962962963 0.7430555555555556 0.6134259259259259 0.7453703703703703
0 0.6620370370370371 0.7361111111111112 0.05555555555555555 0.03009259259259259
0 0.7060185185185185 0.7754629629629629 0.7083333333333334 0.7777777777777778 0.7175925925925926 0.7777777777777778 0.7175925925925926 0.7962962962962963 0.7106481481481481 0.8055555555555556 0.6990740740740741 0.8078703703703703 0.6967592592592593 0.8101851851851852 0.6643518518518519 0.8101851851851852 0.6643518518518519 0.8055555555555556 0.6597222222222222 0.8009259259259259 0.6574074074074074 0.7800925925925926 0.6620370370370371 0.7777777777777778 0.6782407407407407 0.7777777777777778 0.6805555555555556 0.7754629629629629 0.6967592592592593 0.7754629629629629 0.6990740740740741 0.7777777777777778 0.7037037037037037 0.7754629629629629
0 0.6967592592592593 0.7407407407407407 0.6990740740740741 0.7430555555555556 0.7060185185185185 0.7430555555555556 0.7060185185185185 0.7453703703703703 0.7106481481481481 0.7476851851851852 0.7106481481481481 0.7615740740740741 0.6944444444444444 0.7615740740740741 0.6851851851851852 0.7662037037037037 0.6712962962962963 0.7662037037037037 0.6689814814814815 0.7615740740740741 0.6689814814814815 0.75 0.6805555555555556 0.7430555555555556 0.6944444444444444 0.7430555555555556
0 0.7060185185185185 0.7013888888888888 0.7129629629629629 0.6990740740740741 0.7175925925925926 0.6944444444444444 0.7245370370370371 0.6944444444444444 0.7337962962962963 0.6875 0.75 0.6875 0.7615740740740741 0.7106481481481481 0.7615740740740741 0.7314814814814815 0.7569444444444444 0.7407407407407407 0.75 0.7407407407407407 0.7430555555555556 0.7453703703703703 0.7384259259259259 0.7430555555555556 0.7222222222222222 0.7453703703703703 0.7175925925925926 0.7407407407407407 0.7060185185185185 0.7407407407407407 0.7013888888888888 0.7384259259259259 0.7013888888888888 0.7361111111111112 0.6967592592592593 0.7337962962962963 0.6898148148148148 0.7245370370370371 0.6921296296296297 0.7152777777777778 0.7060185185185185 0.7037037037037037
0 0.6736111111111112 0.6898148148148148 0.6828703703703703 0.6944444444444444 0.6875 0.7060185185185185 0.6875 0.7129629629629629 0.6828703703703703 0.7199074074074074 0.6481481481481481 0.7199074074074074 0.6458333333333334 0.7175925925925926 0.6458333333333334 0.7083333333333334 0.6504629629629629 0.7037037037037037 0.6527777777777778 0.6944444444444444 0.6550925925925926 0.6921296296296297 0.6712962962962963 0.6898148148148148
0 0.8680555555555556 0.7962962962962963 0.8796296296296297 0.8009259259259259 0.8842592592592593 0.8078703703703703 0.8842592592592593 0.8194444444444444 0.8634259259259259 0.8287037037037037 0.8518518518518519 0.8287037037037037 0.8495370370370371 0.8263888888888888 0.8240740740740741 0.8217592592592593 0.8171296296296297 0.8171296296296297 0.8171296296296297 0.7986111111111112 0.8287037037037037 0.7939814814814815 0.8541666666666666 0.7939814814814815 0.8564814814814815 0.7962962962962963 0.8657407407407407 0.7962962962962963
0 0.8240740740740741 0.7546296296296297 0.8263888888888888 0.7569444444444444 0.8379629629629629 0.7569444444444444 0.8425925925925926 0.7615740740740741 0.8449074074074074 0.7662037037037037 0.8449074074074074 0.7870370370370371 0.8379629629629629 0.7916666666666666 0.8194444444444444 0.7939814814814815 0.8125 0.7986111111111112 0.7916666666666666 0.7870370370370371 0.7893518518518519 0.7777777777777778 0.7847222222222222 0.7731481481481481 0.7847222222222222 0.7638888888888888 0.7962962962962963 0.7546296296296297 0.8217592592592593 0.7546296296296297
0 0.7731481481481481 0.7430555555555556 0.7893518518518519 0.7546296296296297 0.7824074074074074 0.7638888888888888 0.7824074074074074 0.7685185185185185 0.7731481481481481 0.7754629629629629 0.75 0.7754629629629629 0.7476851851851852 0.7731481481481481 0.7430555555555556 0.7731481481481481 0.7384259259259259 0.7685185185185185 0.7337962962962963 0.7685185185185185 0.7314814814814815 0.7638888888888888 0.7384259259259259 0.7546296296296297 0.7430555555555556 0.7546296296296297 0.75 0.7476851851851852 0.7546296296296297 0.7476851851851852 0.7592592592592593 0.7430555555555556 0.7708333333333334 0.7430555555555556
0 0.9606481481481481 0.7337962962962963 0.9629629629629629 0.7361111111111112 0.9699074074074074 0.7361111111111112 0.9768518518518519 0.7407407407407407 0.9837962962962963 0.75 0.9837962962962963 0.7615740740740741 0.9861111111111112 0.7638888888888888 0.9861111111111112 0.7685185185185185 0.9814814814814815 0.7777777777777778 0.9745370370370371 0.7824074074074074 0.9444444444444444 0.7800925925925926 0.9421296296296297 0.7777777777777778 0.9305555555555556 0.7754629629629629 0.9236111111111112 0.7685185185185185 0.9166666666666666 0.7662037037037037 0.9143518518518519 0.7615740740740741 0.9143518518518519 0.75 0.9166666666666666 0.7476851851851852 0.9166666666666666 0.7430555555555556 0.9189814814814815 0.7430555555555556 0.9236111111111112 0.7361111111111112 0.9305555555555556 0.7314814814814815 0.9375 0.7314814814814815 0.9398148148148148 0.7337962962962963 0.9583333333333334 0.7337962962962963
0 0.8425925925925926 0.7337962962962963 0.8495370370370371 0.7407407407407407 0.8495370370370371 0.7453703703703703 0.8518518518518519 0.7476851851851852 0.8518518518518519 0.7592592592592593 0.8495370370370371 0.7615740740740741 0.8356481481481481 0.7546296296296297 0.8101851851851852 0.7523148148148148 0.8101851851851852 0.7361111111111112 0.8125 0.7337962962962963 0.8240740740740741 0.7291666666666666 0.8356481481481481 0.7291666666666666 0.8402777777777778 0.7337962962962963
0 0.8333333333333334 0.7106481481481481 0.8356481481481481 0.7129629629629629 0.8495370370370371 0.7152777777777778 0.8587962962962963 0.7083333333333334 0.8657407407407407 0.7083333333333334 0.8703703703703703 0.7129629629629629 0.8773148148148148 0.7152777777777778 0.8796296296296297 0.7222222222222222 0.8842592592592593 0.7268518518518519 0.8842592592592593 0.7361111111111112 0.8611111111111112 0.7546296296296297 0.8541666666666666 0.7546296296296297 0.8541666666666666 0.75 0.8495370370370371 0.7453703703703703 0.8472222222222222 0.7361111111111112 0.8425925925925926 0.7314814814814815 0.8379629629629629 0.7314814814814815 0.8356481481481481 0.7291666666666666 0.8333333333333334 0.7314814814814815 0.8287037037037037 0.7291666666666666 0.8263888888888888 0.7314814814814815 0.8171296296296297 0.7314814814814815 0.8078703703703703 0.7407407407407407 0.8101851851851852 0.7453703703703703 0.8032407407407407 0.7453703703703703 0.7939814814814815 0.7384259259259259 0.7893518518518519 0.7407407407407407 0.7800925925925926 0.7384259259259259 0.7708333333333334 0.7222222222222222 0.7870370370370371 0.7083333333333334 0.7939814814814815 0.7083333333333334 0.7962962962962963 0.7060185185185185 0.8171296296296297 0.7060185185185185 0.8194444444444444 0.7083333333333334 0.8287037037037037 0.7083333333333334 0.8310185185185185 0.7106481481481481
0 0.8240740740740741 0.6759259259259259 0.8263888888888888 0.6782407407407407 0.8425925925925926 0.6782407407407407 0.8449074074074074 0.6759259259259259 0.8472222222222222 0.6782407407407407 0.8541666666666666 0.6782407407407407 0.8634259259259259 0.6898148148148148 0.8564814814814815 0.7037037037037037 0.8541666666666666 0.7037037037037037 0.8495370370370371 0.7106481481481481 0.8356481481481481 0.7106481481481481 0.8287037037037037 0.7060185185185185 0.8148148148148148 0.7037037037037037 0.8125 0.6990740740740741 0.8217592592592593 0.6782407407407407
0 0.7777777777777778 0.6643518518518519 0.7939814814814815 0.6828703703703703 0.7939814814814815 0.6898148148148148 0.7824074074074074 0.7060185185185185 0.7754629629629629 0.7106481481481481 0.7731481481481481 0.7083333333333334 0.7685185185185185 0.7106481481481481 0.7685185185185185 0.7083333333333334 0.7615740740740741 0.7037037037037037 0.7569444444444444 0.6967592592592593 0.7569444444444444 0.6921296296296297 0.75 0.6851851851851852 0.7268518518518519 0.6851851851851852 0.7222222222222222 0.6828703703703703 0.7222222222222222 0.6736111111111112 0.7291666666666666 0.6712962962962963 0.7337962962962963 0.6666666666666666 0.7453703703703703 0.6643518518518519 0.75 0.6597222222222222 0.7708333333333334 0.6597222222222222 0.7754629629629629 0.6643518518518519
0 0.7037037037037037 0.6782407407407407 0.7175925925925926 0.6851851851851852 0.7175925925925926 0.6921296296296297 0.7106481481481481 0.6990740740740741 0.7060185185185185 0.6990740740740741 0.7037037037037037 0.7037037037037037 0.6967592592592593 0.7083333333333334 0.6921296296296297 0.7060185185185185 0.6851851851851852 0.6921296296296297 0.6805555555555556 0.6898148148148148 0.6805555555555556 0.6875 0.6851851851851852 0.6805555555555556 0.6921296296296297 0.6759259259259259 0.7013888888888888 0.6782407407407407
0 0.7245370370370371 0.2569444444444444 0.7361111111111112 0.2662037037037037 0.7361111111111112 0.2708333333333333 0.7337962962962963 0.27314814814814814 0.7013888888888888 0.27314814814814814 0.6921296296296297 0.2662037037037037 0.6921296296296297 0.26157407407407407 0.7013888888888888 0.2569444444444444 0.7222222222222222 0.2569444444444444
0 0.5787037037037037 0.24305555555555555 0.5879629629629629 0.25 0.5879629629629629 0.25925925925925924 0.5856481481481481 0.26157407407407407 0.5763888888888888 0.26157407407407407 0.5740740740740741 0.2638888888888889 0.5717592592592593 0.26157407407407407 0.5625 0.2662037037037037 0.5532407407407407 0.2662037037037037 0.5486111111111112 0.2569444444444444 0.5532407407407407 0.25462962962962965 0.5555555555555556 0.25 0.5763888888888888 0.24305555555555555
0 0.5196759259259259 0.26157407407407407 0.018518518518518517 0.018518518518518517
0 0.5439814814814815 0.25462962962962965 0.5462962962962963 0.25925925925925924 0.5509259259259259 0.26157407407407407 0.5509259259259259 0.26851851851851855 0.5462962962962963 0.27546296296296297 0.5416666666666666 0.2777777777777778 0.5208333333333334 0.27546296296296297 0.5162037037037037 0.26851851851851855 0.5185185185185185 0.2708333333333333 0.5231481481481481 0.26851851851851855 0.5300925925925926 0.2569444444444444 0.5416666666666666 0.25462962962962965
0 0.6620370370370371 0.24074074074074073 0.6689814814814815 0.24768518518518517 0.6689814814814815 0.2523148148148148 0.6666666666666666 0.2523148148148148 0.6620370370370371 0.25925925925925924 0.6527777777777778 0.25925925925925924 0.6435185185185185 0.25462962962962965 0.6435185185185185 0.24768518518518517 0.6481481481481481 0.24074074074074073 0.6597222222222222 0.24074074074074073
0 0.6402777777777778 0.24027777777777778 0.6305555555555555 0.2361111111111111 0.6 0.24305555555555555 0.5972222222222222 0.25416666666666665 0.6055555555555556 0.2652777777777778 0.6402777777777778 0.2472222222222222 0.6402777777777778 0.24027777777777778
0 0.7888888888888889 0.2513888888888889 0.7680555555555556 0.24027777777777778 0.7611111111111112 0.24583333333333335 0.7611111111111112 0.25416666666666665 0.7680555555555556 0.2569444444444444 0.7819444444444444 0.2569444444444444 0.7888888888888889 0.2513888888888889
0 0.7847222222222222 0.2638888888888889 0.7847222222222222 0.2708333333333333 0.7930555555555556 0.26666666666666666 0.7916666666666666 0.2611111111111111 0.7847222222222222 0.2638888888888889
0 0.8527777777777777 0.28194444444444444 0.8486111111111112 0.28750000000000003 0.8583333333333334 0.2861111111111111 0.8569444444444444 0.28055555555555556 0.8527777777777777 0.28194444444444444
0 0.6805555555555556 0.5555555555555556 0.6851851851851852 0.5532407407407407 0.6967592592592593 0.5532407407407407 0.6990740740740741 0.5578703703703703 0.7175925925925926 0.5740740740740741 0.7175925925925926 0.5787037037037037 0.7106481481481481 0.5787037037037037 0.7083333333333334 0.5810185185185185 0.6921296296296297 0.5810185185185185 0.6898148148148148 0.5787037037037037 0.6828703703703703 0.5787037037037037 0.6759259259259259 0.5717592592592593 0.6759259259259259 0.5648148148148148 0.6805555555555556 0.5578703703703703
0 0.7430555555555556 0.5810185185185185 0.7453703703703703 0.5833333333333334 0.7453703703703703 0.5949074074074074 0.7407407407407407 0.6018518518518519 0.7268518518518519 0.6018518518518519 0.7245370370370371 0.5995370370370371 0.7129629629629629 0.5995370370370371 0.7083333333333334 0.5972222222222222 0.7083333333333334 0.5902777777777778 0.7175925925925926 0.5833333333333334 0.7407407407407407 0.5810185185185185
0 0.7476851851851852 0.6388888888888888 0.7523148148148148 0.6458333333333334 0.7546296296296297 0.6574074074074074 0.75 0.6574074074074074 0.7453703703703703 0.6620370370370371 0.7291666666666666 0.6666666666666666 0.7222222222222222 0.6712962962962963 0.7175925925925926 0.6782407407407407 0.7106481481481481 0.6782407407407407 0.7083333333333334 0.6759259259259259 0.7083333333333334 0.6643518518518519 0.7129629629629629 0.6574074074074074 0.7199074074074074 0.6527777777777778 0.7291666666666666 0.6412037037037037 0.7337962962962963 0.6388888888888888 0.7453703703703703 0.6388888888888888
0 0.7708333333333334 0.4791666666666667 0.7754629629629629 0.4861111111111111 0.7754629629629629 0.4930555555555556 0.7685185185185185 0.4976851851851852 0.7453703703703703 0.4976851851851852 0.7430555555555556 0.49537037037037035 0.7337962962962963 0.49537037037037035 0.7337962962962963 0.49074074074074076 0.7430555555555556 0.4837962962962963 0.7523148148148148 0.4837962962962963 0.7615740740740741 0.4791666666666667 0.7685185185185185 0.4791666666666667
0 0.7476851851851852 0.625 0.7592592592592593 0.625 0.7685185185185185 0.6296296296296297 0.7893518518518519 0.6319444444444444 0.7939814814814815 0.6365740740740741 0.8009259259259259 0.6365740740740741 0.8055555555555556 0.6435185185185185 0.8055555555555556 0.6481481481481481 0.7962962962962963 0.6504629629629629 0.7893518518518519 0.6550925925925926 0.7754629629629629 0.6550925925925926 0.7731481481481481 0.6574074074074074 0.7685185185185185 0.6550925925925926 0.7592592592592593 0.6550925925925926 0.7569444444444444 0.6458333333333334 0.7430555555555556 0.6319444444444444 0.7430555555555556 0.6296296296296297 0.7476851851851852 0.6273148148148148
0 0.7893518518518519 0.6111111111111112 0.7986111111111112 0.6111111111111112 0.8009259259259259 0.6134259259259259 0.8078703703703703 0.6134259259259259 0.8101851851851852 0.6157407407407407 0.8217592592592593 0.6180555555555556 0.8263888888888888 0.6226851851851852 0.8310185185185185 0.6226851851851852 0.8425925925925926 0.6296296296296297 0.8449074074074074 0.6342592592592593 0.8518518518518519 0.6388888888888888 0.8518518518518519 0.6435185185185185 0.8449074074074074 0.6481481481481481 0.8402777777777778 0.6481481481481481 0.8333333333333334 0.6435185185185185 0.8125 0.6435185185185185 0.7893518518518519 0.6296296296296297 0.7893518518518519 0.625 0.7847222222222222 0.6203703703703703 0.7847222222222222 0.6157407407407407 0.7893518518518519 0.6134259259259259
0 0.75 0.6087962962962963 0.7615740740740741 0.6064814814814815 0.7638888888888888 0.6087962962962963 0.7754629629629629 0.6111111111111112 0.7824074074074074 0.6180555555555556 0.7870370370370371 0.6296296296296297 0.7824074074074074 0.6296296296296297 0.7800925925925926 0.6273148148148148 0.7615740740740741 0.6273148148148148 0.7615740740740741 0.625 0.7569444444444444 0.6226851851851852 0.7523148148148148 0.6111111111111112
0 0.8842592592592593 0.6620370370370371 0.8865740740740741 0.6643518518518519 0.8842592592592593 0.6759259259259259 0.8726851851851852 0.6759259259259259 0.8703703703703703 0.6782407407407407 0.8564814814814815 0.6782407407407407 0.8541666666666666 0.6759259259259259 0.8379629629629629 0.6759259259259259 0.8356481481481481 0.6782407407407407 0.8263888888888888 0.6759259259259259 0.8217592592592593 0.6782407407407407 0.8240740740740741 0.6736111111111112 0.8333333333333334 0.6666666666666666 0.8472222222222222 0.6643518518518519 0.8541666666666666 0.6597222222222222 0.8796296296296297 0.6597222222222222 0.8819444444444444 0.6620370370370371
0 0.8981481481481481 0.6805555555555556 0.9027777777777778 0.6851851851851852 0.9143518518518519 0.6875 0.9189814814814815 0.6921296296296297 0.9282407407407407 0.6944444444444444 0.9351851851851852 0.7037037037037037 0.9305555555555556 0.7106481481481481 0.9212962962962963 0.7152777777777778 0.9189814814814815 0.7268518518518519 0.9004629629629629 0.7384259259259259 0.8958333333333334 0.7384259259259259 0.8865740740740741 0.7314814814814815 0.8842592592592593 0.7222222222222222 0.8726851851851852 0.7083333333333334 0.8726851851851852 0.6875 0.875 0.6828703703703703 0.8796296296296297 0.6805555555555556 0.8958333333333334 0.6805555555555556
0 0.9004629629629629 0.7407407407407407 0.9027777777777778 0.7430555555555556 0.9074074074074074 0.7430555555555556 0.9097222222222222 0.7476851851851852 0.9097222222222222 0.7546296296296297 0.9004629629629629 0.7615740740740741 0.8773148148148148 0.7615740740740741 0.8680555555555556 0.7546296296296297 0.8819444444444444 0.7407407407407407 0.8981481481481481 0.7407407407407407
0 0.9351851851851852 0.7083333333333334 0.9513888888888888 0.7060185185185185 0.9560185185185185 0.7129629629629629 0.9560185185185185 0.7199074074074074 0.9583333333333334 0.7222222222222222 0.9583333333333334 0.7314814814814815 0.9282407407407407 0.7314814814814815 0.9236111111111112 0.7337962962962963 0.9212962962962963 0.7314814814814815 0.9212962962962963 0.7199074074074074 0.9282407407407407 0.7129629629629629 0.9328703703703703 0.7129629629629629 0.9351851851851852 0.7106481481481481
0 0.9560185185185185 0.6944444444444444 0.9652777777777778 0.6944444444444444 0.9699074074074074 0.6990740740740741 0.9814814814814815 0.7013888888888888 0.9976851851851852 0.7129629629629629 0.9976851851851852 0.7337962962962963 0.9722222222222222 0.7337962962962963 0.9699074074074074 0.7314814814814815 0.9629629629629629 0.7314814814814815 0.9537037037037037 0.7060185185185185 0.9537037037037037 0.6990740740740741 0.9560185185185185 0.6967592592592593
0 0.9629629629629629 0.6736111111111112 0.9699074074074074 0.6805555555555556 0.9699074074074074 0.6921296296296297 0.9652777777777778 0.6921296296296297 0.9629629629629629 0.6898148148148148 0.9282407407407407 0.6921296296296297 0.9143518518518519 0.6851851851851852 0.9097222222222222 0.6851851851851852 0.9050925925925926 0.6805555555555556 0.9050925925925926 0.6782407407407407 0.9143518518518519 0.6736111111111112 0.9305555555555556 0.6712962962962963 0.9375 0.6666666666666666 0.9490740740740741 0.6666666666666666 0.9537037037037037 0.6712962962962963 0.9583333333333334 0.6712962962962963 0.9606481481481481 0.6736111111111112
0 0.9004629629629629 0.6481481481481481 0.9027777777777778 0.6504629629629629 0.9212962962962963 0.6527777777777778 0.9212962962962963 0.6550925925925926 0.9259259259259259 0.6574074074074074 0.9305555555555556 0.6643518518518519 0.9282407407407407 0.6689814814814815 0.9166666666666666 0.6712962962962963 0.9097222222222222 0.6759259259259259 0.9004629629629629 0.6759259259259259 0.9004629629629629 0.6736111111111112 0.8819444444444444 0.6574074074074074 0.8819444444444444 0.6527777777777778 0.8842592592592593 0.6504629629629629 0.8935185185185185 0.6504629629629629 0.8981481481481481 0.6481481481481481
0 0.8310185185185185 0.6527777777777778 0.8356481481481481 0.6574074074074074 0.8356481481481481 0.6643518518518519 0.8310185185185185 0.6643518518518519 0.8287037037037037 0.6689814814814815 0.8263888888888888 0.6689814814814815 0.8217592592592593 0.6759259259259259 0.8194444444444444 0.6759259259259259 0.8148148148148148 0.6828703703703703 0.8101851851851852 0.6851851851851852 0.7986111111111112 0.6828703703703703 0.7962962962962963 0.6782407407407407 0.7824074074074074 0.6643518518518519 0.7800925925925926 0.6643518518518519 0.7870370370370371 0.6574074074074074 0.7939814814814815 0.6574074074074074 0.7986111111111112 0.6527777777777778 0.8078703703703703 0.6527777777777778 0.8101851851851852 0.6504629629629629 0.8217592592592593 0.6504629629629629 0.8240740740740741 0.6527777777777778 0.8287037037037037 0.6527777777777778
0 0.8680555555555556 0.6388888888888888 0.8726851851851852 0.6365740740740741 0.8842592592592593 0.6365740740740741 0.8888888888888888 0.6319444444444444 0.9004629629629629 0.6319444444444444 0.9050925925925926 0.6365740740740741 0.9027777777777778 0.6412037037037037 0.9050925925925926 0.6435185185185185 0.9004629629629629 0.6435185185185185 0.8935185185185185 0.6481481481481481 0.8865740740740741 0.6481481481481481 0.8819444444444444 0.6527777777777778 0.8819444444444444 0.6574074074074074 0.8726851851851852 0.6574074074074074 0.8726851851851852 0.6527777777777778 0.8680555555555556 0.6481481481481481 0.8680555555555556 0.6412037037037037
0 0.8379629629629629 0.5833333333333334 0.8564814814814815 0.5925925925925926 0.8587962962962963 0.5972222222222222 0.8564814814814815 0.6041666666666666 0.8518518518518519 0.6064814814814815 0.8171296296296297 0.6064814814814815 0.8171296296296297 0.5972222222222222 0.8194444444444444 0.5925925925925926 0.8356481481481481 0.5856481481481481
0 0.7916666666666666 0.5578703703703703 0.7939814814814815 0.5601851851851852 0.8171296296296297 0.5601851851851852 0.8194444444444444 0.5625 0.8240740740740741 0.5625 0.8310185185185185 0.5671296296296297 0.8333333333333334 0.5787037037037037 0.8310185185185185 0.5810185185185185 0.8310185185185185 0.5856481481481481 0.8194444444444444 0.5879629629629629 0.8148148148148148 0.5925925925925926 0.8101851851851852 0.5925925925925926 0.8078703703703703 0.5949074074074074 0.8032407407407407 0.5856481481481481 0.7986111111111112 0.5879629629629629 0.7962962962962963 0.5925925925925926 0.7870370370370371 0.5949074074074074 0.7824074074074074 0.5995370370370371 0.7777777777777778 0.5949074074074074 0.7638888888888888 0.5925925925925926 0.7615740740740741 0.5787037037037037 0.7708333333333334 0.5625 0.7824074074074074 0.5578703703703703 0.7893518518518519 0.5578703703703703
0 0.9074074074074074 0.5717592592592593 0.9097222222222222 0.5740740740740741 0.9189814814814815 0.5740740740740741 0.9212962962962963 0.5763888888888888 0.9236111111111112 0.5949074074074074 0.9143518518518519 0.6018518518518519 0.9120370370370371 0.6064814814814815 0.9004629629629629 0.6064814814814815 0.8981481481481481 0.6087962962962963 0.8935185185185185 0.6064814814814815 0.8796296296296297 0.6064814814814815 0.8680555555555556 0.5995370370370371 0.8680555555555556 0.5949074074074074 0.8726851851851852 0.5879629629629629 0.8796296296296297 0.5833333333333334 0.8865740740740741 0.5833333333333334 0.9004629629629629 0.5740740740740741 0.9050925925925926 0.5740740740740741
0 0.9282407407407407 0.5717592592592593 0.9398148148148148 0.5763888888888888 0.9467592592592593 0.5833333333333334 0.9467592592592593 0.6018518518518519 0.9351851851851852 0.6018518518518519 0.9282407407407407 0.5972222222222222 0.9259259259259259 0.5856481481481481 0.9236111111111112 0.5833333333333334 0.9236111111111112 0.5740740740740741 0.9259259259259259 0.5740740740740741
0 0.9884259259259259 0.6458333333333334 0.9976851851851852 0.6527777777777778 0.9976851851851852 0.6759259259259259 0.9837962962962963 0.6689814814814815 0.9768518518518519 0.6736111111111112 0.9699074074074074 0.6736111111111112 0.9583333333333334 0.6689814814814815 0.9560185185185185 0.6643518518518519 0.9583333333333334 0.6620370370370371 0.9583333333333334 0.6574074074074074 0.9722222222222222 0.6458333333333334 0.9768518518518519 0.6435185185185185 0.9837962962962963 0.6435185185185185 0.9861111111111112 0.6458333333333334
0 0.9768518518518519 0.6736111111111112 0.9837962962962963 0.6712962962962963 0.9976851851851852 0.6782407407407407 0.9976851851851852 0.7060185185185185 0.9953703703703703 0.7060185185185185 0.9768518518518519 0.6967592592592593 0.9745370370370371 0.6921296296296297 0.9745370370370371 0.6782407407407407 0.9768518518518519 0.6759259259259259
0 0.7685185185185185 0.5393518518518519 0.7731481481481481 0.5462962962962963 0.7662037037037037 0.5601851851851852 0.7569444444444444 0.5601851851851852 0.7546296296296297 0.5578703703703703 0.7569444444444444 0.5462962962962963 0.7662037037037037 0.5393518518518519
0 0.8013888888888888 0.5472222222222223 0.7958333333333334 0.5569444444444445 0.8222222222222222 0.5597222222222222 0.811111111111111 0.5458333333333334 0.8013888888888888 0.5472222222222223
0 0.8726851851851852 0.5648148148148148 0.875 0.5671296296296297 0.8796296296296297 0.5671296296296297 0.8888888888888888 0.5740740740740741 0.8912037037037037 0.5787037037037037 0.8819444444444444 0.5833333333333334 0.8773148148148148 0.5833333333333334 0.8657407407407407 0.5902777777777778 0.8587962962962963 0.5902777777777778 0.8472222222222222 0.5856481481481481 0.8472222222222222 0.5740740740740741 0.8518518518518519 0.5694444444444444 0.8703703703703703 0.5648148148148148
0 0.8819444444444444 0.5416666666666666 0.9050925925925926 0.5416666666666666 0.9074074074074074 0.5439814814814815 0.9189814814814815 0.5462962962962963 0.9212962962962963 0.5509259259259259 0.9259259259259259 0.5532407407407407 0.9212962962962963 0.5578703703703703 0.9212962962962963 0.5625 0.9143518518518519 0.5625 0.9120370370370371 0.5601851851851852 0.9004629629629629 0.5601851851851852 0.8981481481481481 0.5625 0.8935185185185185 0.5625 0.8819444444444444 0.5486111111111112 0.8819444444444444 0.5439814814814815
0 0.9513888888888888 0.5717592592592593 0.9606481481481481 0.5740740740740741 0.9745370370370371 0.5856481481481481 0.9745370370370371 0.5925925925925926 0.9629629629629629 0.5925925925925926 0.9606481481481481 0.5879629629629629 0.9537037037037037 0.5879629629629629 0.9513888888888888 0.5856481481481481 0.9490740740740741 0.5810185185185185 0.9490740740740741 0.5763888888888888 0.9513888888888888 0.5740740740740741
0 0.9722222222222222 0.5462962962962963 0.9745370370370371 0.5486111111111112 0.9745370370370371 0.5578703703703703 0.9629629629629629 0.5578703703703703 0.9560185185185185 0.5625 0.9444444444444444 0.5625 0.9421296296296297 0.5601851851851852 0.9375 0.5601851851851852 0.9351851851851852 0.5578703703703703 0.9375 0.5486111111111112 0.9421296296296297 0.5486111111111112 0.9513888888888888 0.5439814814814815 0.9675925925925926 0.5439814814814815 0.9699074074074074 0.5462962962962963
0 0.9768518518518519 0.5601851851851852 0.9814814814814815 0.5625 0.9814814814814815 0.5717592592592593 0.9768518518518519 0.5740740740740741 0.9652777777777778 0.5717592592592593 0.9606481481481481 0.5648148148148148 0.9629629629629629 0.5601851851851852 0.9745370370370371 0.5601851851851852
0 0.8634259259259259 0.5532407407407407 0.8703703703703703 0.5625 0.8680555555555556 0.5648148148148148 0.8587962962962963 0.5648148148148148 0.8564814814814815 0.5671296296296297 0.8495370370370371 0.5648148148148148 0.8495370370370371 0.5578703703703703 0.8541666666666666 0.5532407407407407 0.8611111111111112 0.5532407407407407
0 0.8125 0.5462962962962963 0.8148148148148148 0.5416666666666666 0.8263888888888888 0.5370370370370371 0.8495370370370371 0.5347222222222222 0.8518518518518519 0.5370370370370371 0.8518518518518519 0.5532407407407407 0.8472222222222222 0.5601851851851852 0.8402777777777778 0.5648148148148148 0.8333333333333334 0.5648148148148148 0.8263888888888888 0.5601851851851852 0.8148148148148148 0.5462962962962963
0 0.7962962962962963 0.5185185185185185 0.7962962962962963 0.5277777777777778 0.7939814814814815 0.5300925925925926 0.7777777777777778 0.5300925925925926 0.7754629629629629 0.5277777777777778 0.7754629629629629 0.5208333333333334 0.7800925925925926 0.5208333333333334 0.7824074074074074 0.5185185185185185 0.7939814814814815 0.5185185185185185
0 0.8032407407407407 0.5138888888888888 0.8101851851851852 0.5138888888888888 0.8101851851851852 0.5277777777777778 0.8078703703703703 0.5324074074074074 0.8032407407407407 0.5347222222222222 0.7986111111111112 0.5347222222222222 0.7962962962962963 0.5324074074074074 0.7962962962962963 0.5208333333333334 0.8032407407407407 0.5162037037037037
0 0.7916666666666666 0.4699074074074074 0.8148148148148148 0.4722222222222222 0.8194444444444444 0.47685185185185186 0.8287037037037037 0.47685185185185186 0.8379629629629629 0.4837962962962963 0.8356481481481481 0.48842592592592593 0.8240740740740741 0.48842592592592593 0.8101851851851852 0.49537037037037035 0.8032407407407407 0.49074074074074076 0.7986111111111112 0.49074074074074076 0.7962962962962963 0.4861111111111111 0.7916666666666666 0.4837962962962963 0.7916666666666666 0.4722222222222222
0 0.8240740740740741 0.45601851851851855 0.8263888888888888 0.46064814814814814 0.8240740740740741 0.4652777777777778 0.8171296296296297 0.4699074074074074 0.7916666666666666 0.4675925925925926 0.7893518518518519 0.46296296296296297 0.7939814814814815 0.4583333333333333 0.8217592592592593 0.45601851851851855
0 0.9560185185185185 0.46064814814814814 0.9606481481481481 0.46296296296296297 0.9629629629629629 0.48148148148148145 0.9560185185185185 0.48148148148148145 0.9537037037037037 0.4791666666666667 0.9490740740740741 0.4791666666666667 0.9467592592592593 0.48148148148148145 0.9328703703703703 0.48148148148148145 0.9282407407407407 0.47685185185185186 0.9236111111111112 0.47685185185185186 0.9212962962962963 0.47453703703703703 0.9282407407407407 0.4652777777777778 0.9328703703703703 0.4652777777777778 0.9421296296296297 0.46064814814814814 0.9537037037037037 0.46064814814814814
0 0.8252314814814815 0.5011574074074074 0.027777777777777776 0.023148148148148147
0 0.8402777777777778 0.5069444444444444 0.8449074074074074 0.5046296296296297 0.8564814814814815 0.5046296296296297 0.8657407407407407 0.5138888888888888 0.8657407407407407 0.5231481481481481 0.8634259259259259 0.5254629629629629 0.8518518518518519 0.5277777777777778 0.8449074074074074 0.5231481481481481 0.8402777777777778 0.5162037037037037 0.8379629629629629 0.5115740740740741 0.8402777777777778 0.5092592592592593
0 0.8842592592592593 0.5046296296296297 0.8865740740740741 0.5069444444444444 0.8912037037037037 0.5069444444444444 0.8958333333333334 0.5115740740740741 0.8958333333333334 0.5208333333333334 0.8912037037037037 0.5254629629629629 0.8680555555555556 0.5254629629629629 0.8680555555555556 0.5162037037037037 0.8819444444444444 0.5069444444444444
0 0.9884259259259259 0.5185185185185185 0.9907407407407407 0.5231481481481481 0.9953703703703703 0.5254629629629629 0.9953703703703703 0.5393518518518519 0.9814814814814815 0.5462962962962963 0.9768518518518519 0.5462962962962963 0.9675925925925926 0.5393518518518519 0.9560185185185185 0.5393518518518519 0.9560185185185185 0.5300925925925926 0.9629629629629629 0.5208333333333334 0.9675925925925926 0.5208333333333334 0.9699074074074074 0.5185185185185185 0.9861111111111112 0.5185185185185185
0 0.9013888888888888 0.525 0.9013888888888888 0.5347222222222222 0.9208333333333334 0.5430555555555555 0.9263888888888888 0.5236111111111111 0.9013888888888888 0.525
0 0.8217592592592593 0.5254629629629629 0.8356481481481481 0.5254629629629629 0.8379629629629629 0.5277777777777778 0.8449074074074074 0.5277777777777778 0.8518518518518519 0.5324074074074074 0.8518518518518519 0.5370370370370371 0.8472222222222222 0.5370370370370371 0.8449074074074074 0.5347222222222222 0.8333333333333334 0.5370370370370371 0.8310185185185185 0.5347222222222222 0.8217592592592593 0.5347222222222222 0.8194444444444444 0.5300925925925926 0.8217592592592593 0.5277777777777778
0 0.9328703703703703 0.4027777777777778 0.03009259259259259 0.02546296296296296
0 0.7685185185185185 0.38657407407407407 0.7708333333333334 0.3888888888888889 0.7754629629629629 0.3888888888888889 0.7777777777777778 0.39351851851851855 0.7754629629629629 0.39814814814814814 0.7592592592592593 0.39814814814814814 0.7569444444444444 0.3958333333333333 0.7569444444444444 0.39351851851851855 0.7662037037037037 0.38657407407407407
0 0.9699074074074074 0.35648148148148145 0.9745370370370371 0.3587962962962963 0.9699074074074074 0.3587962962962963 0.9652777777777778 0.36342592592592593 0.9606481481481481 0.36342592592592593 0.9583333333333334 0.36574074074074076 0.9375 0.36574074074074076 0.9351851851851852 0.36342592592592593 0.9305555555555556 0.36342592592592593 0.9305555555555556 0.3587962962962963 0.9398148148148148 0.3587962962962963 0.9444444444444444 0.3541666666666667 0.9606481481481481 0.3541666666666667 0.9629629629629629 0.35648148148148145 0.9675925925925926 0.35648148148148145
0 0.8831018518518519 0.38425925925925924 0.02199074074074074 0.009259259259259259
0 0.7962962962962963 0.3912037037037037 0.7986111111111112 0.39351851851851855 0.8032407407407407 0.39351851851851855 0.8078703703703703 0.39814814814814814 0.8032407407407407 0.39814814814814814 0.7939814814814815 0.4027777777777778 0.7870370370370371 0.4027777777777778 0.7847222222222222 0.40046296296296297 0.7870370370370371 0.3958333333333333 0.7939814814814815 0.39351851851851855
0 0.7916666666666666 0.3763888888888889 0.7916666666666666 0.3861111111111111 0.8013888888888888 0.3875 0.8097222222222222 0.37222222222222223 0.7916666666666666 0.3763888888888889
0 0.8217592592592593 0.3726851851851852 0.8217592592592593 0.37962962962962965 0.8171296296296297 0.38425925925925924 0.8125 0.38425925925925924 0.8101851851851852 0.38657407407407407 0.8032407407407407 0.38657407407407407 0.8032407407407407 0.3773148148148148 0.8125 0.3726851851851852 0.8194444444444444 0.3726851851851852
0 0.8356481481481481 0.3819444444444444 0.8402777777777778 0.38657407407407407 0.8402777777777778 0.3912037037037037 0.8356481481481481 0.39351851851851855 0.8263888888888888 0.39351851851851855 0.8240740740740741 0.3912037037037037 0.8240740740740741 0.38425925925925924 0.8263888888888888 0.3819444444444444 0.8333333333333334 0.3819444444444444
0 0.8634259259259259 0.33796296296296297 0.8680555555555556 0.3449074074074074 0.8657407407407407 0.34953703703703703 0.8564814814814815 0.3541666666666667 0.8472222222222222 0.35185185185185186 0.8472222222222222 0.3472222222222222 0.8564814814814815 0.3402777777777778 0.8611111111111112 0.3402777777777778
0 0.8495370370370371 0.4699074074074074 0.8518518518518519 0.4722222222222222 0.8518518518518519 0.4791666666666667 0.8495370370370371 0.48148148148148145 0.8402777777777778 0.48148148148148145 0.8310185185185185 0.47685185185185186 0.8333333333333334 0.4722222222222222 0.8472222222222222 0.4699074074074074
0 0.8796296296296297 0.4722222222222222 0.8912037037037037 0.4791666666666667 0.8912037037037037 0.4837962962962963 0.8865740740740741 0.48842592592592593 0.8726851851851852 0.48842592592592593 0.8703703703703703 0.4861111111111111 0.8634259259259259 0.4861111111111111 0.8564814814814815 0.48148148148148145 0.8564814814814815 0.47685185185185186 0.8611111111111112 0.4722222222222222 0.8773148148148148 0.4722222222222222
0 0.925 0.4986111111111111 0.9208333333333334 0.4888888888888889 0.8986111111111111 0.4930555555555556 0.8944444444444444 0.5 0.9 0.5083333333333333 0.9138888888888889 0.5083333333333333 0.925 0.4986111111111111
0 0.8773148148148148 0.49074074074074076 0.8819444444444444 0.5023148148148148 0.875 0.5092592592592593 0.8634259259259259 0.5092592592592593 0.8564814814814815 0.5023148148148148 0.8518518518518519 0.5023148148148148 0.8472222222222222 0.4976851851851852 0.8634259259259259 0.49074074074074076 0.875 0.49074074074074076
0 0.9166666666666666 0.5069444444444444 0.9282407407407407 0.5046296296296297 0.9305555555555556 0.5069444444444444 0.9351851851851852 0.5069444444444444 0.9398148148148148 0.5115740740740741 0.9467592592592593 0.5115740740740741 0.9537037037037037 0.5185185185185185 0.9282407407407407 0.5185185185185185 0.9259259259259259 0.5208333333333334 0.9166666666666666 0.5208333333333334 0.9143518518518519 0.5185185185185185 0.9143518518518519 0.5115740740740741 0.9166666666666666 0.5092592592592593
0 0.8912037037037037 0.4583333333333333 0.8912037037037037 0.46064814814814814 0.8981481481481481 0.4652777777777778 0.8981481481481481 0.4675925925925926 0.8935185185185185 0.4699074074074074 0.8634259259259259 0.4699074074074074 0.8634259259259259 0.46296296296296297 0.8680555555555556 0.4583333333333333 0.8888888888888888 0.4583333333333333
0 0.8861111111111112 0.5569444444444445 0.8777777777777778 0.5375 0.8569444444444444 0.5416666666666666 0.8555555555555556 0.5499999999999999 0.8694444444444445 0.5597222222222222 0.8805555555555555 0.5638888888888889 0.8861111111111112 0.5569444444444445
0 0.9375 0.48333333333333334 0.9222222222222222 0.4847222222222222 0.9194444444444444 0.5013888888888889 0.9430555555555555 0.5055555555555555 0.9569444444444444 0.5013888888888889 0.9375 0.48333333333333334
0 0.975 0.4847222222222222 0.975 0.4930555555555556 0.998611111111111 0.5013888888888889 0.998611111111111 0.4763888888888889 0.975 0.4847222222222222
0 0.9814814814814815 0.4976851851851852 0.9837962962962963 0.5 0.9976851851851852 0.5023148148148148 0.9976851851851852 0.5162037037037037 0.9861111111111112 0.5162037037037037 0.9722222222222222 0.5092592592592593 0.9722222222222222 0.5 0.9791666666666666 0.5
0 0.9166666666666666 0.5231481481481481 0.9467592592592593 0.5208333333333334 0.9513888888888888 0.5254629629629629 0.9513888888888888 0.5370370370370371 0.9537037037037037 0.5393518518518519 0.9513888888888888 0.5393518518518519 0.9490740740740741 0.5439814814814815 0.9375 0.5462962962962963 0.9305555555555556 0.5509259259259259 0.9212962962962963 0.5439814814814815 0.9189814814814815 0.5393518518518519 0.9212962962962963 0.5370370370370371 0.9120370370370371 0.5324074074074074 0.9166666666666666 0.5254629629629629
0 0.9120370370370371 0.33796296296296297 0.9143518518518519 0.3425925925925926 0.9074074074074074 0.34953703703703703 0.8958333333333334 0.34953703703703703 0.8935185185185185 0.3449074074074074 0.8981481481481481 0.33796296296296297 0.9097222222222222 0.33796296296296297
0 0.8518518518518519 0.3587962962962963 0.8634259259259259 0.3611111111111111 0.8657407407407407 0.36574074074074076 0.8657407407407407 0.37037037037037035 0.8564814814814815 0.3726851851851852 0.8518518518518519 0.37037037037037035 0.8518518518518519 0.3611111111111111
0 0.9837962962962963 0.4097222222222222 0.9837962962962963 0.41203703703703703 0.9884259259259259 0.41435185185185186 0.9861111111111112 0.41898148148148145 0.9722222222222222 0.41898148148148145 0.9699074074074074 0.4166666666666667 0.9699074074074074 0.4097222222222222 0.9722222222222222 0.4074074074074074 0.9791666666666666 0.4074074074074074 0.9814814814814815 0.4097222222222222
0 0.8291666666666666 0.43472222222222223 0.8347222222222223 0.4319444444444444 0.8388888888888888 0.4263888888888889 0.8388888888888888 0.4222222222222222 0.8375 0.42083333333333334 0.8305555555555556 0.42083333333333334 0.8277777777777778 0.4222222222222222 0.8222222222222222 0.4277777777777778 0.8222222222222222 0.4333333333333333 0.8236111111111112 0.43472222222222223 0.8291666666666666 0.43472222222222223
0 0.8101851851851852 0.4166666666666667 0.8148148148148148 0.4212962962962963 0.8171296296296297 0.4166666666666667 0.8287037037037037 0.4166666666666667 0.8287037037037037 0.4212962962962963 0.8263888888888888 0.4212962962962963 0.8240740740740741 0.42592592592592593 0.8171296296296297 0.42592592592592593 0.8101851851851852 0.41898148148148145 0.8078703703703703 0.4212962962962963 0.8101851851851852 0.41898148148148145
0 0.8166666666666667 0.41805555555555557 0.8208333333333334 0.4138888888888889 0.8194444444444444 0.4138888888888889 0.8166666666666667 0.4111111111111111 0.811111111111111 0.4111111111111111 0.8097222222222222 0.4097222222222222 0.8069444444444445 0.4097222222222222 0.8055555555555556 0.4111111111111111 0.8041666666666666 0.4166666666666667 0.8069444444444445 0.4194444444444444 0.8097222222222222 0.41805555555555557 0.8166666666666667 0.41805555555555557
0 0.8638888888888888 0.42083333333333334 0.8666666666666666 0.42083333333333334 0.8680555555555556 0.4222222222222222 0.873611111111111 0.42083333333333334 0.875 0.4194444444444444 0.8916666666666666 0.4194444444444444 0.8930555555555556 0.41805555555555557 0.8930555555555556 0.4111111111111111 0.8916666666666666 0.4097222222222222 0.8888888888888888 0.4097222222222222 0.8833333333333334 0.4069444444444445 0.876388888888889 0.4069444444444445 0.8722222222222222 0.4097222222222222 0.8666666666666666 0.4097222222222222 0.8611111111111112 0.4138888888888889 0.8611111111111112 0.4152777777777778 0.8583333333333334 0.41805555555555557 0.8611111111111112 0.41805555555555557 0.8638888888888888 0.42083333333333334
0 0.8564814814814815 0.4097222222222222 0.8611111111111112 0.41203703703703703 0.8611111111111112 0.41435185185185186 0.8587962962962963 0.41898148148148145 0.8541666666666666 0.4212962962962963 0.8402777777777778 0.4212962962962963 0.8379629629629629 0.41898148148148145 0.8379629629629629 0.41435185185185186 0.8425925925925926 0.41435185185185186 0.8472222222222222 0.4097222222222222 0.8541666666666666 0.4097222222222222
0 0.9189814814814815 0.37037037037037035 0.9212962962962963 0.3726851851851852 0.9259259259259259 0.3726851851851852 0.9282407407407407 0.3773148148148148 0.9259259259259259 0.37962962962962965 0.9120370370370371 0.37962962962962965 0.9097222222222222 0.375 0.9120370370370371 0.3726851851851852 0.9166666666666666 0.3726851851851852
0 0.9537037037037037 0.44212962962962965 0.9583333333333334 0.4305555555555556 0.9629629629629629 0.4305555555555556 0.9652777777777778 0.42824074074074076 0.9837962962962963 0.4305555555555556 0.9861111111111112 0.44212962962962965 0.9814814814814815 0.44212962962962965 0.9768518518518519 0.44675925925925924 0.9560185185185185 0.44675925925925924 0.9560185185185185 0.4444444444444444
0 0.9490740740740741 0.4305555555555556 0.9537037037037037 0.4351851851851852 0.9513888888888888 0.44212962962962965 0.9444444444444444 0.44212962962962965 0.9351851851851852 0.4375 0.9351851851851852 0.43287037037037035 0.9467592592592593 0.4305555555555556
0 0.9222222222222222 0.425 0.9222222222222222 0.4194444444444444 0.9208333333333334 0.41805555555555557 0.9194444444444444 0.4194444444444444 0.9138888888888889 0.41805555555555557 0.9111111111111112 0.42083333333333334 0.9125 0.425 0.9152777777777777 0.4263888888888889 0.9222222222222222 0.425
0 0.8842592592592593 0.44212962962962965 0.8865740740740741 0.4444444444444444 0.8912037037037037 0.4444444444444444 0.8935185185185185 0.4537037037037037 0.8912037037037037 0.45601851851851855 0.8680555555555556 0.45601851851851855 0.8680555555555556 0.4513888888888889 0.8726851851851852 0.4444444444444444 0.8819444444444444 0.4444444444444444
0 0.8657407407407407 0.4444444444444444 0.8680555555555556 0.44675925925925924 0.8657407407407407 0.45601851851851855 0.8541666666666666 0.45601851851851855 0.8518518518518519 0.4537037037037037 0.8541666666666666 0.44907407407407407 0.8634259259259259 0.4444444444444444
0 0.9708333333333333 0.4625 0.9736111111111112 0.4597222222222222 0.9722222222222222 0.45694444444444443 0.9652777777777778 0.4555555555555556 0.9597222222222223 0.4583333333333333 0.9597222222222223 0.4597222222222222 0.9666666666666667 0.4638888888888889 0.9708333333333333 0.4625
0 0.9120370370370371 0.3819444444444444 0.9189814814814815 0.38657407407407407 0.9212962962962963 0.38425925925925924 0.9259259259259259 0.38657407407407407 0.9282407407407407 0.3912037037037037 0.9189814814814815 0.39814814814814814 0.9143518518518519 0.39814814814814814 0.9050925925925926 0.3912037037037037 0.9097222222222222 0.38425925925925924
0 0.8708333333333333 0.4055555555555555 0.8777777777777778 0.4055555555555555 0.8791666666666667 0.4041666666666667 0.8861111111111112 0.4041666666666667 0.8833333333333334 0.3986111111111111 0.873611111111111 0.3986111111111111 0.8722222222222222 0.3972222222222222 0.8666666666666666 0.4027777777777778 0.8666666666666666 0.4055555555555555 0.8680555555555556 0.4069444444444445 0.8708333333333333 0.4055555555555555
0 0.6504629629629629 0.17592592592592593 0.6712962962962963 0.1875 0.6736111111111112 0.19212962962962962 0.6712962962962963 0.20833333333333334 0.6597222222222222 0.21296296296296297 0.6504629629629629 0.21296296296296297 0.6481481481481481 0.21064814814814814 0.6226851851851852 0.21064814814814814 0.6226851851851852 0.20833333333333334 0.6180555555555556 0.20601851851851852 0.6180555555555556 0.19212962962962962 0.6273148148148148 0.18055555555555555 0.6481481481481481 0.17824074074074073
0 0.6018518518518519 0.17592592592592593 0.6157407407407407 0.18287037037037038 0.6157407407407407 0.19212962962962962 0.6134259259259259 0.19444444444444445 0.6134259259259259 0.2037037037037037 0.5995370370370371 0.21064814814814814 0.5740740740740741 0.21064814814814814 0.5671296296296297 0.20601851851851852 0.5671296296296297 0.19675925925925927 0.5625 0.19212962962962962 0.5671296296296297 0.18518518518518517 0.5671296296296297 0.18055555555555555 0.5763888888888888 0.1736111111111111 0.5972222222222222 0.1736111111111111 0.5995370370370371 0.17592592592592593
0 0.6898148148148148 0.1736111111111111 0.6944444444444444 0.17824074074074073 0.7060185185185185 0.18055555555555555 0.7129629629629629 0.18518518518518517 0.7175925925925926 0.19212962962962962 0.7314814814814815 0.19907407407407407 0.7337962962962963 0.2013888888888889 0.7314814814814815 0.21064814814814814 0.7060185185185185 0.21064814814814814 0.7037037037037037 0.20833333333333334 0.6782407407407407 0.20601851851851852 0.6759259259259259 0.2037037037037037 0.6759259259259259 0.18518518518518517 0.6782407407407407 0.18287037037037038 0.6736111111111112 0.17824074074074073 0.6805555555555556 0.1736111111111111 0.6875 0.1736111111111111
0 0.7384259259259259 0.18518518518518517 0.7407407407407407 0.1875 0.75 0.1875 0.7546296296296297 0.19212962962962962 0.7662037037037037 0.19212962962962962 0.7685185185185185 0.19444444444444445 0.7685185185185185 0.19907407407407407 0.7731481481481481 0.20601851851851852 0.7685185185185185 0.21064814814814814 0.7615740740740741 0.21064814814814814 0.7592592592592593 0.21296296296296297 0.7430555555555556 0.21296296296296297 0.7407407407407407 0.21064814814814814 0.7361111111111112 0.21064814814814814 0.7361111111111112 0.2013888888888889 0.7222222222222222 0.19212962962962962 0.7361111111111112 0.18518518518518517
0 0.5601851851851852 0.16898148148148148 0.5625 0.1712962962962963 0.5671296296296297 0.1712962962962963 0.5671296296296297 0.18055555555555555 0.5601851851851852 0.19212962962962962 0.5532407407407407 0.18981481481481483 0.5370370370370371 0.1712962962962963 0.5416666666666666 0.16435185185185186 0.5486111111111112 0.16435185185185186 0.5578703703703703 0.16898148148148148
0 0.46064814814814814 0.1597222222222222 0.46296296296296297 0.16435185185185186 0.47685185185185186 0.1736111111111111 0.48148148148148145 0.18055555555555555 0.4837962962962963 0.19212962962962962 0.47453703703703703 0.2037037037037037 0.44212962962962965 0.2037037037037037 0.4398148148148148 0.20601851851851852 0.43287037037037035 0.20601851851851852 0.4305555555555556 0.2037037037037037 0.41435185185185186 0.2037037037037037 0.41203703703703703 0.19907407407407407 0.41435185185185186 0.19675925925925927 0.4166666666666667 0.18518518518518517 0.4212962962962963 0.17824074074074073 0.4212962962962963 0.1736111111111111 0.42592592592592593 0.1712962962962963 0.42824074074074076 0.16666666666666666 0.43287037037037035 0.16666666666666666 0.44675925925925924 0.1550925925925926 0.4583333333333333 0.1597222222222222
0 0.3449074074074074 0.1875 0.3611111111111111 0.1875 0.36342592592592593 0.18981481481481483 0.375 0.18981481481481483 0.3773148148148148 0.19212962962962962 0.37962962962962965 0.18981481481481483 0.3819444444444444 0.19212962962962962 0.40046296296296297 0.19212962962962962 0.4050925925925926 0.19444444444444445 0.4050925925925926 0.2037037037037037 0.39351851851851855 0.21064814814814814 0.38657407407407407 0.21064814814814814 0.375 0.20601851851851852 0.36574074074074076 0.20601851851851852 0.36342592592592593 0.20833333333333334 0.3541666666666667 0.20833333333333334 0.34953703703703703 0.21064814814814814 0.3449074074074074 0.20601851851851852 0.3449074074074074 0.19444444444444445 0.3425925925925926 0.19212962962962962 0.3449074074074074 0.18981481481481483
0 0.27314814814814814 0.14351851851851852 0.28703703703703703 0.1550925925925926 0.28935185185185186 0.16203703703703703 0.29398148148148145 0.16666666666666666 0.2962962962962963 0.18981481481481483 0.2986111111111111 0.19212962962962962 0.2962962962962963 0.19675925925925927 0.2847222222222222 0.19675925925925927 0.2824074074074074 0.19907407407407407 0.2824074074074074 0.2037037037037037 0.24074074074074073 0.2037037037037037 0.23842592592592593 0.20601851851851852 0.2361111111111111 0.2037037037037037 0.23148148148148148 0.20601851851851852 0.21296296296296297 0.20601851851851852 0.21064814814814814 0.2037037037037037 0.20601851851851852 0.2037037037037037 0.2013888888888889 0.19675925925925927 0.2013888888888889 0.18518518518518517 0.2037037037037037 0.18518518518518517 0.20833333333333334 0.17824074074074073 0.21296296296296297 0.17824074074074073 0.2152777777777778 0.1736111111111111 0.22453703703703703 0.1712962962962963 0.24537037037037038 0.1527777777777778 0.25462962962962965 0.1527777777777778 0.2638888888888889 0.14583333333333334 0.2708333333333333 0.14351851851851852
0 0.37037037037037035 0.1712962962962963 0.3726851851851852 0.1736111111111111 0.38657407407407407 0.17592592592592593 0.39351851851851855 0.18055555555555555 0.40046296296296297 0.18055555555555555 0.40046296296296297 0.18981481481481483 0.39814814814814814 0.19212962962962962 0.39351851851851855 0.18981481481481483 0.3726851851851852 0.18981481481481483 0.37037037037037035 0.1875 0.3587962962962963 0.1875 0.35648148148148145 0.18518518518518517 0.3449074074074074 0.1875 0.3425925925925926 0.17824074074074073 0.3472222222222222 0.1712962962962963 0.3680555555555556 0.1712962962962963
0 0.40046296296296297 0.1527777777777778 0.4074074074074074 0.1574074074074074 0.4166666666666667 0.1597222222222222 0.4236111111111111 0.16666666666666666 0.41203703703703703 0.18981481481481483 0.4027777777777778 0.18981481481481483 0.4027777777777778 0.18518518518518517 0.39814814814814814 0.17824074074074073 0.3819444444444444 0.17592592592592593 0.3726851851851852 0.16898148148148148 0.375 0.16203703703703703 0.38657407407407407 0.1527777777777778 0.39814814814814814 0.1527777777777778
0 0.5046296296296297 0.18055555555555555 0.5069444444444444 0.18518518518518517 0.5046296296296297 0.2037037037037037 0.4976851851851852 0.2037037037037037 0.49537037037037035 0.20601851851851852 0.4791666666666667 0.20601851851851852 0.4791666666666667 0.2013888888888889 0.4837962962962963 0.19675925925925927 0.4861111111111111 0.18518518518518517 0.49074074074074076 0.18055555555555555 0.5023148148148148 0.18055555555555555
0 0.5324074074074074 0.17592592592592593 0.5347222222222222 0.17824074074074073 0.5393518518518519 0.17592592592592593 0.5439814814814815 0.18518518518518517 0.5532407407407407 0.19444444444444445 0.5601851851851852 0.19675925925925927 0.5578703703703703 0.19907407407407407 0.5601851851851852 0.2037037037037037 0.5532407407407407 0.20833333333333334 0.5277777777777778 0.20601851851851852 0.5254629629629629 0.2037037037037037 0.5277777777777778 0.19444444444444445 0.5208333333333334 0.18981481481481483 0.5162037037037037 0.18981481481481483 0.5185185185185185 0.1875 0.5208333333333334 0.18981481481481483 0.5300925925925926 0.1875 0.5324074074074074 0.18518518518518517 0.5324074074074074 0.17824074074074073
0 0.15046296296296297 0.16898148148148148 0.14814814814814814 0.1712962962962963 0.15046296296296297 0.1736111111111111 0.1574074074074074 0.1736111111111111 0.16203703703703703 0.17824074074074073 0.1712962962962963 0.18055555555555555 0.17592592592592593 0.18518518518518517 0.19212962962962962 0.1875 0.19444444444444445 0.18981481481481483 0.19212962962962962 0.19212962962962962 0.19212962962962962 0.19675925925925927 0.1875 0.2013888888888889 0.1875 0.20601851851851852 0.17824074074074073 0.21296296296296297 0.16435185185185186 0.21296296296296297 0.14583333333333334 0.2037037037037037 0.1412037037037037 0.1875 0.13657407407407407 0.18055555555555555 0.14814814814814814 0.1712962962962963
0 0.07407407407407407 0.14351851851851852 0.09490740740740741 0.14351851851851852 0.1087962962962963 0.15046296296296297 0.11342592592592593 0.15046296296296297 0.13194444444444445 0.16435185185185186 0.1412037037037037 0.16666666666666666 0.14583333333333334 0.1712962962962963 0.14583333333333334 0.17592592592592593 0.14814814814814814 0.17824074074074073 0.14351851851851852 0.18055555555555555 0.14351851851851852 0.18518518518518517 0.1412037037037037 0.1875 0.14351851851851852 0.2037037037037037 0.13425925925925927 0.21064814814814814 0.10416666666666667 0.21064814814814814 0.09722222222222222 0.20601851851851852 0.09027777777777778 0.20601851851851852 0.08101851851851852 0.19675925925925927 0.0763888888888889 0.19675925925925927 0.06481481481481481 0.18287037037037038 0.06481481481481481 0.1736111111111111 0.06944444444444445 0.16666666666666666 0.07407407407407407 0.14583333333333334
0 0.06481481481481481 0.1875 0.07175925925925926 0.19444444444444445 0.07407407407407407 0.2037037037037037 0.0787037037037037 0.20601851851851852 0.0763888888888889 0.20833333333333334 0.05555555555555555 0.21064814814814814 0.04861111111111111 0.2152777777777778 0.020833333333333332 0.2152777777777778 0.018518518518518517 0.21296296296296297 0.013888888888888888 0.21296296296296297 0.006944444444444444 0.2037037037037037 0.011574074074074073 0.19444444444444445 0.018518518518518517 0.1875 0.0625 0.1875
0 0.02546296296296296 0.16203703703703703 0.027777777777777776 0.16435185185185186 0.037037037037037035 0.16435185185185186 0.03935185185185185 0.16203703703703703 0.04398148148148148 0.16203703703703703 0.046296296296296294 0.16435185185185186 0.06481481481481481 0.16435185185185186 0.06481481481481481 0.1712962962962963 0.06018518518518518 0.18287037037037038 0.0625 0.18518518518518517 0.046296296296296294 0.18518518518518517 0.04398148148148148 0.1875 0.020833333333333332 0.18518518518518517 0.011574074074074073 0.18981481481481483 0.004629629629629629 0.19675925925925927 0.006944444444444444 0.19907407407407407 0.004629629629629629 0.2037037037037037 0 0.20601851851851852 0 0.16666666666666666 0.0023148148148148147 0.16898148148148148 0.006944444444444444 0.16898148148148148 0.009259259259259259 0.16666666666666666 0.018518518518518517 0.16666666666666666 0.023148148148148147 0.16435185185185186
0 0.8097222222222222 0.20833333333333334 0.8180555555555555 0.20833333333333334 0.8194444444444444 0.2097222222222222 0.8236111111111112 0.20833333333333334 0.8263888888888888 0.2097222222222222 0.8236111111111112 0.2013888888888889 0.8180555555555555 0.19583333333333333 0.8180555555555555 0.19444444444444445 0.811111111111111 0.19444444444444445 0.8069444444444445 0.1986111111111111 0.8055555555555556 0.2013888888888889 0.8055555555555556 0.20555555555555555 0.8069444444444445 0.20694444444444446 0.8097222222222222 0.20833333333333334
0 0.8180555555555555 0.18194444444444444 0.8194444444444444 0.18055555555555555 0.8236111111111112 0.18055555555555555 0.8236111111111112 0.17777777777777778 0.8222222222222222 0.17777777777777778 0.8180555555555555 0.1736111111111111 0.8097222222222222 0.175 0.8097222222222222 0.17777777777777778 0.8083333333333333 0.17916666666666667 0.8097222222222222 0.18194444444444444 0.8180555555555555 0.18194444444444444
0 0.8805555555555555 0.18888888888888888 0.8819444444444444 0.18888888888888888 0.8833333333333334 0.19166666666666665 0.8875 0.19444444444444445 0.8930555555555556 0.19444444444444445 0.8958333333333334 0.19305555555555556 0.9 0.18888888888888888 0.9013888888888888 0.18055555555555555 0.8986111111111111 0.17916666666666667 0.8916666666666666 0.17916666666666667 0.8902777777777778 0.17777777777777778 0.8861111111111112 0.17777777777777778 0.8819444444444444 0.18055555555555555 0.8791666666666667 0.18055555555555555 0.8819444444444444 0.18611111111111112 0.8805555555555555 0.18888888888888888
0 0.8319444444444444 0.19583333333333333 0.8333333333333334 0.1986111111111111 0.8388888888888888 0.2013888888888889 0.8402777777777778 0.2 0.8444444444444444 0.2013888888888889 0.8458333333333333 0.19583333333333333 0.8513888888888889 0.18888888888888888 0.8486111111111112 0.18611111111111112 0.8486111111111112 0.1847222222222222 0.8458333333333333 0.18333333333333335 0.8458333333333333 0.18194444444444444 0.8416666666666667 0.18194444444444444 0.8402777777777778 0.18333333333333335 0.8347222222222223 0.1847222222222222 0.8333333333333334 0.1875 0.8305555555555556 0.18888888888888888 0.8319444444444444 0.1902777777777778 0.8319444444444444 0.19583333333333333
0 0.9305555555555556 0.2097222222222222 0.9319444444444445 0.2111111111111111 0.9375 0.2111111111111111 0.938888888888889 0.2097222222222222 0.9416666666666667 0.2097222222222222 0.9430555555555555 0.20277777777777775 0.9402777777777778 0.2013888888888889 0.938888888888889 0.1986111111111111 0.9375 0.2 0.9319444444444445 0.2 0.9291666666666666 0.2013888888888889 0.925 0.20555555555555555 0.9236111111111112 0.20555555555555555 0.925 0.20833333333333334 0.9305555555555556 0.2097222222222222
0 0.9708333333333333 0.1986111111111111 0.975 0.2013888888888889 0.9833333333333334 0.2013888888888889 0.9861111111111112 0.2 0.9902777777777778 0.19444444444444445 0.9902777777777778 0.18888888888888888 0.9861111111111112 0.18888888888888888 0.9847222222222222 0.1875 0.9722222222222222 0.1875 0.9694444444444444 0.18888888888888888 0.9625 0.19444444444444445 0.9625 0.19583333333333333 0.9652777777777778 0.1986111111111111 0.9708333333333333 0.1986111111111111
0 0.938888888888889 0.1986111111111111 0.9444444444444444 0.1986111111111111 0.95 0.19166666666666665 0.95 0.1875 0.9486111111111112 0.1847222222222222 0.9416666666666667 0.18055555555555555 0.936111111111111 0.18194444444444444 0.9347222222222222 0.18333333333333335 0.9333333333333333 0.18611111111111112 0.9333333333333333 0.19305555555555556 0.9347222222222222 0.19583333333333333 0.938888888888889 0.1986111111111111
0 0.9555555555555556 0.20277777777777775 0.9583333333333334 0.2 0.9583333333333334 0.19444444444444445 0.9597222222222223 0.19305555555555556 0.9583333333333334 0.19166666666666665 0.9513888888888888 0.19166666666666665 0.9472222222222222 0.19444444444444445 0.9472222222222222 0.19583333333333333 0.9444444444444444 0.1986111111111111 0.9444444444444444 0.20277777777777775 0.9555555555555556 0.20277777777777775
0 0.9236111111111112 0.20555555555555555 0.9277777777777778 0.20416666666666666 0.9305555555555556 0.2 0.9305555555555556 0.19305555555555556 0.9291666666666666 0.19166666666666665 0.9291666666666666 0.18888888888888888 0.9277777777777778 0.1875 0.925 0.1902777777777778 0.9236111111111112 0.1902777777777778 0.9222222222222222 0.1875 0.9208333333333334 0.1875 0.9180555555555556 0.1902777777777778 0.9152777777777777 0.1902777777777778 0.9138888888888889 0.19583333333333333 0.9166666666666666 0.1986111111111111 0.9166666666666666 0.2013888888888889 0.9236111111111112 0.20555555555555555
0 0.8680555555555556 0.19305555555555556 0.873611111111111 0.1902777777777778 0.873611111111111 0.18611111111111112 0.875 0.1847222222222222 0.873611111111111 0.18333333333333335 0.873611111111111 0.18055555555555555 0.8708333333333333 0.17916666666666667 0.8611111111111112 0.17916666666666667 0.8555555555555556 0.1847222222222222 0.8569444444444444 0.1902777777777778 0.8583333333333334 0.19166666666666665 0.8680555555555556 0.19305555555555556
0 0.7819444444444444 0.19583333333333333 0.7791666666666667 0.19305555555555556 0.7791666666666667 0.1902777777777778 0.7819444444444444 0.18888888888888888 0.7791666666666667 0.18611111111111112 0.7791666666666667 0.1847222222222222 0.7763888888888888 0.18611111111111112 0.7736111111111111 0.18611111111111112 0.7722222222222223 0.1847222222222222 0.7708333333333334 0.18611111111111112 0.7694444444444444 0.18888888888888888 0.775 0.19722222222222222 0.7791666666666667 0.19722222222222222 0.7819444444444444 0.19583333333333333
0 0.8430555555555556 0.35555555555555557 0.8416666666666667 0.3527777777777778 0.8375 0.35 0.8291666666666666 0.3541666666666667 0.8277777777777778 0.35555555555555557 0.8277777777777778 0.3625 0.8388888888888888 0.3611111111111111 0.8430555555555556 0.35555555555555557
0 0.8148148148148148 0.3611111111111111 0.8217592592592593 0.36574074074074076 0.8217592592592593 0.3726851851851852 0.8171296296296297 0.37037037037037035 0.8032407407407407 0.3773148148148148 0.8009259259259259 0.375 0.7962962962962963 0.3773148148148148 0.7986111111111112 0.3680555555555556 0.8055555555555556 0.3611111111111111 0.8125 0.3611111111111111
0 0.8726851851851852 0.4236111111111111 0.8935185185185185 0.4236111111111111 0.9074074074074074 0.4305555555555556 0.9074074074074074 0.4351851851851852 0.8819444444444444 0.4351851851851852 0.8796296296296297 0.43287037037037035 0.875 0.43287037037037035 0.8726851851851852 0.42592592592592593
0 0.8472222222222222 0.4083333333333333 0.8527777777777777 0.4041666666666667 0.8527777777777777 0.4027777777777778 0.85 0.4 0.8458333333333333 0.4 0.8444444444444444 0.4013888888888889 0.8388888888888888 0.4027777777777778 0.8375 0.4041666666666667 0.8416666666666667 0.4097222222222222 0.8430555555555556 0.4083333333333333 0.8472222222222222 0.4083333333333333