6 0.40865384615384615 0.453125 0.21754807692307693 0.5252403846153846
6 0.8641826923076923 0.26802884615384615 0.26802884615384615 0.3581730769230769
6 0.8377403846153846 0.5649038461538461 0.26802884615384615 0.3762019230769231
6 0.59375 0.5745192307692307 0.19471153846153846 0.3076923076923077
6 0.6165865384615384 0.31971153846153844 0.2283653846153846 0.2932692307692308
6 0.2091346153846154 0.390625 0.2283653846153846 0.3942307692307692
6 0.15144230769230768 0.6983173076923077 0.2980769230769231 0.2800480769230769
6 0.47115384615384615 0.8545673076923077 0.3713942307692308 0.2848557692307692
6 0.8125 0.8305288461538461 0.3545673076923077 0.14423076923076922
6 0.7932692307692307 0.9411057692307693 0.2536057692307692 0.1141826923076923
6 0.2692307692307692 0.140625 0.33533653846153844 0.1971153846153846
6 0.5925480769230769 0.09495192307692307 0.38100961538461536 0.18990384615384615