8 0.7235576923076923 0.14302884615384615 0.09975961538461539 0.125
8 0.6009615384615384 0.1814903846153846 0.07091346153846154 0.07211538461538461
8 0.5985576923076923 0.45913461538461536 0.06610576923076923 0.11298076923076923
8 0.49759615384615385 0.42908653846153844 0.07932692307692307 0.13341346153846154
8 0.18028846153846154 0.7824519230769231 0.07091346153846154 0.13701923076923078
8 0.1814903846153846 0.6454326923076923 0.057692307692307696 0.09735576923076923
8 0.9254807692307693 0.7151442307692307 0.11298076923076923 0.15745192307692307
8 0.8485576923076923 0.09014423076923077 0.06610576923076923 0.10096153846153846
8 0.7175480769230769 0.5889423076923077 0.06610576923076923 0.1045673076923077
8 0.8161057692307693 0.6754807692307693 0.042067307692307696 0.07692307692307693
8 0.4014423076923077 0.7463942307692307 0.06610576923076923 0.09735576923076923