7 0.6225961538461539 0.5757211538461539 0.16706730769230768 0.1201923076923077
7 0.36658653846153844 0.5096153846153846 0.16947115384615385 0.17307692307692307
7 0.9543269230769231 0.5504807692307693 0.08653846153846154 0.19951923076923078
7 0.34375 0.359375 0.07692307692307693 0.09134615384615384
7 0.4519230769230769 0.38341346153846156 0.09014423076923077 0.07451923076923077
7 0.6009615384615384 0.4483173076923077 0.06610576923076923 0.07451923076923077
7 0.7728365384615384 0.44591346153846156 0.0889423076923077 0.11778846153846154
7 0.8257211538461539 0.8329326923076923 0.11658653846153846 0.12980769230769232
7 0.4879807692307692 0.7764423076923077 0.14302884615384615 0.15264423076923078
7 0.33413461538461536 0.7115384615384616 0.171875 0.19591346153846154
7 0.1141826923076923 0.5276442307692307 0.2283653846153846 0.17067307692307693
7 0.07692307692307693 0.3112980769230769 0.15384615384615385 0.15865384615384615