6 0.44711538461538464 0.2403846153846154 0.19831730769230768 0.17067307692307693
6 0.8461538461538461 0.1658653846153846 0.2920673076923077 0.27403846153846156
6 0.7776442307692307 0.39903846153846156 0.18269230769230768 0.16105769230769232
6 0.8774038461538461 0.5913461538461539 0.17307692307692307 0.2512019230769231
6 0.5480769230769231 0.07211538461538461 0.1814903846153846 0.14423076923076922
6 0.21754807692307693 0.42908653846153844 0.20552884615384615 0.22235576923076922
6 0.37740384615384615 0.7451923076923077 0.1935096153846154 0.24519230769230768
6 0.546875 0.8353365384615384 0.16466346153846154 0.15985576923076922
6 0.140625 0.7728365384615384 0.20552884615384615 0.21754807692307693
6 0.5504807692307693 0.453125 0.20552884615384615 0.15985576923076922
6 0.6862980769230769 0.5276442307692307 0.26322115384615385 0.22716346153846154
6 0.6129807692307693 0.2608173076923077 0.24519230769230768 0.27283653846153844
6 0.2247596153846154 0.13942307692307693 0.2608173076923077 0.18509615384615385