6 0.7199519230769231 0.7379807692307693 0.19591346153846154 0.2920673076923077
6 0.46153846153846156 0.7283653846153846 0.23798076923076922 0.26802884615384615
6 0.08173076923076923 0.6862980769230769 0.15985576923076922 0.31490384615384615
6 0.19951923076923078 0.8689903846153846 0.2548076923076923 0.20552884615384615
6 0.39663461538461536 0.49399038461538464 0.20793269230769232 0.23197115384615385
6 0.6850961538461539 0.4987980769230769 0.18870192307692307 0.20793269230769232
6 0.8377403846153846 0.5973557692307693 0.1875 0.296875
6 0.9158653846153846 0.8629807692307693 0.16826923076923078 0.2692307692307692
6 0.7451923076923077 0.9230769230769231 0.21754807692307693 0.14783653846153846
6 0.6622596153846154 0.13942307692307693 0.24639423076923078 0.234375
6 0.3173076923076923 0.23677884615384615 0.15625 0.27884615384615385
6 0.04927884615384615 0.12980769230769232 0.09495192307692307 0.203125
6 0.06370192307692307 0.31490384615384615 0.12379807692307693 0.2920673076923077
6 0.18269230769230768 0.3786057692307692 0.17668269230769232 0.24759615384615385
6 0.8569711538461539 0.3125 0.17307692307692307 0.20552884615384615