6 0.3233173076923077 0.8137019230769231 0.26802884615384615 0.3557692307692308
6 0.6141826923076923 0.7487980769230769 0.27403846153846156 0.34134615384615385
6 0.6141826923076923 0.890625 0.2283653846153846 0.21514423076923078
6 0.8822115384615384 0.7956730769230769 0.23197115384615385 0.3737980769230769
6 0.90625 0.921875 0.18509615384615385 0.15144230769230768
6 0.7175480769230769 0.2764423076923077 0.21995192307692307 0.16105769230769232
6 0.5504807692307693 0.3137019230769231 0.2127403846153846 0.1814903846153846
6 0.6682692307692307 0.44350961538461536 0.2247596153846154 0.27283653846153844
6 0.8509615384615384 0.5853365384615384 0.2704326923076923 0.23677884615384615
6 0.8377403846153846 0.41346153846153844 0.1622596153846154 0.19951923076923078
6 0.24879807692307693 0.5012019230769231 0.16105769230769232 0.16947115384615385
6 0.09375 0.5216346153846154 0.17427884615384615 0.2548076923076923
6 0.15144230769230768 0.6574519230769231 0.12379807692307693 0.20192307692307693
6 0.09014423076923077 0.8954326923076923 0.18028846153846154 0.20432692307692307
6 0.38461538461538464 0.33413461538461536 0.16466346153846154 0.21754807692307693
6 0.41346153846153844 0.37740384615384615 0.11778846153846154 0.1466346153846154