6 0.09254807692307693 0.11778846153846154 0.18509615384615385 0.22115384615384615
6 0.296875 0.10697115384615384 0.2091346153846154 0.21394230769230768
6 0.5300480769230769 0.11778846153846154 0.21394230769230768 0.19831730769230768
6 0.734375 0.1141826923076923 0.19110576923076922 0.20793269230769232
6 0.9170673076923077 0.10096153846153846 0.16105769230769232 0.20192307692307693
6 0.8870192307692307 0.3317307692307692 0.19230769230769232 0.2247596153846154
6 0.7115384615384616 0.3317307692307692 0.15625 0.17908653846153846
6 0.4987980769230769 0.328125 0.20432692307692307 0.18269230769230768
6 0.296875 0.3233173076923077 0.18028846153846154 0.16466346153846154
6 0.0985576923076923 0.3449519230769231 0.1971153846153846 0.19831730769230768
6 0.07572115384615384 0.5444711538461539 0.14903846153846154 0.15144230769230768
6 0.28966346153846156 0.5288461538461539 0.2403846153846154 0.18269230769230768
6 0.5420673076923077 0.5240384615384616 0.2403846153846154 0.13701923076923078
6 0.7439903846153846 0.5444711538461539 0.13701923076923078 0.16466346153846154
6 0.9086538461538461 0.5673076923076923 0.17908653846153846 0.1971153846153846
6 0.11177884615384616 0.7211538461538461 0.22355769230769232 0.15985576923076922
6 0.328125 0.7271634615384616 0.15264423076923078 0.13701923076923078
6 0.53125 0.7331730769230769 0.21394230769230768 0.19230769230769232
6 0.7403846153846154 0.78125 0.20192307692307693 0.22355769230769232
6 0.9122596153846154 0.9002403846153846 0.17307692307692307 0.19591346153846154
6 0.2920673076923077 0.9086538461538461 0.20192307692307693 0.17908653846153846
6 0.5216346153846154 0.9230769230769231 0.23076923076923078 0.1502403846153846
6 0.08413461538461539 0.9098557692307693 0.16826923076923078 0.1778846153846154