6 0.3125 0.39663461538461536 0.1971153846153846 0.25
6 0.47596153846153844 0.24158653846153846 0.1502403846153846 0.2644230769230769
6 0.6538461538461539 0.28966346153846156 0.18269230769230768 0.1935096153846154
6 0.6935096153846154 0.7584134615384616 0.23557692307692307 0.3161057692307692
6 0.4651442307692308 0.7487980769230769 0.22596153846153846 0.32091346153846156
6 0.27524038461538464 0.7223557692307693 0.15504807692307693 0.2127403846153846
6 0.14543269230769232 0.6165865384615384 0.2439903846153846 0.2764423076923077
6 0.11057692307692307 0.8028846153846154 0.2091346153846154 0.21033653846153846
6 0.265625 0.9134615384615384 0.22716346153846154 0.16947115384615385
6 0.6646634615384616 0.5432692307692307 0.23197115384615385 0.2848557692307692
6 0.8052884615384616 0.39663461538461536 0.14543269230769232 0.16947115384615385
6 0.9375 0.42427884615384615 0.12259615384615384 0.36778846153846156
6 0.8401442307692307 0.5612980769230769 0.1814903846153846 0.2127403846153846
6 0.8942307692307693 0.7307692307692307 0.1971153846153846 0.3161057692307692
6 0.28725961538461536 0.10216346153846154 0.19471153846153846 0.17427884615384615
6 0.3076923076923077 0.22956730769230768 0.16706730769230768 0.18870192307692307
6 0.1310096153846154 0.18269230769230768 0.24519230769230768 0.203125
6 0.16947115384615385 0.36778846153846156 0.22235576923076922 0.23798076923076922
6 0.7992788461538461 0.08774038461538461 0.18028846153846154 0.15985576923076922
6 0.8004807692307693 0.21995192307692307 0.15865384615384615 0.17427884615384615
6 0.9375 0.17067307692307693 0.12259615384615384 0.203125