7 0.5384615384615384 0.43509615384615385 0.3870192307692308 0.33533653846153844
7 0.19110576923076922 0.41346153846153844 0.38221153846153844 0.38461538461538464
7 0.3557692307692308 0.15264423076923078 0.35096153846153844 0.24519230769230768
7 0.7139423076923077 0.15625 0.45552884615384615 0.2776442307692308
7 0.1045673076923077 0.7415865384615384 0.2091346153846154 0.4074519230769231
7 0.296875 0.6670673076923077 0.25 0.21514423076923078
7 0.3581730769230769 0.8209134615384616 0.3894230769230769 0.2127403846153846
7 0.7223557692307693 0.8317307692307693 0.3942307692307692 0.23798076923076922
7 0.6610576923076923 0.6442307692307693 0.5072115384615384 0.22235576923076922
7 0.8605769230769231 0.43028846153846156 0.27524038461538464 0.38461538461538464
7 0.10216346153846154 0.1310096153846154 0.203125 0.2620192307692308