7 0.7223557692307693 0.8185096153846154 0.17668269230769232 0.3581730769230769
7 0.20072115384615385 0.4254807692307692 0.22355769230769232 0.3076923076923077
7 0.06370192307692307 0.8016826923076923 0.12740384615384615 0.35336538461538464
7 0.20072115384615385 0.859375 0.10216346153846154 0.23076923076923078
7 0.44350961538461536 0.5841346153846154 0.1935096153846154 0.2848557692307692
7 0.4098557692307692 0.875 0.1935096153846154 0.2439903846153846
7 0.8221153846153846 0.3918269230769231 0.16105769230769232 0.30288461538461536
7 0.7319711538461539 0.11057692307692307 0.20432692307692307 0.22115384615384615
7 0.5084134615384616 0.06610576923076923 0.12740384615384615 0.13221153846153846
7 0.09495192307692307 0.11057692307692307 0.18990384615384615 0.22115384615384615
7 0.9182692307692307 0.9206730769230769 0.16105769230769232 0.15504807692307693
7 0.9471153846153846 0.7235576923076923 0.10216346153846154 0.20793269230769232