8 0.6971153846153846 0.3894230769230769 0.11899038461538461 0.1814903846153846
8 0.3545673076923077 0.4026442307692308 0.1346153846153846 0.2692307692307692
8 0.056490384615384616 0.1971153846153846 0.11177884615384616 0.27884615384615385
8 0.07572115384615384 0.4735576923076923 0.13581730769230768 0.36538461538461536
8 0.18629807692307693 0.765625 0.11658653846153846 0.21995192307692307
8 0.21394230769230768 0.5048076923076923 0.10576923076923077 0.19591346153846154
8 0.16466346153846154 0.20793269230769232 0.11899038461538461 0.1346153846153846
8 0.2848557692307692 0.2704326923076923 0.1045673076923077 0.1658653846153846
8 0.30649038461538464 0.16466346153846154 0.13701923076923078 0.171875
8 0.2247596153846154 0.06971153846153846 0.12379807692307693 0.1201923076923077
8 0.5024038461538461 0.15745192307692307 0.10216346153846154 0.16826923076923078
8 0.5144230769230769 0.6911057692307693 0.08533653846153846 0.24879807692307693
8 0.4014423076923077 0.7403846153846154 0.10096153846153846 0.22716346153846154
8 0.6610576923076923 0.6141826923076923 0.1201923076923077 0.23076923076923078
8 0.7956730769230769 0.6887019230769231 0.09975961538461539 0.14423076923076922
8 0.8870192307692307 0.41947115384615385 0.11899038461538461 0.22355769230769232
8 0.75 0.07211538461538461 0.15384615384615385 0.13581730769230768
8 0.765625 0.1971153846153846 0.15264423076923078 0.17548076923076922