6 0.3485576923076923 0.46033653846153844 0.09134615384615384 0.13221153846153846
6 0.6009615384615384 0.4795673076923077 0.052884615384615384 0.06370192307692307
6 0.7295673076923077 0.5072115384615384 0.052884615384615384 0.06129807692307692
6 0.8665865384615384 0.5252403846153846 0.06610576923076923 0.09975961538461539
6 0.8365384615384616 0.6634615384615384 0.056490384615384616 0.06370192307692307
6 0.6983173076923077 0.018028846153846152 0.06490384615384616 0.036057692307692304
6 0.3581730769230769 0.6850961538461539 0.04927884615384615 0.07451923076923077
6 0.1658653846153846 0.9338942307692307 0.06971153846153846 0.07091346153846154
6 0.24639423076923078 0.9855769230769231 0.056490384615384616 0.02283653846153846
6 0.1201923076923077 0.5769230769230769 0.0625 0.08653846153846154
6 0.7463942307692307 0.9350961538461539 0.078125 0.08173076923076923
6 0.4266826923076923 0.14783653846153846 0.037259615384615384 0.11177884615384616
6 0.4963942307692308 0.6502403846153846 0.046875 0.05889423076923077
6 0.5853365384615384 0.11899038461538461 0.028846153846153848 0.06370192307692307