6 0.6538461538461539 0.41466346153846156 0.15745192307692307 0.24519230769230768
6 0.4519230769230769 0.17427884615384615 0.11057692307692307 0.26322115384615385
6 0.27163461538461536 0.14302884615384615 0.09014423076923077 0.24278846153846154
6 0.13581730769230768 0.5408653846153846 0.16826923076923078 0.21995192307692307
6 0.30288461538461536 0.8413461538461539 0.18509615384615385 0.16466346153846154
6 0.8533653846153846 0.22716346153846154 0.13942307692307693 0.18990384615384615
6 0.5901442307692307 0.1814903846153846 0.12620192307692307 0.23557692307692307
6 0.4519230769230769 0.3389423076923077 0.11057692307692307 0.14423076923076922
6 0.5084134615384616 0.4795673076923077 0.08533653846153846 0.19591346153846154
6 0.44591346153846156 0.7199519230769231 0.07932692307692307 0.15745192307692307
6 0.28365384615384615 0.7151442307692307 0.0889423076923077 0.14783653846153846
6 0.3161057692307692 0.4375 0.10216346153846154 0.18389423076923078
6 0.20072115384615385 0.3004807692307692 0.0889423076923077 0.22596153846153846
6 0.04807692307692308 0.09375 0.09134615384615384 0.1875
6 0.03245192307692308 0.5661057692307693 0.06009615384615385 0.2091346153846154
6 0.009615384615384616 0.6802884615384616 0.014423076923076924 0.14903846153846154
6 0.04567307692307692 0.7824519230769231 0.09014423076923077 0.234375
6 0.14543269230769232 0.8245192307692307 0.13701923076923078 0.21033653846153846
6 0.8269230769230769 0.6923076923076923 0.1502403846153846 0.16466346153846154
6 0.7680288461538461 0.8449519230769231 0.06009615384615385 0.19591346153846154
6 0.6875 0.8629807692307693 0.12860576923076922 0.19471153846153846
6 0.9411057692307693 0.4519230769230769 0.109375 0.17307692307692307
6 0.7403846153846154 0.06610576923076923 0.1201923076923077 0.12860576923076922
6 0.7728365384615384 0.1778846153846154 0.19471153846153846 0.1502403846153846
6 0.6081730769230769 0.05048076923076923 0.0733173076923077 0.10096153846153846
6 0.8882211538461539 0.057692307692307696 0.10216346153846154 0.1141826923076923
6 0.3449519230769231 0.15745192307692307 0.06850961538461539 0.18990384615384615