6 0.2512019230769231 0.7115384615384616 0.22115384615384615 0.5288461538461539
6 0.8581730769230769 0.33052884615384615 0.27884615384615385 0.3004807692307692
6 0.5625 0.31971153846153844 0.2692307692307692 0.26322115384615385
6 0.3125 0.1875 0.19591346153846154 0.2776442307692308
6 0.09975961538461539 0.15264423076923078 0.19591346153846154 0.19110576923076922
6 0.0733173076923077 0.5841346153846154 0.14302884615384615 0.3473557692307692
6 0.09615384615384616 0.8473557692307693 0.1875 0.3004807692307692
6 0.6514423076923077 0.8425480769230769 0.2704326923076923 0.24519230769230768
6 0.7728365384615384 0.7091346153846154 0.23918269230769232 0.2692307692307692
6 0.8737980769230769 0.5757211538461539 0.24158653846153846 0.15865384615384615
6 0.6875 0.5456730769230769 0.12980769230769232 0.20793269230769232
6 0.5745192307692307 0.53125 0.15384615384615385 0.11899038461538461
6 0.4375 0.5973557692307693 0.18509615384615385 0.15264423076923078
6 0.3870192307692308 0.8689903846153846 0.22115384615384615 0.25721153846153844