6 0.10096153846153846 0.8701923076923077 0.12139423076923077 0.09014423076923077
6 0.4807692307692308 0.6454326923076923 0.12259615384615384 0.11057692307692307
6 0.8882211538461539 0.6850961538461539 0.07572115384615384 0.13942307692307693
6 0.8569711538461539 0.7836538461538461 0.06610576923076923 0.09014423076923077
6 0.7067307692307693 0.7572115384615384 0.13221153846153846 0.11057692307692307
6 0.6322115384615384 0.9507211538461539 0.11778846153846154 0.09254807692307693
6 0.5288461538461539 0.9447115384615384 0.1045673076923077 0.1045673076923077
6 0.3449519230769231 0.8137019230769231 0.09134615384615384 0.07211538461538461
6 0.09254807692307693 0.4230769230769231 0.0829326923076923 0.09735576923076923
6 0.3762019230769231 0.3473557692307692 0.056490384615384616 0.0625
6 0.8100961538461539 0.22355769230769232 0.08774038461538461 0.09254807692307693