8 0.4807692307692308 0.21634615384615385 0.22716346153846154 0.3161057692307692
8 0.48197115384615385 0.4362980769230769 0.140625 0.18629807692307693
8 0.7439903846153846 0.3473557692307692 0.12620192307692307 0.25
8 0.21394230769230768 0.6490384615384616 0.28966346153846156 0.30649038461538464
8 0.1814903846153846 0.2824519230769231 0.16105769230769232 0.14783653846153846
8 0.2932692307692308 0.3389423076923077 0.11057692307692307 0.17067307692307693
8 0.11899038461538461 0.3245192307692308 0.078125 0.15384615384615385
8 0.038461538461538464 0.23798076923076922 0.07572115384615384 0.13822115384615385
8 0.06129807692307692 0.13581730769230768 0.12139423076923077 0.15745192307692307
8 0.20432692307692307 0.13341346153846154 0.10697115384615384 0.1346153846153846
8 0.13341346153846154 0.1814903846153846 0.08413461538461539 0.10096153846153846
8 0.7980769230769231 0.04927884615384615 0.14423076923076922 0.0985576923076923
8 0.875 0.16105769230769232 0.17908653846153846 0.234375
8 0.6995192307692307 0.24639423076923078 0.17668269230769232 0.23557692307692307
8 0.5925480769230769 0.06610576923076923 0.18028846153846154 0.11658653846153846
8 0.35096153846153844 0.07692307692307693 0.15384615384615385 0.13942307692307693
8 0.8413461538461539 0.7632211538461539 0.15865384615384615 0.23798076923076922
8 0.9603365384615384 0.40384615384615385 0.07451923076923077 0.20673076923076922
8 0.9278846153846154 0.6298076923076923 0.07451923076923077 0.16105769230769232