8 0.4423076923076923 0.6646634615384616 0.0985576923076923 0.10216346153846154
8 0.21995192307692307 0.39903846153846156 0.08052884615384616 0.078125
8 0.36658653846153844 0.2980769230769231 0.11778846153846154 0.09014423076923077
8 0.59375 0.4387019230769231 0.10216346153846154 0.0985576923076923
8 0.8461538461538461 0.31850961538461536 0.07211538461538461 0.07451923076923077
8 0.953125 0.43509615384615385 0.0673076923076923 0.11899038461538461
8 0.15144230769230768 0.046875 0.0829326923076923 0.08052884615384616
8 0.10336538461538461 0.6694711538461539 0.06490384615384616 0.12980769230769232
8 0.5456730769230769 0.15264423076923078 0.06971153846153846 0.10576923076923077
8 0.5012019230769231 0.3317307692307692 0.08052884615384616 0.10216346153846154
8 0.3858173076923077 0.46153846153846156 0.0889423076923077 0.12379807692307693
8 0.33533653846153844 0.6971153846153846 0.0673076923076923 0.13221153846153846
8 0.2091346153846154 0.8233173076923077 0.07211538461538461 0.11538461538461539
8 0.05048076923076923 0.9411057692307693 0.09975961538461539 0.1141826923076923