6 0.6610576923076923 0.34615384615384615 0.140625 0.19951923076923078
6 0.5192307692307693 0.2776442307692308 0.09615384615384616 0.21153846153846154
6 0.13341346153846154 0.7247596153846154 0.2644230769230769 0.4495192307692308
6 0.14302884615384615 0.45552884615384615 0.09014423076923077 0.1814903846153846
6 0.07932692307692307 0.16706730769230768 0.12379807692307693 0.14302884615384615
6 0.3004807692307692 0.19591346153846154 0.0829326923076923 0.11177884615384616
6 0.8112980769230769 0.7872596153846154 0.2776442307692308 0.35216346153846156
6 0.8461538461538461 0.06490384615384616 0.13581730769230768 0.12980769230769232
6 0.7175480769230769 0.0625 0.09495192307692307 0.125
6 0.8365384615384616 0.3605769230769231 0.11298076923076923 0.15504807692307693
6 0.5649038461538461 0.796875 0.18269230769230768 0.19110576923076922
6 0.390625 0.7487980769230769 0.08533653846153846 0.17307692307692307
6 0.8461538461538461 0.5012019230769231 0.14543269230769232 0.1814903846153846