8 0.703125 0.22355769230769232 0.16346153846153846 0.23317307692307693
8 0.4423076923076923 0.35697115384615385 0.19230769230769232 0.20673076923076922
8 0.6346153846153846 0.5036057692307693 0.11538461538461539 0.13942307692307693
8 0.5444711538461539 0.6598557692307693 0.10216346153846154 0.19951923076923078
8 0.12139423076923077 0.6634615384615384 0.109375 0.18028846153846154
8 0.19591346153846154 0.8798076923076923 0.0829326923076923 0.18629807692307693
8 0.9146634615384616 0.3269230769230769 0.08052884615384616 0.1466346153846154
8 0.9627403846153846 0.07451923076923077 0.06971153846153846 0.11057692307692307
8 0.7920673076923077 0.11298076923076923 0.12139423076923077 0.18629807692307693
8 0.4074519230769231 0.08413461538461539 0.06009615384615385 0.16826923076923078
8 0.25961538461538464 0.1502403846153846 0.06370192307692307 0.20673076923076922
8 0.28725961538461536 0.41346153846153844 0.0733173076923077 0.13341346153846154
8 0.16826923076923078 0.3629807692307692 0.09975961538461539 0.12620192307692307