8 0.6862980769230769 0.38822115384615385 0.12139423076923077 0.18629807692307693
8 0.33533653846153844 0.4026442307692308 0.13701923076923078 0.27524038461538464
8 0.04447115384615385 0.19110576923076922 0.08653846153846154 0.2848557692307692
8 0.06009615384615385 0.47596153846153844 0.11658653846153846 0.3762019230769231
8 0.1622596153846154 0.7740384615384616 0.11899038461538461 0.2247596153846154
8 0.19110576923076922 0.5072115384615384 0.109375 0.20072115384615385
8 0.13942307692307693 0.20192307692307693 0.12139423076923077 0.13822115384615385
8 0.26322115384615385 0.2668269230769231 0.10697115384615384 0.16947115384615385
8 0.2860576923076923 0.15865384615384615 0.140625 0.17668269230769232
8 0.19951923076923078 0.0625 0.12980769230769232 0.125
8 0.48677884615384615 0.1502403846153846 0.1045673076923077 0.171875
8 0.4987980769230769 0.6983173076923077 0.08774038461538461 0.2548076923076923
8 0.38341346153846156 0.7475961538461539 0.10336538461538461 0.23317307692307693
8 0.6502403846153846 0.6189903846153846 0.12259615384615384 0.23677884615384615
8 0.7872596153846154 0.6959134615384616 0.10216346153846154 0.14783653846153846
8 0.8810096153846154 0.41947115384615385 0.12139423076923077 0.2283653846153846
8 0.7391826923076923 0.06850961538461539 0.16105769230769232 0.13701923076923078
8 0.7572115384615384 0.19110576923076922 0.15625 0.18028846153846154