8 0.11778846153846154 0.15384615384615385 0.20432692307692307 0.22596153846153846
8 0.35216346153846156 0.23557692307692307 0.19831730769230768 0.16826923076923078
8 0.3137019230769231 0.09014423076923077 0.18028846153846154 0.18028846153846154
8 0.5216346153846154 0.13701923076923078 0.18028846153846154 0.18389423076923078
8 0.7439903846153846 0.19110576923076922 0.20432692307692307 0.25
8 0.8713942307692307 0.1622596153846154 0.25 0.3233173076923077
8 0.8389423076923077 0.7584134615384616 0.27403846153846156 0.47596153846153844
8 0.1201923076923077 0.5264423076923077 0.1622596153846154 0.12740384615384615
8 0.2800480769230769 0.5228365384615384 0.14423076923076922 0.2668269230769231
8 0.40865384615384615 0.6286057692307693 0.08774038461538461 0.09375
8 0.484375 0.4831730769230769 0.1201923076923077 0.08173076923076923
8 0.33774038461538464 0.8076923076923077 0.078125 0.10697115384615384
8 0.18269230769230768 0.8197115384615384 0.09375 0.1141826923076923
8 0.28966346153846156 0.9387019230769231 0.09014423076923077 0.0985576923076923