8 0.7896634615384616 0.5492788461538461 0.1141826923076923 0.12259615384615384
8 0.3389423076923077 0.5793269230769231 0.1045673076923077 0.13942307692307693
8 0.578125 0.7247596153846154 0.16105769230769232 0.16706730769230768
8 0.5168269230769231 0.44711538461538464 0.07692307692307693 0.12980769230769232
8 0.19230769230769232 0.8545673076923077 0.11177884615384616 0.16706730769230768
8 0.7463942307692307 0.9134615384615384 0.13942307692307693 0.12980769230769232
8 0.5504807692307693 0.9459134615384616 0.125 0.10336538461538461
8 0.8533653846153846 0.8040865384615384 0.0625 0.10817307692307693
8 0.7620192307692307 0.7391826923076923 0.0733173076923077 0.09254807692307693
8 0.3425480769230769 0.24278846153846154 0.12620192307692307 0.15625
8 0.234375 0.09375 0.07932692307692307 0.10817307692307693
8 0.32091346153846156 0.3954326923076923 0.07692307692307693 0.11057692307692307
8 0.15865384615384615 0.37740384615384615 0.1045673076923077 0.1466346153846154