6 0.4495192307692308 0.44471153846153844 0.27283653846153844 0.28846153846153844
6 0.33653846153846156 0.22115384615384615 0.15384615384615385 0.30408653846153844
6 0.15625 0.18509615384615385 0.17067307692307693 0.28846153846153844
6 0.23197115384615385 0.359375 0.18990384615384615 0.29447115384615385
6 0.22956730769230768 0.6129807692307693 0.14783653846153846 0.29927884615384615
6 0.3918269230769231 0.65625 0.22596153846153846 0.18990384615384615
6 0.7151442307692307 0.6237980769230769 0.30288461538461536 0.24759615384615385
6 0.5769230769230769 0.7932692307692307 0.19110576923076922 0.3173076923076923
6 0.8269230769230769 0.2776442307692308 0.12980769230769232 0.34375
6 0.6598557692307693 0.2127403846153846 0.19951923076923078 0.31009615384615385
6 0.5288461538461539 0.23798076923076922 0.1346153846153846 0.24759615384615385
6 0.05048076923076923 0.14543269230769232 0.09615384615384616 0.2860576923076923
6 0.06009615384615385 0.4254807692307692 0.11778846153846154 0.24278846153846154
6 0.10096153846153846 0.6237980769230769 0.15985576923076922 0.27283653846153844
6 0.08413461538461539 0.8245192307692307 0.1658653846153846 0.32572115384615385
6 0.1875 0.9170673076923077 0.22115384615384615 0.16105769230769232