5 0.3942307692307692 0.2548076923076923 0.17427884615384615 0.17307692307692307
5 0.46274038461538464 0.4579326923076923 0.1346153846153846 0.1310096153846154
5 0.7668269230769231 0.3088942307692308 0.09495192307692307 0.19591346153846154
5 0.640625 0.36538461538461536 0.06850961538461539 0.16346153846153846
5 0.5997596153846154 0.5600961538461539 0.06490384615384616 0.14543269230769232
5 0.5997596153846154 0.08413461538461539 0.09735576923076923 0.16706730769230768
5 0.4483173076923077 0.054086538461538464 0.06850961538461539 0.10817307692307693
5 0.8473557692307693 0.04326923076923077 0.06009615384615385 0.08653846153846154
5 0.9098557692307693 0.23317307692307693 0.07932692307692307 0.14783653846153846
5 0.8870192307692307 0.6526442307692307 0.10216346153846154 0.24158653846153846
5 0.9783653846153846 0.3870192307692308 0.038461538461538464 0.14423076923076922
5 0.8605769230769231 0.4567307692307692 0.07211538461538461 0.12740384615384615
5 0.7463942307692307 0.10216346153846154 0.07211538461538461 0.20432692307692307
5 0.7704326923076923 0.4987980769230769 0.06850961538461539 0.14783653846153846
5 0.7608173076923077 0.6971153846153846 0.08052884615384616 0.171875
5 0.6514423076923077 0.7079326923076923 0.08173076923076923 0.1141826923076923