6 0.9447115384615384 0.24158653846153846 0.10096153846153846 0.18269230769230768
6 0.7620192307692307 0.22716346153846154 0.14903846153846154 0.08173076923076923
6 0.5336538461538461 0.21153846153846154 0.13221153846153846 0.05889423076923077
6 0.265625 0.1310096153846154 0.13341346153846154 0.09134615384615384
6 0.3858173076923077 0.2548076923076923 0.11538461538461539 0.0733173076923077
6 0.9242788461538461 0.41346153846153844 0.12139423076923077 0.11177884615384616
6 0.7115384615384616 0.40384615384615385 0.23197115384615385 0.12379807692307693
6 0.43509615384615385 0.5060096153846154 0.12620192307692307 0.09375
6 0.1201923076923077 0.9038461538461539 0.07451923076923077 0.1875
6 0.038461538461538464 0.9326923076923077 0.07211538461538461 0.12980769230769232
6 0.20552884615384615 0.9302884615384616 0.08052884615384616 0.12379807692307693
6 0.036057692307692304 0.7055288461538461 0.06971153846153846 0.10096153846153846
6 0.05048076923076923 0.24158653846153846 0.09615384615384616 0.09375