7 0.29086538461538464 0.8209134615384616 0.17908653846153846 0.3545673076923077
7 0.8221153846153846 0.4266826923076923 0.22716346153846154 0.3112980769230769
7 0.9459134615384616 0.8100961538461539 0.10336538461538461 0.36538461538461536
7 0.8221153846153846 0.8665865384615384 0.1045673076923077 0.234375
7 0.5745192307692307 0.5877403846153846 0.19591346153846154 0.28846153846153844
7 0.6081730769230769 0.8786057692307693 0.19591346153846154 0.23918269230769232
7 0.18990384615384615 0.3918269230769231 0.16346153846153846 0.30649038461538464
7 0.28125 0.109375 0.20673076923076922 0.21875
7 0.5084134615384616 0.06490384615384616 0.12980769230769232 0.12980769230769232
7 0.9158653846153846 0.11057692307692307 0.16346153846153846 0.22115384615384615
7 0.08774038461538461 0.9242788461538461 0.171875 0.14783653846153846
7 0.057692307692307696 0.7283653846153846 0.11298076923076923 0.21153846153846154