8 0.3389423076923077 0.09735576923076923 0.109375 0.19471153846153846
8 0.6610576923076923 0.25841346153846156 0.1141826923076923 0.19471153846153846
8 0.7800480769230769 0.24158653846153846 0.0733173076923077 0.11057692307692307
8 0.9723557692307693 0.07692307692307693 0.05048076923076923 0.15384615384615385
8 0.3161057692307692 0.3858173076923077 0.07932692307692307 0.15264423076923078
8 0.12259615384615384 0.30288461538461536 0.06009615384615385 0.1141826923076923
8 0.07692307692307693 0.8858173076923077 0.1201923076923077 0.16947115384615385
8 0.3076923076923077 0.7163461538461539 0.10096153846153846 0.16947115384615385
8 0.3317307692307692 0.5552884615384616 0.07932692307692307 0.16105769230769232
8 0.48197115384615385 0.46033653846153844 0.0625 0.09735576923076923
8 0.49278846153846156 0.6802884615384616 0.0625 0.09735576923076923
8 0.4699519230769231 0.7920673076923077 0.054086538461538464 0.1778846153846154
8 0.515625 0.9110576923076923 0.09615384615384616 0.13581730769230768
8 0.6165865384615384 0.78125 0.07932692307692307 0.14783653846153846
8 0.6658653846153846 0.6478365384615384 0.06850961538461539 0.10216346153846154
8 0.7427884615384616 0.6394230769230769 0.054086538461538464 0.11899038461538461
8 0.8533653846153846 0.49759615384615385 0.08413461538461539 0.1141826923076923
8 0.9459134615384616 0.5360576923076923 0.07091346153846154 0.14783653846153846
8 0.9699519230769231 0.41947115384615385 0.054086538461538464 0.11899038461538461
8 0.515625 0.30288461538461536 0.051682692307692304 0.1141826923076923