6 0.5096153846153846 0.4639423076923077 0.09014423076923077 0.08774038461538461
6 0.5769230769230769 0.5444711538461539 0.10096153846153846 0.1141826923076923
6 0.6526442307692307 0.38822115384615385 0.07692307692307693 0.11899038461538461
6 0.6418269230769231 0.47475961538461536 0.08173076923076923 0.06490384615384616
6 0.7379807692307693 0.5192307692307693 0.1045673076923077 0.12740384615384615
6 0.6911057692307693 0.6814903846153846 0.08052884615384616 0.14423076923076922
6 0.5649038461538461 0.7223557692307693 0.0985576923076923 0.09375
6 0.46274038461538464 0.7091346153846154 0.0673076923076923 0.07451923076923077
6 0.36538461538461536 0.6754807692307693 0.06370192307692307 0.12740384615384615
6 0.2932692307692308 0.6971153846153846 0.08533653846153846 0.09375
6 0.25721153846153844 0.4963942307692308 0.09014423076923077 0.13341346153846154
6 0.18269230769230768 0.4639423076923077 0.13221153846153846 0.10576923076923077
6 0.3485576923076923 0.29447115384615385 0.14903846153846154 0.13942307692307693
6 0.4891826923076923 0.140625 0.12860576923076922 0.1141826923076923
6 0.4987980769230769 0.3137019230769231 0.054086538461538464 0.07692307692307693
6 0.5612980769230769 0.2848557692307692 0.08173076923076923 0.1045673076923077
6 0.6117788461538461 0.2091346153846154 0.08173076923076923 0.09975961538461539
6 0.6790865384615384 0.19110576923076922 0.09014423076923077 0.13581730769230768
6 0.71875 0.35216346153846156 0.09735576923076923 0.1045673076923077
6 0.828125 0.5336538461538461 0.08774038461538461 0.07451923076923077
6 0.7908653846153846 0.6682692307692307 0.08173076923076923 0.051682692307692304
6 0.49759615384615385 0.8545673076923077 0.14903846153846154 0.08774038461538461
6 0.40384615384615385 0.8389423076923077 0.08774038461538461 0.10576923076923077
6 0.3545673076923077 0.7752403846153846 0.07211538461538461 0.10576923076923077
6 0.2980769230769231 0.7836538461538461 0.05889423076923077 0.14423076923076922
6 0.22115384615384615 0.7463942307692307 0.09615384615384616 0.09975961538461539
6 0.4074519230769231 0.4182692307692308 0.07091346153846154 0.06009615384615385