8 0.10216346153846154 0.13341346153846154 0.16346153846153846 0.234375
8 0.234375 0.3401442307692308 0.11658653846153846 0.2548076923076923
8 0.49399038461538464 0.43028846153846156 0.13942307692307693 0.19110576923076922
8 0.4963942307692308 0.25841346153846156 0.2403846153846154 0.15384615384615385
8 0.38822115384615385 0.15144230769230768 0.1045673076923077 0.14302884615384615
8 0.6298076923076923 0.08052884615384616 0.11057692307692307 0.16105769230769232
8 0.7764423076923077 0.6165865384615384 0.2644230769230769 0.24519230769230768
8 0.9098557692307693 0.4014423076923077 0.171875 0.15384615384615385
8 0.7980769230769231 0.47115384615384615 0.13942307692307693 0.12259615384615384
8 0.9362980769230769 0.5877403846153846 0.1201923076923077 0.18629807692307693
8 0.9663461538461539 0.8269230769230769 0.06009615384615385 0.2608173076923077
8 0.9399038461538461 0.1141826923076923 0.11177884615384616 0.12259615384615384
8 0.9615384615384616 0.25 0.06850961538461539 0.11658653846153846
8 0.8137019230769231 0.2848557692307692 0.16346153846153846 0.17548076923076922