6 0.32211538461538464 0.4338942307692308 0.07572115384615384 0.10817307692307693
6 0.4411057692307692 0.28966346153846156 0.08052884615384616 0.12980769230769232
6 0.5192307692307693 0.1310096153846154 0.057692307692307696 0.09254807692307693
6 0.6959134615384616 0.13701923076923078 0.054086538461538464 0.10336538461538461
6 0.7475961538461539 0.0985576923076923 0.0625 0.08533653846153846
6 0.7463942307692307 0.23076923076923078 0.057692307692307696 0.09615384615384616
6 0.8533653846153846 0.23557692307692307 0.046875 0.11538461538461539
6 0.7560096153846154 0.36899038461538464 0.040865384615384616 0.10576923076923077
6 0.7175480769230769 0.4375 0.052884615384615384 0.10336538461538461
6 0.5805288461538461 0.4266826923076923 0.06971153846153846 0.0829326923076923
6 0.5288461538461539 0.4519230769230769 0.0625 0.08533653846153846
6 0.5769230769230769 0.49278846153846156 0.057692307692307696 0.09254807692307693
6 0.5012019230769231 0.49759615384615385 0.05889423076923077 0.0829326923076923
6 0.5072115384615384 0.5588942307692307 0.04927884615384615 0.08533653846153846
6 0.39903846153846156 0.6213942307692307 0.057692307692307696 0.11778846153846154
6 0.3870192307692308 0.5348557692307693 0.057692307692307696 0.1201923076923077
6 0.24879807692307693 0.5564903846153846 0.04567307692307692 0.12740384615384615
6 0.2127403846153846 0.6081730769230769 0.06971153846153846 0.0829326923076923
6 0.25841346153846156 0.7548076923076923 0.057692307692307696 0.12259615384615384
6 0.22596153846153846 0.18509615384615385 0.07572115384615384 0.07572115384615384
6 0.1622596153846154 0.07091346153846154 0.06370192307692307 0.10336538461538461
6 0.08413461538461539 0.14182692307692307 0.06370192307692307 0.10096153846153846
6 0.07211538461538461 0.21153846153846154 0.052884615384615384 0.08533653846153846
6 0.06490384615384616 0.3329326923076923 0.08052884615384616 0.08052884615384616
6 0.03485576923076923 0.6237980769230769 0.06971153846153846 0.07572115384615384
6 0.042067307692307696 0.7536057692307693 0.05048076923076923 0.08052884615384616
6 0.8052884615384616 0.7247596153846154 0.07692307692307693 0.08052884615384616
6 0.65625 0.5697115384615384 0.057692307692307696 0.09014423076923077
6 0.5949519230769231 0.6117788461538461 0.06490384615384616 0.10336538461538461
6 0.609375 0.7223557692307693 0.07692307692307693 0.0829326923076923
6 0.5048076923076923 0.7439903846153846 0.08653846153846154 0.10817307692307693
6 0.42427884615384615 0.8052884615384616 0.0625 0.11538461538461539
6 0.3629807692307692 0.6959134615384616 0.07692307692307693 0.10336538461538461
6 0.3605769230769231 0.23677884615384615 0.05048076923076923 0.10336538461538461
6 0.29927884615384615 0.10817307692307693 0.05048076923076923 0.06610576923076923
6 0.3293269230769231 0.056490384615384616 0.09975961538461539 0.10336538461538461
6 0.3762019230769231 0.11057692307692307 0.06009615384615385 0.06850961538461539
6 0.4326923076923077 0.08653846153846154 0.0625 0.09254807692307693
6 0.6117788461538461 0.1502403846153846 0.09134615384615384 0.13221153846153846
6 0.5685096153846154 0.28725961538461536 0.0673076923076923 0.09615384615384616
6 0.5576923076923077 0.34975961538461536 0.06850961538461539 0.08533653846153846
6 0.6430288461538461 0.2932692307692308 0.0625 0.10817307692307693
6 0.8557692307692307 0.44350961538461536 0.03485576923076923 0.10336538461538461
6 0.9146634615384616 0.4651442307692308 0.06490384615384616 0.09014423076923077
6 0.9014423076923077 0.5408653846153846 0.06370192307692307 0.10576923076923077
6 0.8173076923076923 0.5396634615384616 0.05889423076923077 0.09615384615384616
6 0.7235576923076923 0.5588942307692307 0.055288461538461536 0.10096153846153846
6 0.7043269230769231 0.6935096153846154 0.06009615384615385 0.09254807692307693
6 0.6862980769230769 0.8677884615384616 0.078125 0.09014423076923077
6 0.5973557692307693 0.8617788461538461 0.07211538461538461 0.08052884615384616
6 0.5288461538461539 0.9495192307692307 0.05889423076923077 0.09615384615384616
6 0.38822115384615385 0.8942307692307693 0.06370192307692307 0.10576923076923077
6 0.3125 0.8449519230769231 0.09014423076923077 0.11538461538461539
6 0.33653846153846156 0.9014423076923077 0.0673076923076923 0.09254807692307693
6 0.21634615384615385 0.9399038461538461 0.07211538461538461 0.10817307692307693
6 0.19951923076923078 0.8040865384615384 0.06490384615384616 0.125
6 0.11778846153846154 0.5877403846153846 0.08533653846153846 0.09615384615384616
6 0.13822115384615385 0.41586538461538464 0.057692307692307696 0.11057692307692307
6 0.2439903846153846 0.30408653846153844 0.06850961538461539 0.10096153846153846
6 0.8713942307692307 0.8617788461538461 0.08533653846153846 0.09615384615384616
6 0.9290865384615384 0.7475961538461539 0.055288461538461536 0.08774038461538461
6 0.921875 0.8846153846153846 0.06370192307692307 0.07572115384615384