8 0.35697115384615385 0.3329326923076923 0.15144230769230768 0.2439903846153846
8 0.6610576923076923 0.5949519230769231 0.2512019230769231 0.24759615384615385
8 0.9206730769230769 0.5516826923076923 0.15384615384615385 0.2764423076923077
8 0.53125 0.7848557692307693 0.203125 0.25600961538461536
8 0.8341346153846154 0.7728365384615384 0.15384615384615385 0.2644230769230769
8 0.4387019230769231 0.5204326923076923 0.15985576923076922 0.18990384615384615
8 0.5733173076923077 0.3737980769230769 0.15144230769230768 0.3762019230769231
8 0.15264423076923078 0.44591346153846156 0.12139423076923077 0.21514423076923078
8 0.12980769230769232 0.7391826923076923 0.15625 0.3137019230769231
8 0.6658653846153846 0.20192307692307693 0.13221153846153846 0.28125
8 0.3401442307692308 0.10096153846153846 0.1622596153846154 0.18629807692307693
8 0.109375 0.1466346153846154 0.12740384615384615 0.13581730769230768
8 0.23918269230769232 0.6490384615384616 0.13822115384615385 0.23197115384615385