7 0.9110576923076923 0.10817307692307693 0.17427884615384615 0.21634615384615385
7 0.9098557692307693 0.3701923076923077 0.1778846153846154 0.2512019230769231
7 0.9098557692307693 0.6706730769230769 0.1778846153846154 0.28125
7 0.9098557692307693 0.9206730769230769 0.1778846153846154 0.15384615384615385
7 0.6682692307692307 0.2127403846153846 0.15144230769230768 0.15384615384615385
7 0.6790865384615384 0.421875 0.17067307692307693 0.16466346153846154
7 0.6935096153846154 0.6310096153846154 0.18870192307692307 0.17067307692307693
7 0.7043269230769231 0.8786057692307693 0.19471153846153846 0.23798076923076922
7 0.4723557692307692 0.8810096153846154 0.14182692307692307 0.19471153846153846
7 0.5480769230769231 0.44350961538461536 0.0733173076923077 0.2776442307692308
7 0.051682692307692304 0.109375 0.10336538461538461 0.21875
7 0.054086538461538464 0.3581730769230769 0.10817307692307693 0.22115384615384615
7 0.21634615384615385 0.36538461538461536 0.13701923076923078 0.23317307692307693
7 0.43990384615384615 0.38221153846153844 0.0829326923076923 0.16706730769230768