5 0.10697115384615384 0.46033653846153844 0.13581730769230768 0.18990384615384615
5 0.9314903846153846 0.5 0.1310096153846154 0.17548076923076922
5 0.3918269230769231 0.5360576923076923 0.12379807692307693 0.1971153846153846
5 0.5865384615384616 0.5516826923076923 0.12860576923076922 0.1971153846153846
5 0.24158653846153846 0.5913461538461539 0.08052884615384616 0.16105769230769232
5 0.04927884615384615 0.7007211538461539 0.08533653846153846 0.13822115384615385
5 0.8509615384615384 0.7103365384615384 0.1045673076923077 0.171875
5 0.15144230769230768 0.7644230769230769 0.07572115384615384 0.14903846153846154
5 0.4735576923076923 0.8088942307692307 0.09254807692307693 0.20072115384615385
5 0.3425480769230769 0.8173076923076923 0.15985576923076922 0.1971153846153846
5 0.6766826923076923 0.8209134615384616 0.16466346153846154 0.21875
5 0.9314903846153846 0.07692307692307693 0.0829326923076923 0.14543269230769232
5 0.06610576923076923 0.9050480769230769 0.09254807692307693 0.15384615384615385
5 0.10817307692307693 0.17307692307692307 0.14783653846153846 0.1935096153846154
5 0.7944711538461539 0.21754807692307693 0.12379807692307693 0.20072115384615385
5 0.5408653846153846 0.21875 0.09254807692307693 0.16105769230769232
5 0.3473557692307692 0.25 0.14543269230769232 0.25961538461538464
5 0.6622596153846154 0.296875 0.08774038461538461 0.18629807692307693