5 0.45552884615384615 0.25841346153846156 0.23197115384615385 0.15625
5 0.5228365384615384 0.47115384615384615 0.17067307692307693 0.1971153846153846
5 0.5096153846153846 0.6706730769230769 0.1141826923076923 0.17307692307692307
5 0.32211538461538464 0.7283653846153846 0.18629807692307693 0.21153846153846154
5 0.18389423076923078 0.5649038461538461 0.1201923076923077 0.2091346153846154
5 0.08173076923076923 0.36778846153846156 0.15985576923076922 0.20552884615384615
5 0.2536057692307692 0.41586538461538464 0.13822115384615385 0.17427884615384615
5 0.17548076923076922 0.12980769230769232 0.1814903846153846 0.18990384615384615
5 0.6646634615384616 0.17427884615384615 0.1971153846153846 0.18028846153846154
5 0.8641826923076923 0.31850961538461536 0.14302884615384615 0.22956730769230768
5 0.8269230769230769 0.8004807692307693 0.18269230769230768 0.2403846153846154
5 0.7043269230769231 0.5060096153846154 0.1310096153846154 0.2668269230769231
5 0.5685096153846154 0.9194711538461539 0.14302884615384615 0.15865384615384615
5 0.09975961538461539 0.8774038461538461 0.19471153846153846 0.2403846153846154
5 0.6430288461538461 0.7391826923076923 0.14783653846153846 0.11057692307692307
5 0.8365384615384616 0.578125 0.13581730769230768 0.14903846153846154