8 0.7235576923076923 0.32091346153846156 0.11778846153846154 0.08533653846153846
8 0.33052884615384615 0.41225961538461536 0.07572115384615384 0.09014423076923077
8 0.24759615384615385 0.35096153846153844 0.10817307692307693 0.11778846153846154
8 0.3401442307692308 0.30649038461538464 0.08533653846153846 0.11298076923076923
8 0.4098557692307692 0.28725961538461536 0.07572115384615384 0.08533653846153846
8 0.41947115384615385 0.37259615384615385 0.10336538461538461 0.07572115384615384
8 0.5096153846153846 0.4338942307692308 0.08533653846153846 0.10336538461538461
8 0.17908653846153846 0.4855769230769231 0.06610576923076923 0.07572115384615384
8 0.08774038461538461 0.47836538461538464 0.08052884615384616 0.10817307692307693
8 0.1622596153846154 0.40625 0.07091346153846154 0.06610576923076923
8 0.27163461538461536 0.5168269230769231 0.10817307692307693 0.08052884615384616
8 0.39663461538461536 0.53125 0.09375 0.08052884615384616
8 0.7355769230769231 0.5492788461538461 0.10336538461538461 0.09014423076923077
8 0.8557692307692307 0.5168269230769231 0.08052884615384616 0.0985576923076923
8 0.953125 0.4266826923076923 0.0889423076923077 0.0985576923076923
8 0.8918269230769231 0.23798076923076922 0.11298076923076923 0.0985576923076923
8 0.7079326923076923 0.41466346153846156 0.13221153846153846 0.06610576923076923
8 0.78125 0.46033653846153844 0.10817307692307693 0.08052884615384616
8 0.6694711538461539 0.4831730769230769 0.10336538461538461 0.08052884615384616