6 0.47716346153846156 0.7451923076923077 0.10697115384615384 0.17307692307692307
6 0.5012019230769231 0.47716346153846156 0.06129807692307692 0.109375
6 0.6117788461538461 0.20552884615384615 0.0673076923076923 0.12379807692307693
6 0.7536057692307693 0.39302884615384615 0.07211538461538461 0.14302884615384615
6 0.7704326923076923 0.5985576923076923 0.11658653846153846 0.11177884615384616
6 0.7560096153846154 0.75 0.057692307692307696 0.109375
6 0.9038461538461539 0.8257211538461539 0.08533653846153846 0.08413461538461539
6 0.2860576923076923 0.5216346153846154 0.057692307692307696 0.09615384615384616
6 0.39663461538461536 0.4387019230769231 0.04447115384615385 0.08173076923076923
6 0.4098557692307692 0.5949519230769231 0.07932692307692307 0.10336538461538461
6 0.32211538461538464 0.7560096153846154 0.0625 0.08653846153846154
6 0.6153846153846154 0.7115384615384616 0.08774038461538461 0.11658653846153846
6 0.47475961538461536 0.24158653846153846 0.07091346153846154 0.10697115384615384
6 0.27283653846153844 0.1814903846153846 0.06850961538461539 0.12379807692307693