6 0.2920673076923077 0.7836538461538461 0.3161057692307692 0.35697115384615385
6 0.12980769230769232 0.26322115384615385 0.22956730769230768 0.35216346153846156
6 0.5096153846153846 0.18028846153846154 0.2848557692307692 0.3605769230769231
6 0.7019230769230769 0.2800480769230769 0.14783653846153846 0.31850961538461536
6 0.46033653846153844 0.4326923076923077 0.171875 0.2800480769230769
6 0.671875 0.5048076923076923 0.17427884615384615 0.23076923076923078
6 0.7944711538461539 0.6370192307692307 0.2091346153846154 0.22235576923076922
6 0.7524038461538461 0.9266826923076923 0.2091346153846154 0.14302884615384615
6 0.5841346153846154 0.8786057692307693 0.14182692307692307 0.21033653846153846
6 0.5528846153846154 0.6514423076923077 0.13942307692307693 0.2932692307692308
6 0.8209134615384616 0.3161057692307692 0.18990384615384615 0.27403846153846156