8 0.6778846153846154 0.12860576923076922 0.08533653846153846 0.0829326923076923
8 0.5985576923076923 0.1201923076923077 0.042067307692307696 0.06610576923076923
8 0.6081730769230769 0.2620192307692308 0.06610576923076923 0.0625
8 0.7572115384615384 0.23197115384615385 0.06129807692307692 0.0829326923076923
8 0.24759615384615385 0.18028846153846154 0.04807692307692308 0.1201923076923077
8 0.19951923076923078 0.2980769230769231 0.09014423076923077 0.14903846153846154
8 0.10817307692307693 0.49158653846153844 0.08774038461538461 0.13221153846153846
8 0.19951923076923078 0.48197115384615385 0.09014423076923077 0.14423076923076922
8 0.36538461538461536 0.2764423076923077 0.055288461538461536 0.11538461538461539
8 0.3858173076923077 0.3762019230769231 0.07451923076923077 0.11538461538461539
8 0.3473557692307692 0.5084134615384616 0.07692307692307693 0.09134615384615384
8 0.42908653846153844 0.7247596153846154 0.10336538461538461 0.16105769230769232
8 0.5456730769230769 0.75 0.08533653846153846 0.11177884615384616
8 0.4495192307692308 0.5769230769230769 0.07932692307692307 0.11177884615384616