8 0.6778846153846154 0.3137019230769231 0.16466346153846154 0.234375
8 0.2920673076923077 0.23918269230769232 0.14903846153846154 0.18028846153846154
8 0.15985576923076922 0.3088942307692308 0.19110576923076922 0.20192307692307693
8 0.30528846153846156 0.4338942307692308 0.15985576923076922 0.16466346153846154
8 0.3870192307692308 0.5132211538461539 0.10336538461538461 0.13341346153846154
8 0.41466346153846156 0.10336538461538461 0.11057692307692307 0.18629807692307693
8 0.2920673076923077 0.08533653846153846 0.11057692307692307 0.14903846153846154
8 0.16466346153846154 0.0829326923076923 0.08413461538461539 0.10096153846153846
8 0.7427884615384616 0.07211538461538461 0.15625 0.12259615384615384
8 0.8245192307692307 0.375 0.09134615384615384 0.21754807692307693
8 0.7055288461538461 0.6995192307692307 0.10697115384615384 0.2283653846153846
8 0.8185096153846154 0.6730769230769231 0.09495192307692307 0.23918269230769232
8 0.9350961538461539 0.6165865384615384 0.12259615384615384 0.18028846153846154
8 0.5192307692307693 0.7211538461538461 0.14543269230769232 0.15384615384615385
8 0.609375 0.5288461538461539 0.15625 0.13341346153846154
8 0.5384615384615384 0.27403846153846156 0.08413461538461539 0.18629807692307693
8 0.43149038461538464 0.38341346153846156 0.09134615384615384 0.11658653846153846
8 0.17307692307692307 0.8245192307692307 0.14903846153846154 0.18028846153846154
8 0.1622596153846154 0.5793269230769231 0.09495192307692307 0.14903846153846154
8 0.04567307692307692 0.7235576923076923 0.08413461538461539 0.19110576923076922
8 0.3954326923076923 0.8774038461538461 0.17908653846153846 0.10697115384615384