6 0.4362980769230769 0.44471153846153844 0.20072115384615385 0.15865384615384615
6 0.6394230769230769 0.49038461538461536 0.14543269230769232 0.18389423076923078
6 0.828125 0.40625 0.11298076923076923 0.16947115384615385
6 0.9350961538461539 0.15384615384615385 0.07572115384615384 0.1045673076923077
6 0.6466346153846154 0.19831730769230768 0.0625 0.06971153846153846
6 0.5240384615384616 0.20072115384615385 0.10576923076923077 0.10697115384615384
6 0.3076923076923077 0.28966346153846156 0.078125 0.09975961538461539
6 0.2247596153846154 0.3076923076923077 0.11057692307692307 0.11899038461538461
6 0.14543269230769232 0.3112980769230769 0.06971153846153846 0.08653846153846154
6 0.11538461538461539 0.42908653846153844 0.06490384615384616 0.09254807692307693
6 0.15985576923076922 0.5204326923076923 0.09495192307692307 0.14182692307692307