6 0.6262019230769231 0.2800480769230769 0.078125 0.05889423076923077
6 0.5324519230769231 0.44350961538461536 0.07091346153846154 0.06129807692307692
6 0.33533653846153844 0.7860576923076923 0.12139423076923077 0.12740384615384615
6 0.3737980769230769 0.5276442307692307 0.07091346153846154 0.08173076923076923
6 0.22235576923076922 0.38822115384615385 0.09254807692307693 0.08413461538461539
6 0.027644230769230768 0.2536057692307692 0.052884615384615384 0.11057692307692307
6 0.016826923076923076 0.7415865384615384 0.03125 0.12139423076923077
6 0.0733173076923077 0.8257211538461539 0.078125 0.06850961538461539
6 0.1466346153846154 0.8677884615384616 0.06009615384615385 0.10336538461538461
6 0.1875 0.6862980769230769 0.0829326923076923 0.08774038461538461
6 0.17908653846153846 0.5637019230769231 0.06009615384615385 0.09495192307692307
6 0.24879807692307693 0.5564903846153846 0.0673076923076923 0.09254807692307693
6 0.2848557692307692 0.14543269230769232 0.11298076923076923 0.10096153846153846
6 0.5396634615384616 0.08653846153846154 0.07091346153846154 0.09735576923076923
6 0.6117788461538461 0.0985576923076923 0.0673076923076923 0.07932692307692307
6 0.6694711538461539 0.046875 0.09495192307692307 0.09254807692307693
6 0.6838942307692307 0.3737980769230769 0.07572115384615384 0.08533653846153846