5 0.4723557692307692 0.25841346153846156 0.22355769230769232 0.1502403846153846
5 0.5372596153846154 0.4639423076923077 0.16466346153846154 0.18990384615384615
5 0.5252403846153846 0.65625 0.109375 0.16706730769230768
5 0.34375 0.7115384615384616 0.17908653846153846 0.20432692307692307
5 0.21153846153846154 0.5528846153846154 0.11538461538461539 0.20192307692307693
5 0.10336538461538461 0.3629807692307692 0.171875 0.1971153846153846
5 0.27884615384615385 0.4110576923076923 0.13341346153846154 0.16826923076923078
5 0.20432692307692307 0.13341346153846154 0.17427884615384615 0.18269230769230768
5 0.6742788461538461 0.1778846153846154 0.18990384615384615 0.17427884615384615
5 0.8665865384615384 0.3161057692307692 0.13822115384615385 0.22115384615384615
5 0.8305288461538461 0.78125 0.17548076923076922 0.23197115384615385
5 0.7127403846153846 0.49759615384615385 0.12620192307692307 0.25721153846153844
5 0.5817307692307693 0.9002403846153846 0.13701923076923078 0.16105769230769232
5 0.1310096153846154 0.8665865384615384 0.18629807692307693 0.2536057692307692
5 0.6538461538461539 0.7211538461538461 0.14302884615384615 0.10697115384615384
5 0.8413461538461539 0.5661057692307693 0.1310096153846154 0.14302884615384615