6 0.6646634615384616 0.4338942307692308 0.15144230769230768 0.23557692307692307
6 0.4699519230769231 0.203125 0.10576923076923077 0.2536057692307692
6 0.296875 0.17307692307692307 0.08653846153846154 0.234375
6 0.1658653846153846 0.5552884615384616 0.1622596153846154 0.21153846153846154
6 0.3269230769230769 0.8449519230769231 0.1778846153846154 0.15865384615384615
6 0.8581730769230769 0.2536057692307692 0.1346153846153846 0.18269230769230768
6 0.6033653846153846 0.2091346153846154 0.12139423076923077 0.22716346153846154
6 0.4699519230769231 0.3605769230769231 0.10576923076923077 0.13822115384615385
6 0.5252403846153846 0.49759615384615385 0.0829326923076923 0.18870192307692307
6 0.4639423076923077 0.7283653846153846 0.07572115384615384 0.15144230769230768
6 0.3088942307692308 0.7235576923076923 0.08533653846153846 0.14182692307692307
6 0.3401442307692308 0.4567307692307692 0.0985576923076923 0.1778846153846154
6 0.2283653846153846 0.3245192307692308 0.08533653846153846 0.21875
6 0.08052884615384616 0.11658653846153846 0.09014423076923077 0.1935096153846154
6 0.04927884615384615 0.5805288461538461 0.09254807692307693 0.19831730769230768
6 0.026442307692307692 0.6911057692307693 0.05048076923076923 0.140625
6 0.0733173076923077 0.7896634615384616 0.0985576923076923 0.2247596153846154
6 0.17548076923076922 0.8293269230769231 0.1310096153846154 0.203125
6 0.8317307692307693 0.703125 0.14543269230769232 0.15865384615384615
6 0.7752403846153846 0.8497596153846154 0.057692307692307696 0.18870192307692307
6 0.6971153846153846 0.8665865384615384 0.12379807692307693 0.1875
6 0.9423076923076923 0.47115384615384615 0.10576923076923077 0.16706730769230768
6 0.7487980769230769 0.09735576923076923 0.11658653846153846 0.125
6 0.7788461538461539 0.20552884615384615 0.1875 0.14543269230769232
6 0.6213942307692307 0.06610576923076923 0.06971153846153846 0.12980769230769232
6 0.890625 0.07451923076923077 0.09735576923076923 0.140625
6 0.36778846153846156 0.18629807692307693 0.06610576923076923 0.18269230769230768