7 0.47115384615384615 0.4543269230769231 0.39663461538461536 0.34375
7 0.8149038461538461 0.4326923076923077 0.36538461538461536 0.3942307692307692
7 0.6574519230769231 0.16466346153846154 0.359375 0.2512019230769231
7 0.29086538461538464 0.16826923076923078 0.46634615384615385 0.2848557692307692
7 0.9038461538461539 0.7680288461538461 0.19110576923076922 0.4182692307692308
7 0.7175480769230769 0.6923076923076923 0.25600961538461536 0.21995192307692307
7 0.6550480769230769 0.8497596153846154 0.39783653846153844 0.21754807692307693
7 0.2824519230769231 0.8605769230769231 0.40384615384615385 0.2439903846153846
7 0.34615384615384615 0.6682692307692307 0.5192307692307693 0.2283653846153846
7 0.14182692307692307 0.4483173076923077 0.2800480769230769 0.3954326923076923
7 0.90625 0.13822115384615385 0.18629807692307693 0.2764423076923077