6 0.44471153846153844 0.4026442307692308 0.18990384615384615 0.21033653846153846
6 0.23197115384615385 0.5372596153846154 0.1935096153846154 0.3701923076923077
6 0.26802884615384615 0.7127403846153846 0.17307692307692307 0.26802884615384615
6 0.07451923076923077 0.5192307692307693 0.1466346153846154 0.3293269230769231
6 0.6153846153846154 0.5793269230769231 0.12860576923076922 0.27524038461538464
6 0.6358173076923077 0.828125 0.2127403846153846 0.23557692307692307
6 0.5132211538461539 0.19471153846153846 0.11177884615384616 0.12139423076923077
6 0.31850961538461536 0.1814903846153846 0.20072115384615385 0.1622596153846154
6 0.2704326923076923 0.265625 0.125 0.1346153846153846
6 0.7956730769230769 0.4014423076923077 0.11057692307692307 0.19471153846153846
6 0.8689903846153846 0.5853365384615384 0.15144230769230768 0.17067307692307693