7 0.8245192307692307 0.3317307692307692 0.1622596153846154 0.2283653846153846
7 0.5528846153846154 0.3317307692307692 0.19471153846153846 0.23798076923076922
7 0.609375 0.1310096153846154 0.1778846153846154 0.2620192307692308
7 0.39783653846153844 0.31971153846153844 0.15985576923076922 0.2620192307692308
7 0.2536057692307692 0.3317307692307692 0.1622596153846154 0.23798076923076922
7 0.3245192307692308 0.546875 0.16706730769230768 0.24879807692307693
7 0.18509615384615385 0.5540865384615384 0.16346153846153846 0.24879807692307693
7 0.3942307692307692 0.7572115384615384 0.15384615384615385 0.23076923076923078
7 0.5384615384615384 0.7524038461538461 0.15144230769230768 0.24639423076923078
7 0.4651442307692308 0.5396634615384616 0.16947115384615385 0.2403846153846154
7 0.6105769230769231 0.5372596153846154 0.14423076923076922 0.25600961538461536
7 0.6814903846153846 0.7560096153846154 0.15865384615384615 0.24879807692307693
7 0.8269230769230769 0.7560096153846154 0.1502403846153846 0.24879807692307693
7 0.8954326923076923 0.5625 0.1814903846153846 0.3004807692307692
7 0.8930288461538461 0.12259615384615384 0.18028846153846154 0.24519230769230768
7 0.9411057692307693 0.3245192307692308 0.11298076923076923 0.27403846153846156
7 0.32211538461538464 0.11538461538461539 0.1622596153846154 0.23076923076923078
7 0.18028846153846154 0.11778846153846154 0.1778846153846154 0.23557692307692307
7 0.1141826923076923 0.32572115384615385 0.17908653846153846 0.2824519230769231
7 0.2512019230769231 0.7692307692307693 0.15384615384615385 0.2283653846153846
7 0.10817307692307693 0.7644230769230769 0.15745192307692307 0.23798076923076922