7 0.6454326923076923 0.5588942307692307 0.17067307692307693 0.12259615384615384
7 0.38461538461538464 0.49038461538461536 0.171875 0.17548076923076922
7 0.96875 0.5324519230769231 0.05889423076923077 0.203125
7 0.36177884615384615 0.33774038461538464 0.078125 0.09254807692307693
7 0.47115384615384615 0.36177884615384615 0.09254807692307693 0.07692307692307693
7 0.6237980769230769 0.42908653846153844 0.0673076923076923 0.07692307692307693
7 0.7980769230769231 0.4254807692307692 0.09014423076923077 0.1201923076923077
7 0.8521634615384616 0.8209134615384616 0.11778846153846154 0.13221153846153846
7 0.5084134615384616 0.7632211538461539 0.14543269230769232 0.15504807692307693
7 0.35096153846153844 0.6971153846153846 0.17548076923076922 0.19951923076923078
7 0.12139423076923077 0.5096153846153846 0.24278846153846154 0.171875
7 0.08413461538461539 0.28966346153846156 0.16826923076923078 0.1622596153846154