6 0.48197115384615385 0.7463942307692307 0.10817307692307693 0.17548076923076922
6 0.5072115384615384 0.47475961538461536 0.06129807692307692 0.11057692307692307
6 0.6189903846153846 0.19831730769230768 0.06850961538461539 0.12620192307692307
6 0.7632211538461539 0.3894230769230769 0.0733173076923077 0.14543269230769232
6 0.7800480769230769 0.5985576923076923 0.11899038461538461 0.11298076923076923
6 0.765625 0.7512019230769231 0.05889423076923077 0.11057692307692307
6 0.9158653846153846 0.828125 0.08653846153846154 0.08533653846153846
6 0.28725961538461536 0.5192307692307693 0.05889423076923077 0.0985576923076923
6 0.40024038461538464 0.43509615384615385 0.04567307692307692 0.0829326923076923
6 0.41346153846153844 0.59375 0.08052884615384616 0.10576923076923077
6 0.3245192307692308 0.7572115384615384 0.06370192307692307 0.08774038461538461
6 0.6225961538461539 0.7127403846153846 0.0889423076923077 0.11778846153846154
6 0.4795673076923077 0.234375 0.07211538461538461 0.10817307692307693
6 0.27403846153846156 0.17427884615384615 0.06971153846153846 0.12620192307692307