6 0.5985576923076923 0.4567307692307692 0.21634615384615385 0.5204326923076923
6 0.140625 0.27283653846153844 0.27884615384615385 0.3545673076923077
6 0.17307692307692307 0.5661057692307693 0.265625 0.37259615384615385
6 0.41586538461538464 0.5757211538461539 0.19230769230769232 0.30528846153846156
6 0.39302884615384615 0.3233173076923077 0.22596153846153846 0.28966346153846156
6 0.796875 0.3942307692307692 0.22596153846153846 0.3894230769230769
6 0.8509615384615384 0.6995192307692307 0.2932692307692308 0.28365384615384615
6 0.5372596153846154 0.8545673076923077 0.36658653846153844 0.2848557692307692
6 0.19951923076923078 0.8305288461538461 0.35096153846153844 0.14302884615384615
6 0.21875 0.9399038461538461 0.2512019230769231 0.11538461538461539
6 0.7367788461538461 0.1466346153846154 0.3317307692307692 0.19471153846153846
6 0.41586538461538464 0.0985576923076923 0.375 0.18990384615384615