6 0.6346153846153846 0.27884615384615385 0.078125 0.06009615384615385
6 0.5408653846153846 0.44350961538461536 0.07091346153846154 0.0625
6 0.3425480769230769 0.7872596153846154 0.12139423076923077 0.12860576923076922
6 0.38221153846153844 0.5276442307692307 0.07091346153846154 0.08173076923076923
6 0.22956730769230768 0.3870192307692308 0.09254807692307693 0.08413461538461539
6 0.03125 0.25240384615384615 0.06009615384615385 0.11057692307692307
6 0.020432692307692308 0.7427884615384616 0.038461538461538464 0.12139423076923077
6 0.08052884615384616 0.8269230769230769 0.078125 0.06850961538461539
6 0.15384615384615385 0.8689903846153846 0.06009615384615385 0.1045673076923077
6 0.19471153846153846 0.6875 0.0829326923076923 0.0889423076923077
6 0.18629807692307693 0.5637019230769231 0.06009615384615385 0.09495192307692307
6 0.25600961538461536 0.5564903846153846 0.06850961538461539 0.09254807692307693
6 0.2920673076923077 0.14423076923076922 0.11298076923076923 0.10216346153846154
6 0.5480769230769231 0.08533653846153846 0.07091346153846154 0.09735576923076923
6 0.6201923076923077 0.09615384615384616 0.06850961538461539 0.07932692307692307
6 0.6778846153846154 0.046875 0.09615384615384616 0.09254807692307693
6 0.6923076923076923 0.37259615384615385 0.07692307692307693 0.08653846153846154