8 0.6814903846153846 0.15264423076923078 0.0829326923076923 0.08052884615384616
8 0.6033653846153846 0.14543269230769232 0.040865384615384616 0.06490384615384616
8 0.6129807692307693 0.2848557692307692 0.06490384615384616 0.06009615384615385
8 0.7572115384615384 0.2536057692307692 0.06009615384615385 0.08052884615384616
8 0.2620192307692308 0.203125 0.046875 0.11658653846153846
8 0.21514423076923078 0.31850961538461536 0.08774038461538461 0.14543269230769232
8 0.12620192307692307 0.5084134615384616 0.08533653846153846 0.12860576923076922
8 0.21514423076923078 0.49759615384615385 0.08774038461538461 0.140625
8 0.37740384615384615 0.2980769230769231 0.054086538461538464 0.11298076923076923
8 0.39663461538461536 0.3954326923076923 0.07211538461538461 0.11298076923076923
8 0.359375 0.5240384615384616 0.07572115384615384 0.0889423076923077
8 0.4387019230769231 0.7355769230769231 0.10096153846153846 0.15745192307692307
8 0.5516826923076923 0.7596153846153846 0.0829326923076923 0.109375
8 0.45913461538461536 0.5901442307692307 0.078125 0.109375