5 0.59375 0.25721153846153844 0.17067307692307693 0.16947115384615385
5 0.5276442307692307 0.4567307692307692 0.1310096153846154 0.12740384615384615
5 0.22956730769230768 0.3088942307692308 0.09375 0.19110576923076922
5 0.35216346153846156 0.36538461538461536 0.0673076923076923 0.15985576923076922
5 0.39302884615384615 0.5552884615384616 0.06370192307692307 0.14302884615384615
5 0.39302884615384615 0.08533653846153846 0.09495192307692307 0.17067307692307693
5 0.5408653846153846 0.057692307692307696 0.0673076923076923 0.10817307692307693
5 0.1502403846153846 0.046875 0.06009615384615385 0.09375
5 0.0889423076923077 0.23557692307692307 0.078125 0.14423076923076922
5 0.11177884615384616 0.6454326923076923 0.09975961538461539 0.23677884615384615
5 0.020432692307692308 0.3858173076923077 0.040865384615384616 0.13822115384615385
5 0.13701923076923078 0.4543269230769231 0.07091346153846154 0.125
5 0.24879807692307693 0.10576923076923077 0.06971153846153846 0.20192307692307693
5 0.2247596153846154 0.4951923076923077 0.0673076923076923 0.14423076923076922
5 0.234375 0.6899038461538461 0.07932692307692307 0.16826923076923078
5 0.3425480769230769 0.6995192307692307 0.08052884615384616 0.11177884615384616