8 0.20432692307692307 0.1045673076923077 0.04567307692307692 0.05048076923076923
8 0.4411057692307692 0.7668269230769231 0.04567307692307692 0.0625
8 0.6610576923076923 0.36177884615384615 0.04567307692307692 0.05889423076923077
8 0.3762019230769231 0.46274038461538464 0.04927884615384615 0.05048076923076923
8 0.8810096153846154 0.7776442307692307 0.052884615384615384 0.0673076923076923
8 0.9855769230769231 0.609375 0.021634615384615384 0.05889423076923077
8 0.24278846153846154 0.7872596153846154 0.03245192307692308 0.04567307692307692
8 0.17908653846153846 0.7295673076923077 0.04567307692307692 0.04567307692307692
8 0.17067307692307693 0.2920673076923077 0.056490384615384616 0.07091346153846154
8 0.028846153846153848 0.8125 0.056490384615384616 0.054086538461538464
8 0.036057692307692304 0.18269230769230768 0.036057692307692304 0.04567307692307692