6 0.47475961538461536 0.7451923076923077 0.10697115384615384 0.17307692307692307
6 0.5 0.47716346153846156 0.06129807692307692 0.109375
6 0.6105769230769231 0.20552884615384615 0.0673076923076923 0.12379807692307693
6 0.7524038461538461 0.39302884615384615 0.07211538461538461 0.14302884615384615
6 0.7692307692307693 0.5985576923076923 0.11658653846153846 0.11177884615384616
6 0.7548076923076923 0.75 0.057692307692307696 0.109375
6 0.9026442307692307 0.8257211538461539 0.08533653846153846 0.08413461538461539
6 0.2848557692307692 0.5216346153846154 0.057692307692307696 0.09615384615384616
6 0.3954326923076923 0.4387019230769231 0.04447115384615385 0.08173076923076923
6 0.4074519230769231 0.5949519230769231 0.07932692307692307 0.10336538461538461
6 0.32091346153846156 0.7560096153846154 0.0625 0.08653846153846154
6 0.6141826923076923 0.7115384615384616 0.08774038461538461 0.11658653846153846
6 0.4735576923076923 0.24158653846153846 0.07091346153846154 0.10697115384615384
6 0.27163461538461536 0.1814903846153846 0.06850961538461539 0.12379807692307693