7 0.7151442307692307 0.18269230769230768 0.18028846153846154 0.06129807692307692
7 0.5348557692307693 0.171875 0.1971153846153846 0.039663461538461536
7 0.23557692307692307 0.7608173076923077 0.12139423076923077 0.056490384615384616
7 0.41586538461538464 0.5264423076923077 0.1622596153846154 0.0733173076923077
7 0.41947115384615385 0.3798076923076923 0.11899038461538461 0.054086538461538464
7 0.5973557692307693 0.44471153846153844 0.11899038461538461 0.06129807692307692
7 0.7079326923076923 0.32572115384615385 0.13221153846153846 0.054086538461538464
7 0.8653846153846154 0.2956730769230769 0.13581730769230768 0.051682692307692304
7 0.890625 0.2536057692307692 0.16947115384615385 0.06129807692307692
7 0.33533653846153844 0.46274038461538464 0.1466346153846154 0.05889423076923077
7 0.19230769230769232 0.31490384615384615 0.1141826923076923 0.051682692307692304
7 0.3076923076923077 0.8365384615384616 0.18629807692307693 0.046875