7 0.8088942307692307 0.34615384615384615 0.15504807692307693 0.21754807692307693
7 0.5504807692307693 0.34615384615384615 0.18629807692307693 0.22716346153846154
7 0.6057692307692307 0.14423076923076922 0.16826923076923078 0.2644230769230769
7 0.4026442307692308 0.33533653846153844 0.15264423076923078 0.25
7 0.2644230769230769 0.34615384615384615 0.15504807692307693 0.22716346153846154
7 0.3329326923076923 0.5516826923076923 0.15985576923076922 0.23798076923076922
7 0.19951923076923078 0.5588942307692307 0.15625 0.23798076923076922
7 0.39903846153846156 0.7536057692307693 0.1466346153846154 0.21995192307692307
7 0.5360576923076923 0.7487980769230769 0.14423076923076922 0.23557692307692307
7 0.4675480769230769 0.5456730769230769 0.16105769230769232 0.23076923076923078
7 0.6057692307692307 0.5432692307692307 0.13822115384615385 0.24519230769230768
7 0.6730769230769231 0.7524038461538461 0.15144230769230768 0.23798076923076922
7 0.8112980769230769 0.7524038461538461 0.14302884615384615 0.23798076923076922
7 0.8774038461538461 0.5673076923076923 0.17307692307692307 0.28725961538461536
7 0.8762019230769231 0.14302884615384615 0.16826923076923078 0.23317307692307693
7 0.9338942307692307 0.3389423076923077 0.1310096153846154 0.25721153846153844
7 0.3317307692307692 0.13701923076923078 0.15264423076923078 0.21995192307692307
7 0.19591346153846154 0.13942307692307693 0.16826923076923078 0.2247596153846154
7 0.1310096153846154 0.3401442307692308 0.17067307692307693 0.2692307692307692
7 0.2620192307692308 0.7644230769230769 0.1466346153846154 0.21754807692307693
7 0.12620192307692307 0.7596153846153846 0.1502403846153846 0.22716346153846154