6 0.2776442307692308 0.46634615384615385 0.21514423076923078 0.22115384615384615
6 0.5576923076923077 0.33533653846153844 0.16105769230769232 0.2091346153846154
6 0.6995192307692307 0.4266826923076923 0.17548076923076922 0.34615384615384615
6 0.8677884615384616 0.2956730769230769 0.1466346153846154 0.3088942307692308
6 0.7692307692307693 0.5649038461538461 0.18870192307692307 0.171875
6 0.8377403846153846 0.6766826923076923 0.2548076923076923 0.2536057692307692
6 0.8653846153846154 0.4963942307692308 0.1814903846153846 0.22596153846153846
6 0.6262019230769231 0.11658653846153846 0.2536057692307692 0.171875
6 0.3629807692307692 0.1658653846153846 0.25961538461538464 0.16947115384615385
6 0.140625 0.21394230769230768 0.17548076923076922 0.22355769230769232
6 0.0673076923076923 0.5060096153846154 0.1346153846153846 0.30649038461538464
6 0.2247596153846154 0.6418269230769231 0.2668269230769231 0.2536057692307692
6 0.14903846153846154 0.8870192307692307 0.20552884615384615 0.20673076923076922
6 0.640625 0.9326923076923077 0.24519230769230768 0.12980769230769232
6 0.9134615384615384 0.9447115384615384 0.16947115384615385 0.1045673076923077
6 0.5348557692307693 0.5348557692307693 0.18389423076923078 0.21634615384615385