6 0.33052884615384615 0.8137019230769231 0.2620192307692308 0.34615384615384615
6 0.6129807692307693 0.7512019230769231 0.2668269230769231 0.33052884615384615
6 0.6117788461538461 0.890625 0.22115384615384615 0.2127403846153846
6 0.8798076923076923 0.796875 0.23677884615384615 0.3605769230769231
6 0.9026442307692307 0.921875 0.19110576923076922 0.15144230769230768
6 0.7127403846153846 0.2932692307692308 0.21394230769230768 0.15745192307692307
6 0.5504807692307693 0.328125 0.20793269230769232 0.17668269230769232
6 0.6646634615384616 0.4543269230769231 0.21875 0.2644230769230769
6 0.8425480769230769 0.5925480769230769 0.26322115384615385 0.23076923076923078
6 0.8305288461538461 0.4254807692307692 0.15865384615384615 0.1935096153846154
6 0.25600961538461536 0.5108173076923077 0.15745192307692307 0.16466346153846154
6 0.10576923076923077 0.5300480769230769 0.16947115384615385 0.24759615384615385
6 0.1622596153846154 0.6634615384615384 0.12139423076923077 0.19591346153846154
6 0.09615384615384616 0.8942307692307693 0.1778846153846154 0.20072115384615385
6 0.3894230769230769 0.34975961538461536 0.15985576923076922 0.21033653846153846
6 0.4170673076923077 0.390625 0.1141826923076923 0.14182692307692307