6 0.6670673076923077 0.8245192307692307 0.2764423076923077 0.3449519230769231
6 0.3713942307692308 0.7692307692307693 0.2800480769230769 0.3473557692307692
6 0.3713942307692308 0.9002403846153846 0.23317307692307693 0.1935096153846154
6 0.10817307692307693 0.8112980769230769 0.2127403846153846 0.3713942307692308
6 0.08413461538461539 0.9326923076923077 0.16466346153846154 0.12860576923076922
6 0.265625 0.28725961538461536 0.2247596153846154 0.16466346153846154
6 0.4362980769230769 0.3245192307692308 0.21875 0.18509615384615385
6 0.3161057692307692 0.4579326923076923 0.23076923076923078 0.27884615384615385
6 0.1346153846153846 0.6045673076923077 0.2668269230769231 0.24519230769230768
6 0.14182692307692307 0.4266826923076923 0.16706730769230768 0.203125
6 0.7451923076923077 0.5168269230769231 0.16466346153846154 0.17307692307692307
6 0.9038461538461539 0.5372596153846154 0.17908653846153846 0.2608173076923077
6 0.8449519230769231 0.6766826923076923 0.12740384615384615 0.20673076923076922
6 0.9098557692307693 0.90625 0.18028846153846154 0.18269230769230768
6 0.6057692307692307 0.34615384615384615 0.16826923076923078 0.22115384615384615
6 0.5769230769230769 0.390625 0.1201923076923077 0.14903846153846154