8 0.8978365384615384 0.1778846153846154 0.203125 0.22596153846153846
8 0.6646634615384616 0.2608173076923077 0.1971153846153846 0.16826923076923078
8 0.7055288461538461 0.11057692307692307 0.17668269230769232 0.18028846153846154
8 0.49759615384615385 0.1622596153846154 0.17908653846153846 0.18389423076923078
8 0.27524038461538464 0.21514423076923078 0.203125 0.25
8 0.13942307692307693 0.18269230769230768 0.2668269230769231 0.3233173076923077
8 0.1814903846153846 0.7704326923076923 0.27283653846153844 0.45072115384615385
8 0.8954326923076923 0.5516826923076923 0.1622596153846154 0.12740384615384615
8 0.7367788461538461 0.546875 0.14423076923076922 0.2668269230769231
8 0.609375 0.6538461538461539 0.08653846153846154 0.09375
8 0.5324519230769231 0.5084134615384616 0.1201923076923077 0.08173076923076923
8 0.6790865384615384 0.8317307692307693 0.078125 0.10697115384615384
8 0.8341346153846154 0.84375 0.09254807692307693 0.1141826923076923
8 0.7259615384615384 0.9543269230769231 0.09254807692307693 0.08173076923076923