6 0.5540865384615384 0.44591346153846156 0.20673076923076922 0.16466346153846154
6 0.3449519230769231 0.49278846153846156 0.1502403846153846 0.18990384615384615
6 0.1502403846153846 0.40625 0.11658653846153846 0.17427884615384615
6 0.039663461538461536 0.1466346153846154 0.078125 0.10817307692307693
6 0.33653846153846156 0.19110576923076922 0.06490384615384616 0.07211538461538461
6 0.46274038461538464 0.1935096153846154 0.109375 0.11057692307692307
6 0.6862980769230769 0.2860576923076923 0.08052884615384616 0.10216346153846154
6 0.7716346153846154 0.30408653846153844 0.1141826923076923 0.12259615384615384
6 0.8533653846153846 0.3076923076923077 0.07211538461538461 0.09014423076923077
6 0.8834134615384616 0.42908653846153844 0.06610576923076923 0.09495192307692307
6 0.8389423076923077 0.5228365384615384 0.09735576923076923 0.1466346153846154