6 0.4567307692307692 0.4362980769230769 0.18389423076923078 0.20552884615384615
6 0.25 0.5685096153846154 0.1875 0.3605769230769231
6 0.2848557692307692 0.7379807692307693 0.16826923076923078 0.2608173076923077
6 0.0889423076923077 0.5504807692307693 0.15985576923076922 0.31850961538461536
6 0.6225961538461539 0.609375 0.125 0.26802884615384615
6 0.6418269230769231 0.8509615384615384 0.20673076923076922 0.2283653846153846
6 0.5228365384615384 0.234375 0.10817307692307693 0.11899038461538461
6 0.33413461538461536 0.22115384615384615 0.19471153846153846 0.15745192307692307
6 0.28725961538461536 0.30408653846153844 0.12139423076923077 0.1310096153846154
6 0.7980769230769231 0.43509615384615385 0.10697115384615384 0.18990384615384615
6 0.8689903846153846 0.6141826923076923 0.14783653846153846 0.1658653846153846