8 0.32091346153846156 0.2860576923076923 0.16947115384615385 0.24158653846153846
8 0.71875 0.2091346153846154 0.15384615384615385 0.18629807692307693
8 0.8545673076923077 0.2800480769230769 0.1971153846153846 0.2091346153846154
8 0.7043269230769231 0.4098557692307692 0.1658653846153846 0.17067307692307693
8 0.6201923076923077 0.49158653846153844 0.10576923076923077 0.13701923076923078
8 0.5949519230769231 0.08533653846153846 0.11778846153846154 0.17067307692307693
8 0.7199519230769231 0.06610576923076923 0.11778846153846154 0.13221153846153846
8 0.8521634615384616 0.052884615384615384 0.09375 0.10576923076923077
8 0.25721153846153844 0.052884615384615384 0.16826923076923078 0.10576923076923077
8 0.16947115384615385 0.3485576923076923 0.09495192307692307 0.2247596153846154
8 0.29086538461538464 0.6838942307692307 0.11057692307692307 0.23677884615384615
8 0.17548076923076922 0.65625 0.0985576923076923 0.24759615384615385
8 0.06129807692307692 0.6021634615384616 0.12259615384615384 0.19230769230769232
8 0.484375 0.7055288461538461 0.14903846153846154 0.15985576923076922
8 0.3918269230769231 0.5084134615384616 0.16105769230769232 0.13701923076923078
8 0.4651442307692308 0.2439903846153846 0.08653846153846154 0.19230769230769232
8 0.5745192307692307 0.35697115384615385 0.09495192307692307 0.12139423076923077
8 0.8401442307692307 0.8137019230769231 0.15384615384615385 0.18629807692307693
8 0.8521634615384616 0.5600961538461539 0.0985576923076923 0.15384615384615385
8 0.9627403846153846 0.7091346153846154 0.0673076923076923 0.19831730769230768
8 0.6117788461538461 0.8677884615384616 0.18509615384615385 0.109375