8 0.31850961538461536 0.5588942307692307 0.125 0.21514423076923078
8 0.5673076923076923 0.44711538461538464 0.09254807692307693 0.20673076923076922
8 0.8209134615384616 0.26322115384615385 0.07572115384615384 0.203125
8 0.6754807692307693 0.09735576923076923 0.10216346153846154 0.1935096153846154
8 0.5192307692307693 0.15144230769230768 0.09735576923076923 0.13221153846153846
8 0.46274038461538464 0.24158653846153846 0.12740384615384615 0.1466346153846154
8 0.23918269230769232 0.12379807692307693 0.11057692307692307 0.15264423076923078
8 0.10817307692307693 0.05889423076923077 0.0985576923076923 0.10336538461538461
8 0.10216346153846154 0.3245192307692308 0.06610576923076923 0.15985576923076922
8 0.19591346153846154 0.6322115384615384 0.06850961538461539 0.140625
8 0.15745192307692307 0.9182692307692307 0.09254807692307693 0.1622596153846154
8 0.890625 0.4639423076923077 0.08774038461538461 0.14182692307692307
8 0.8149038461538461 0.5348557692307693 0.12860576923076922 0.18990384615384615
8 0.7007211538461539 0.7091346153846154 0.08653846153846154 0.22235576923076922
8 0.8581730769230769 0.953125 0.0829326923076923 0.09134615384615384
8 0.9399038461538461 0.8870192307692307 0.11778846153846154 0.13701923076923078
8 0.8990384615384616 0.7992788461538461 0.10336538461538461 0.16346153846153846
8 0.9783653846153846 0.4050480769230769 0.042067307692307696 0.12860576923076922
8 0.9290865384615384 0.36538461538461536 0.10216346153846154 0.15384615384615385
8 0.8317307692307693 0.09134615384615384 0.12139423076923077 0.1814903846153846
8 0.30408653846153844 0.25721153846153844 0.1045673076923077 0.1658653846153846
8 0.453125 0.6490384615384616 0.09495192307692307 0.17908653846153846
8 0.4483173076923077 0.8617788461538461 0.0673076923076923 0.15264423076923078
8 0.27163461538461536 0.9182692307692307 0.11057692307692307 0.13701923076923078
8 0.05048076923076923 0.5793269230769231 0.10096153846153846 0.17307692307692307
8 0.22235576923076922 0.49759615384615385 0.08173076923076923 0.11778846153846154
8 0.2860576923076923 0.4254807692307692 0.10336538461538461 0.14903846153846154
8 0.43028846153846156 0.48677884615384615 0.09134615384615384 0.13221153846153846
8 0.6153846153846154 0.24639423076923078 0.12620192307692307 0.13581730769230768
8 0.6574519230769231 0.41346153846153844 0.06009615384615385 0.10096153846153846
8 0.6790865384615384 0.48197115384615385 0.1141826923076923 0.15865384615384615
8 0.6887019230769231 0.9735576923076923 0.1346153846153846 0.051682692307692304
8 0.5865384615384616 0.9483173076923077 0.07572115384615384 0.10096153846153846
8 0.5372596153846154 0.8918269230769231 0.06129807692307692 0.1310096153846154
8 0.22235576923076922 0.2644230769230769 0.12379807692307693 0.14903846153846154
8 0.015625 0.20673076923076922 0.030048076923076924 0.11899038461538461