7 0.6454326923076923 0.30528846153846156 0.26322115384615385 0.22235576923076922
7 0.3918269230769231 0.5204326923076923 0.23197115384615385 0.2091346153846154
7 0.5961538461538461 0.5384615384615384 0.1778846153846154 0.17908653846153846
7 0.8557692307692307 0.5336538461538461 0.2848557692307692 0.17307692307692307
7 0.9254807692307693 0.8677884615384616 0.14543269230769232 0.25961538461538464
7 0.0889423076923077 0.8786057692307693 0.1778846153846154 0.23798076923076922
7 0.27163461538461536 0.9411057692307693 0.14783653846153846 0.11177884615384616
7 0.4987980769230769 0.9507211538461539 0.20673076923076922 0.09495192307692307
7 0.7151442307692307 0.9206730769230769 0.13581730769230768 0.15264423076923078
7 0.09254807692307693 0.5805288461538461 0.18509615384615385 0.20673076923076922
7 0.3004807692307692 0.7524038461538461 0.1622596153846154 0.16346153846153846
7 0.5024038461538461 0.7548076923076923 0.16466346153846154 0.14783653846153846
7 0.7223557692307693 0.7379807692307693 0.15384615384615385 0.11538461538461539