8 0.8870192307692307 0.16826923076923078 0.20192307692307693 0.22355769230769232
8 0.6550480769230769 0.25 0.19591346153846154 0.16706730769230768
8 0.6947115384615384 0.10216346153846154 0.17548076923076922 0.17908653846153846
8 0.4879807692307692 0.15264423076923078 0.17908653846153846 0.18269230769230768
8 0.26802884615384615 0.20552884615384615 0.20192307692307693 0.24759615384615385
8 0.13341346153846154 0.17427884615384615 0.2620192307692308 0.32572115384615385
8 0.17427884615384615 0.7644230769230769 0.2704326923076923 0.4639423076923077
8 0.8834134615384616 0.5384615384615384 0.16105769230769232 0.12620192307692307
8 0.7259615384615384 0.5348557692307693 0.14302884615384615 0.2644230769230769
8 0.5997596153846154 0.640625 0.08653846153846154 0.09375
8 0.5240384615384616 0.4963942307692308 0.11899038461538461 0.08173076923076923
8 0.6694711538461539 0.8173076923076923 0.07692307692307693 0.10576923076923077
8 0.8233173076923077 0.8293269230769231 0.09254807692307693 0.1141826923076923
8 0.7175480769230769 0.9471153846153846 0.0889423076923077 0.09735576923076923