6 0.6382211538461539 0.4543269230769231 0.09254807692307693 0.1346153846153846
6 0.38221153846153844 0.4735576923076923 0.052884615384615384 0.06490384615384616
6 0.2512019230769231 0.5024038461538461 0.052884615384615384 0.0625
6 0.11177884615384616 0.5204326923076923 0.0673076923076923 0.10096153846153846
6 0.14182692307692307 0.6610576923076923 0.056490384615384616 0.06490384615384616
6 0.2824519230769231 0.01201923076923077 0.06610576923076923 0.02283653846153846
6 0.6298076923076923 0.6826923076923077 0.05048076923076923 0.07572115384615384
6 0.8245192307692307 0.9350961538461539 0.07091346153846154 0.07211538461538461
6 0.7427884615384616 0.9867788461538461 0.056490384615384616 0.020432692307692308
6 0.8701923076923077 0.5721153846153846 0.06370192307692307 0.08774038461538461
6 0.23317307692307693 0.9362980769230769 0.07932692307692307 0.0829326923076923
6 0.5588942307692307 0.13701923076923078 0.038461538461538464 0.1141826923076923
6 0.4879807692307692 0.6478365384615384 0.04807692307692308 0.06009615384615385
6 0.39783653846153844 0.10697115384615384 0.028846153846153848 0.06490384615384616