6 0.640625 0.4579326923076923 0.22956730769230768 0.36658653846153844
6 0.4026442307692308 0.4326923076923077 0.24879807692307693 0.24879807692307693
6 0.796875 0.5757211538461539 0.2127403846153846 0.24158653846153846
6 0.8894230769230769 0.7992788461538461 0.1778846153846154 0.20072115384615385
6 0.6274038461538461 0.7512019230769231 0.32572115384615385 0.25
6 0.15144230769230768 0.8858173076923077 0.22115384615384615 0.2247596153846154
6 0.04326923076923077 0.29086538461538464 0.0829326923076923 0.23798076923076922
6 0.296875 0.2512019230769231 0.27403846153846156 0.140625
6 0.546875 0.18269230769230768 0.21394230769230768 0.18389423076923078
6 0.9074519230769231 0.3942307692307692 0.18389423076923078 0.18389423076923078
6 0.8088942307692307 0.2512019230769231 0.2403846153846154 0.140625
6 0.23197115384615385 0.5516826923076923 0.14543269230769232 0.14543269230769232
6 0.078125 0.5673076923076923 0.15384615384615385 0.32091346153846156