6 0.46634615384615385 0.6201923076923077 0.35216346153846156 0.5444711538461539
6 0.8161057692307693 0.5661057692307693 0.30649038461538464 0.46274038461538464
6 0.32091346153846156 0.8485576923076923 0.375 0.296875
6 0.06490384615384616 0.8413461538461539 0.12620192307692307 0.3112980769230769
6 0.6911057692307693 0.8641826923076923 0.1875 0.2668269230769231
6 0.8822115384615384 0.8762019230769231 0.23557692307692307 0.24278846153846154
6 0.7800480769230769 0.15264423076923078 0.18629807692307693 0.20552884615384615
6 0.5913461538461539 0.3425480769230769 0.31850961538461536 0.43028846153846156
6 0.2848557692307692 0.17427884615384615 0.22355769230769232 0.24519230769230768
6 0.15745192307692307 0.5036057692307693 0.3112980769230769 0.49278846153846156
6 0.09615384615384616 0.1658653846153846 0.18870192307692307 0.1778846153846154
6 0.9074519230769231 0.0733173076923077 0.1658653846153846 0.13581730769230768