7 0.6117788461538461 0.5913461538461539 0.1658653846153846 0.1201923076923077
7 0.35697115384615385 0.5252403846153846 0.16826923076923078 0.171875
7 0.9483173076923077 0.5661057692307693 0.09975961538461539 0.19951923076923078
7 0.33533653846153844 0.375 0.07572115384615384 0.09014423076923077
7 0.4411057692307692 0.39903846153846156 0.09014423076923077 0.07451923076923077
7 0.5901442307692307 0.4651442307692308 0.06610576923076923 0.07451923076923077
7 0.7608173076923077 0.46153846153846156 0.08774038461538461 0.11778846153846154
7 0.8137019230769231 0.8473557692307693 0.11538461538461539 0.12860576923076922
7 0.47836538461538464 0.7908653846153846 0.14182692307692307 0.15144230769230768
7 0.3245192307692308 0.7259615384615384 0.17067307692307693 0.19471153846153846
7 0.109375 0.5432692307692307 0.21875 0.16706730769230768
7 0.0733173076923077 0.328125 0.14543269230769232 0.15865384615384615