6 0.2764423076923077 0.45552884615384615 0.21995192307692307 0.22596153846153846
6 0.5625 0.32211538461538464 0.16466346153846154 0.2127403846153846
6 0.7067307692307693 0.41466346153846156 0.17908653846153846 0.35336538461538464
6 0.8786057692307693 0.28125 0.14903846153846154 0.31490384615384615
6 0.7776442307692307 0.5552884615384616 0.1935096153846154 0.17548076923076922
6 0.8473557692307693 0.6694711538461539 0.25961538461538464 0.25841346153846156
6 0.8762019230769231 0.4855769230769231 0.18509615384615385 0.23076923076923078
6 0.6322115384615384 0.0985576923076923 0.25841346153846156 0.17548076923076922
6 0.3629807692307692 0.14903846153846154 0.265625 0.17307692307692307
6 0.13701923076923078 0.19831730769230768 0.17908653846153846 0.2283653846153846
6 0.06610576923076923 0.4963942307692308 0.13221153846153846 0.31490384615384615
6 0.22355769230769232 0.6346153846153846 0.27163461538461536 0.25841346153846156
6 0.14543269230769232 0.8846153846153846 0.2091346153846154 0.21033653846153846
6 0.6466346153846154 0.9314903846153846 0.25 0.13221153846153846
6 0.9182692307692307 0.9447115384615384 0.15985576923076922 0.10697115384615384
6 0.5384615384615384 0.5252403846153846 0.1875 0.22115384615384615