7 0.10817307692307693 0.7848557692307693 0.21153846153846154 0.42788461538461536
7 0.8389423076923077 0.12620192307692307 0.27163461538461536 0.22235576923076922
7 0.4831730769230769 0.09975961538461539 0.29927884615384615 0.19951923076923078
7 0.15384615384615385 0.10817307692307693 0.3016826923076923 0.2091346153846154
7 0.8413461538461539 0.33774038461538464 0.21634615384615385 0.1310096153846154
7 0.46634615384615385 0.3112980769230769 0.22355769230769232 0.15504807692307693
7 0.18870192307692307 0.3125 0.24639423076923078 0.13701923076923078
7 0.8846153846153846 0.5721153846153846 0.1814903846153846 0.22355769230769232
7 0.6322115384615384 0.5180288461538461 0.15384615384615385 0.0985576923076923
7 0.3762019230769231 0.5204326923076923 0.1935096153846154 0.09975961538461539
7 0.11899038461538461 0.4963942307692308 0.1778846153846154 0.08533653846153846