6 0.6730769230769231 0.4807692307692308 0.10216346153846154 0.1310096153846154
6 0.5396634615384616 0.47596153846153844 0.09375 0.1201923076923077
6 0.4855769230769231 0.33533653846153844 0.09735576923076923 0.12259615384615384
6 0.20072115384615385 0.11899038461538461 0.1045673076923077 0.14903846153846154
6 0.3449519230769231 0.39783653846153844 0.06850961538461539 0.13581730769230768
6 0.38461538461538464 0.10096153846153846 0.07211538461538461 0.1310096153846154
6 0.41586538461538464 0.6334134615384616 0.1045673076923077 0.07692307692307693
6 0.5204326923076923 0.7680288461538461 0.04807692307692308 0.12860576923076922
6 0.7896634615384616 0.6802884615384616 0.0733173076923077 0.06129807692307692
6 0.8557692307692307 0.3629807692307692 0.078125 0.13581730769230768
6 0.7560096153846154 0.08774038461538461 0.1045673076923077 0.10817307692307693
6 0.7608173076923077 0.30528846153846156 0.07451923076923077 0.18509615384615385