8 0.12259615384615384 0.19951923076923078 0.21995192307692307 0.3605769230769231
8 0.35336538461538464 0.1778846153846154 0.22355769230769232 0.3161057692307692
8 0.5793269230769231 0.1935096153846154 0.203125 0.3245192307692308
8 0.8413461538461539 0.18629807692307693 0.2439903846153846 0.3161057692307692
8 0.8533653846153846 0.5120192307692307 0.171875 0.3125
8 0.8461538461538461 0.8305288461538461 0.25240384615384615 0.3245192307692308
8 0.6045673076923077 0.8485576923076923 0.19230769230769232 0.2956730769230769
8 0.3798076923076923 0.8485576923076923 0.21754807692307693 0.2956730769230769
8 0.12980769230769232 0.8377403846153846 0.24158653846153846 0.3161057692307692
8 0.11298076923076923 0.5300480769230769 0.21754807692307693 0.25961538461538464
8 0.34134615384615385 0.5120192307692307 0.1875 0.28846153846153844
8 0.5829326923076923 0.515625 0.2439903846153846 0.30408653846153844