8 0.4411057692307692 0.6682692307692307 0.09615384615384616 0.09975961538461539
8 0.22235576923076922 0.4074519230769231 0.07932692307692307 0.07572115384615384
8 0.36658653846153844 0.3088942307692308 0.11538461538461539 0.08774038461538461
8 0.5913461538461539 0.44711538461538464 0.10096153846153846 0.09615384615384616
8 0.8401442307692307 0.328125 0.07091346153846154 0.0733173076923077
8 0.9447115384615384 0.44350961538461536 0.06610576923076923 0.11658653846153846
8 0.15504807692307693 0.06129807692307692 0.08173076923076923 0.07932692307692307
8 0.10817307692307693 0.6742788461538461 0.06370192307692307 0.12740384615384615
8 0.5432692307692307 0.16466346153846154 0.06850961538461539 0.10336538461538461
8 0.5 0.34134615384615385 0.07932692307692307 0.09975961538461539
8 0.3858173076923077 0.4699519230769231 0.08774038461538461 0.12259615384615384
8 0.33774038461538464 0.7007211538461539 0.06610576923076923 0.1310096153846154
8 0.2127403846153846 0.8245192307692307 0.07091346153846154 0.11298076923076923
8 0.052884615384615384 0.9411057692307693 0.1045673076923077 0.11298076923076923