8 0.6935096153846154 0.10216346153846154 0.109375 0.203125
8 0.3713942307692308 0.2668269230769231 0.1141826923076923 0.19471153846153846
8 0.25240384615384615 0.25 0.0733173076923077 0.11057692307692307
8 0.04326923076923077 0.08052884615384616 0.08173076923076923 0.16105769230769232
8 0.7175480769230769 0.3942307692307692 0.07932692307692307 0.15264423076923078
8 0.9098557692307693 0.3112980769230769 0.06009615384615385 0.1141826923076923
8 0.9447115384615384 0.8978365384615384 0.10576923076923077 0.18028846153846154
8 0.7259615384615384 0.7247596153846154 0.10096153846153846 0.16947115384615385
8 0.7007211538461539 0.5637019230769231 0.07932692307692307 0.16105769230769232
8 0.5504807692307693 0.46875 0.0625 0.09735576923076923
8 0.5396634615384616 0.6887019230769231 0.0625 0.09735576923076923
8 0.5625 0.8004807692307693 0.054086538461538464 0.1778846153846154
8 0.5180288461538461 0.9194711538461539 0.09615384615384616 0.13581730769230768
8 0.4170673076923077 0.7896634615384616 0.07932692307692307 0.14783653846153846
8 0.36778846153846156 0.65625 0.06850961538461539 0.10216346153846154
8 0.28966346153846156 0.6478365384615384 0.054086538461538464 0.11899038461538461
8 0.17908653846153846 0.5060096153846154 0.08413461538461539 0.1141826923076923
8 0.08774038461538461 0.5444711538461539 0.07091346153846154 0.14783653846153846
8 0.046875 0.42788461538461536 0.08774038461538461 0.11899038461538461
8 0.5180288461538461 0.3112980769230769 0.051682692307692304 0.1141826923076923