6 0.6033653846153846 0.45552884615384615 0.21754807692307693 0.5228365384615384
6 0.14182692307692307 0.27163461538461536 0.28125 0.35697115384615385
6 0.17427884615384615 0.5661057692307693 0.26802884615384615 0.3737980769230769
6 0.4182692307692308 0.5769230769230769 0.1935096153846154 0.30649038461538464
6 0.3954326923076923 0.3233173076923077 0.22716346153846154 0.29086538461538464
6 0.8016826923076923 0.39302884615384615 0.22716346153846154 0.3918269230769231
6 0.8533653846153846 0.7019230769230769 0.28846153846153844 0.28365384615384615
6 0.5408653846153846 0.8557692307692307 0.36899038461538464 0.28365384615384615
6 0.20072115384615385 0.8317307692307693 0.35336538461538464 0.14302884615384615
6 0.21995192307692307 0.9411057692307693 0.25240384615384615 0.11298076923076923
6 0.7415865384615384 0.14423076923076922 0.33413461538461536 0.19591346153846154
6 0.41947115384615385 0.09615384615384616 0.37740384615384615 0.19110576923076922