6 0.32091346153846156 0.4807692307692308 0.10336538461538461 0.1310096153846154
6 0.45552884615384615 0.47596153846153844 0.09495192307692307 0.12139423076923077
6 0.5096153846153846 0.33533653846153844 0.09735576923076923 0.12379807692307693
6 0.796875 0.11778846153846154 0.1045673076923077 0.14903846153846154
6 0.6514423076923077 0.39663461538461536 0.06850961538461539 0.13701923076923078
6 0.6105769230769231 0.09975961538461539 0.07211538461538461 0.1310096153846154
6 0.5793269230769231 0.6346153846153846 0.1045673076923077 0.07692307692307693
6 0.47475961538461536 0.7692307692307693 0.04807692307692308 0.12860576923076922
6 0.203125 0.6814903846153846 0.0733173076923077 0.06129807692307692
6 0.13701923076923078 0.36177884615384615 0.07932692307692307 0.13701923076923078
6 0.23677884615384615 0.08533653846153846 0.1045673076923077 0.10817307692307693
6 0.23317307692307693 0.30408653846153844 0.07572115384615384 0.18509615384615385