5 0.4110576923076923 0.2620192307692308 0.17067307692307693 0.16826923076923078
5 0.47716346153846156 0.45913461538461536 0.1310096153846154 0.12740384615384615
5 0.7740384615384616 0.3137019230769231 0.09254807692307693 0.18990384615384615
5 0.6514423076923077 0.36899038461538464 0.0673076923076923 0.15865384615384615
5 0.6117788461538461 0.5588942307692307 0.06370192307692307 0.14182692307692307
5 0.6117788461538461 0.0889423076923077 0.09375 0.171875
5 0.4639423076923077 0.06370192307692307 0.06610576923076923 0.10697115384615384
5 0.8533653846153846 0.05048076923076923 0.057692307692307696 0.09134615384615384
5 0.9146634615384616 0.2403846153846154 0.07692307692307693 0.14423076923076922
5 0.890625 0.6478365384615384 0.0985576923076923 0.23557692307692307
5 0.9795673076923077 0.3894230769230769 0.036057692307692304 0.13942307692307693
5 0.8653846153846154 0.4579326923076923 0.07091346153846154 0.12379807692307693
5 0.7548076923076923 0.11057692307692307 0.06971153846153846 0.20072115384615385
5 0.7788461538461539 0.4987980769230769 0.0673076923076923 0.14423076923076922
5 0.7680288461538461 0.6911057692307693 0.07932692307692307 0.16706730769230768
5 0.6610576923076923 0.7019230769230769 0.07932692307692307 0.11177884615384616