5 0.5264423076923077 0.2620192307692308 0.22235576923076922 0.1502403846153846
5 0.46153846153846156 0.4651442307692308 0.16346153846153846 0.18870192307692307
5 0.4735576923076923 0.65625 0.109375 0.1658653846153846
5 0.6538461538461539 0.7127403846153846 0.1778846153846154 0.20192307692307693
5 0.7860576923076923 0.5540865384615384 0.1141826923076923 0.20072115384615385
5 0.8942307692307693 0.36538461538461536 0.171875 0.19591346153846154
5 0.71875 0.41225961538461536 0.13341346153846154 0.16706730769230768
5 0.7932692307692307 0.13822115384615385 0.17427884615384615 0.1814903846153846
5 0.3245192307692308 0.1814903846153846 0.18870192307692307 0.17307692307692307
5 0.13341346153846154 0.31971153846153844 0.13701923076923078 0.21995192307692307
5 0.16947115384615385 0.78125 0.17548076923076922 0.23076923076923078
5 0.28725961538461536 0.4987980769230769 0.12620192307692307 0.2548076923076923
5 0.4170673076923077 0.8990384615384616 0.13581730769230768 0.15985576923076922
5 0.8665865384615384 0.8653846153846154 0.18509615384615385 0.2512019230769231
5 0.34615384615384615 0.7223557692307693 0.14182692307692307 0.10576923076923077
5 0.15985576923076922 0.5673076923076923 0.1310096153846154 0.14302884615384615