6 0.7115384615384616 0.7512019230769231 0.18509615384615385 0.27403846153846156
6 0.4675480769230769 0.7415865384615384 0.22355769230769232 0.25240384615384615
6 0.09375 0.7007211538461539 0.18509615384615385 0.29447115384615385
6 0.22235576923076922 0.8737980769230769 0.2403846153846154 0.1935096153846154
6 0.4074519230769231 0.5204326923076923 0.19591346153846154 0.21754807692307693
6 0.6790865384615384 0.5252403846153846 0.1778846153846154 0.19591346153846154
6 0.8221153846153846 0.6189903846153846 0.17668269230769232 0.27884615384615385
6 0.9002403846153846 0.8701923076923077 0.15985576923076922 0.2548076923076923
6 0.7367788461538461 0.9266826923076923 0.203125 0.14182692307692307
6 0.6574519230769231 0.1875 0.23197115384615385 0.22115384615384615
6 0.3329326923076923 0.27884615384615385 0.1466346153846154 0.2620192307692308
6 0.06370192307692307 0.1778846153846154 0.12379807692307693 0.18870192307692307
6 0.07692307692307693 0.35216346153846156 0.1502403846153846 0.27163461538461536
6 0.20673076923076922 0.41346153846153844 0.16706730769230768 0.23317307692307693
6 0.8401442307692307 0.35096153846153844 0.16346153846153846 0.1935096153846154