8 0.6754807692307693 0.2920673076923077 0.15384615384615385 0.24759615384615385
8 0.36658653846153844 0.5588942307692307 0.25600961538461536 0.25240384615384615
8 0.10216346153846154 0.5120192307692307 0.15985576923076922 0.2776442307692308
8 0.4987980769230769 0.7524038461538461 0.20552884615384615 0.2608173076923077
8 0.19110576923076922 0.7391826923076923 0.15625 0.2692307692307692
8 0.5925480769230769 0.4831730769230769 0.1622596153846154 0.1935096153846154
8 0.45552884615384615 0.33413461538461536 0.15384615384615385 0.38221153846153844
8 0.8834134615384616 0.4074519230769231 0.12379807692307693 0.21875
8 0.90625 0.7055288461538461 0.15985576923076922 0.31971153846153844
8 0.36177884615384615 0.15985576923076922 0.1346153846153846 0.2860576923076923
8 0.6911057692307693 0.078125 0.16706730769230768 0.15504807692307693
8 0.9266826923076923 0.10336538461538461 0.12860576923076922 0.13822115384615385
8 0.7956730769230769 0.6129807692307693 0.140625 0.23557692307692307