8 0.5588942307692307 0.4723557692307692 0.27403846153846156 0.21754807692307693
8 0.6129807692307693 0.09735576923076923 0.125 0.13701923076923078
8 0.9350961538461539 0.25961538461538464 0.10576923076923077 0.140625
8 0.17548076923076922 0.6045673076923077 0.15625 0.13701923076923078
8 0.45552884615384615 0.6225961538461539 0.17548076923076922 0.10096153846153846
8 0.5180288461538461 0.8533653846153846 0.14423076923076922 0.09254807692307693
8 0.41225961538461536 0.8245192307692307 0.07451923076923077 0.10096153846153846
8 0.3125 0.8040865384615384 0.06971153846153846 0.109375
8 0.7836538461538461 0.6911057692307693 0.12139423076923077 0.1658653846153846
8 0.8786057692307693 0.48197115384615385 0.11778846153846154 0.08413461538461539
8 0.8461538461538461 0.3245192307692308 0.14423076923076922 0.13341346153846154
8 0.8401442307692307 0.16346153846153846 0.15625 0.125