6 0.44711538461538464 0.6069711538461539 0.33413461538461536 0.4567307692307692
6 0.7920673076923077 0.7560096153846154 0.24879807692307693 0.3701923076923077
6 0.7740384615384616 0.3954326923076923 0.2848557692307692 0.39783653846153844
6 0.34615384615384615 0.17067307692307693 0.4338942307692308 0.34134615384615385
6 0.2608173076923077 0.39903846153846156 0.3605769230769231 0.35216346153846156
6 0.056490384615384616 0.2956730769230769 0.11177884615384616 0.29086538461538464
6 0.07692307692307693 0.7824519230769231 0.15384615384615385 0.43028846153846156
6 0.24519230769230768 0.9435096153846154 0.16826923076923078 0.10697115384615384
6 0.34975961538461536 0.8064903846153846 0.18269230769230768 0.35216346153846156
6 0.8846153846153846 0.9122596153846154 0.22716346153846154 0.17067307692307693
6 0.9735576923076923 0.49278846153846156 0.04927884615384615 0.22956730769230768
6 0.9759615384615384 0.7223557692307693 0.04567307692307692 0.11778846153846154