8 0.28125 0.1310096153846154 0.10216346153846154 0.12860576923076922
8 0.40625 0.17067307692307693 0.0733173076923077 0.07451923076923077
8 0.4098557692307692 0.4579326923076923 0.0673076923076923 0.11658653846153846
8 0.5132211538461539 0.4266826923076923 0.08052884615384616 0.13701923076923078
8 0.8389423076923077 0.7920673076923077 0.0733173076923077 0.14182692307692307
8 0.8377403846153846 0.6502403846153846 0.05889423076923077 0.09975961538461539
8 0.07451923076923077 0.7223557692307693 0.11658653846153846 0.1622596153846154
8 0.15264423076923078 0.07692307692307693 0.0673076923076923 0.1045673076923077
8 0.28725961538461536 0.5913461538461539 0.0673076923076923 0.10817307692307693
8 0.18629807692307693 0.6814903846153846 0.04326923076923077 0.07932692307692307
8 0.6117788461538461 0.7536057692307693 0.0673076923076923 0.09975961538461539