8 0.4362980769230769 0.47115384615384615 0.2800480769230769 0.22355769230769232
8 0.3798076923076923 0.08653846153846154 0.12740384615384615 0.140625
8 0.054086538461538464 0.25600961538461536 0.10817307692307693 0.14903846153846154
8 0.828125 0.6069711538461539 0.15985576923076922 0.140625
8 0.5420673076923077 0.6262019230769231 0.18028846153846154 0.10336538461538461
8 0.47836538461538464 0.8617788461538461 0.14783653846153846 0.09495192307692307
8 0.5865384615384616 0.8329326923076923 0.07572115384615384 0.10336538461538461
8 0.6875 0.8125 0.07211538461538461 0.11177884615384616
8 0.20552884615384615 0.6959134615384616 0.12379807692307693 0.16947115384615385
8 0.10817307692307693 0.48197115384615385 0.1201923076923077 0.08653846153846154
8 0.14182692307692307 0.31971153846153844 0.14783653846153846 0.13581730769230768
8 0.14783653846153846 0.15504807692307693 0.15985576923076922 0.12860576923076922