6 0.9615384615384616 0.24519230769230768 0.07211538461538461 0.19230769230769232
6 0.7944711538461539 0.2283653846153846 0.14903846153846154 0.08173076923076923
6 0.5661057692307693 0.2127403846153846 0.13221153846153846 0.05889423076923077
6 0.296875 0.1310096153846154 0.13341346153846154 0.09134615384615384
6 0.4182692307692308 0.25600961538461536 0.11538461538461539 0.07451923076923077
6 0.9471153846153846 0.4170673076923077 0.1045673076923077 0.11538461538461539
6 0.7439903846153846 0.4050480769230769 0.23197115384615385 0.125
6 0.4675480769230769 0.5084134615384616 0.12740384615384615 0.09495192307692307
6 0.15144230769230768 0.9050480769230769 0.07451923076923077 0.18389423076923078
6 0.052884615384615384 0.9350961538461539 0.10336538461538461 0.125
6 0.23677884615384615 0.9350961538461539 0.08173076923076923 0.125
6 0.06490384615384616 0.7079326923076923 0.0733173076923077 0.09975961538461539
6 0.08173076923076923 0.24278846153846154 0.09615384615384616 0.09495192307692307