6 0.6887019230769231 0.35096153846153844 0.1502403846153846 0.13341346153846154
6 0.43509615384615385 0.27283653846153844 0.13221153846153846 0.16826923076923078
6 0.33413461538461536 0.4519230769230769 0.12980769230769232 0.13341346153846154
6 0.19471153846153846 0.47475961538461536 0.10336538461538461 0.16826923076923078
6 0.4074519230769231 0.6466346153846154 0.10096153846153846 0.20072115384615385
6 0.8509615384615384 0.59375 0.11658653846153846 0.14182692307692307
6 0.7740384615384616 0.9002403846153846 0.16706730769230768 0.1935096153846154
6 0.8305288461538461 0.1310096153846154 0.11778846153846154 0.16826923076923078
6 0.38341346153846156 0.10697115384615384 0.0985576923076923 0.11658653846153846
6 0.6742788461538461 0.21634615384615385 0.08413461538461539 0.15745192307692307
6 0.5889423076923077 0.21514423076923078 0.07091346153846154 0.1658653846153846
6 0.5120192307692307 0.5168269230769231 0.10336538461538461 0.13341346153846154
6 0.5997596153846154 0.5252403846153846 0.07451923076923077 0.18990384615384615
6 0.5757211538461539 0.7956730769230769 0.0985576923076923 0.19831730769230768
6 0.6935096153846154 0.7355769230769231 0.1201923076923077 0.14423076923076922
6 0.11057692307692307 0.7560096153846154 0.13701923076923078 0.1141826923076923
6 0.32572115384615385 0.8966346153846154 0.16947115384615385 0.20072115384615385
6 0.4423076923076923 0.8665865384615384 0.10817307692307693 0.15745192307692307
6 0.8882211538461539 0.31490384615384615 0.09495192307692307 0.14182692307692307