6 0.5432692307692307 0.6057692307692307 0.32211538461538464 0.4387019230769231
6 0.21033653846153846 0.7487980769230769 0.2403846153846154 0.3557692307692308
6 0.22716346153846154 0.4014423076923077 0.27403846153846156 0.38221153846153844
6 0.640625 0.18028846153846154 0.4170673076923077 0.33774038461538464
6 0.7223557692307693 0.4050480769230769 0.3485576923076923 0.33774038461538464
6 0.9326923076923077 0.3076923076923077 0.12980769230769232 0.27884615384615385
6 0.9122596153846154 0.7836538461538461 0.16706730769230768 0.42908653846153844
6 0.7379807692307693 0.9375 0.15985576923076922 0.1201923076923077
6 0.6370192307692307 0.796875 0.17668269230769232 0.33774038461538464
6 0.11658653846153846 0.9074519230769231 0.2283653846153846 0.1814903846153846
6 0.030048076923076924 0.49399038461538464 0.057692307692307696 0.21754807692307693
6 0.03245192307692308 0.7151442307692307 0.04567307692307692 0.11057692307692307