6 0.30528846153846156 0.34615384615384615 0.14302884615384615 0.20192307692307693
6 0.4495192307692308 0.2776442307692308 0.0985576923076923 0.21514423076923078
6 0.8521634615384616 0.7307692307692307 0.29086538461538464 0.45552884615384615
6 0.8317307692307693 0.4567307692307692 0.09134615384615384 0.18389423076923078
6 0.8966346153846154 0.16466346153846154 0.12620192307692307 0.14543269230769232
6 0.671875 0.19471153846153846 0.08413461538461539 0.1141826923076923
6 0.15264423076923078 0.7944711538461539 0.2824519230769231 0.35697115384615385
6 0.11778846153846154 0.06370192307692307 0.13822115384615385 0.12740384615384615
6 0.24879807692307693 0.06129807692307692 0.09615384615384616 0.12139423076923077
6 0.12620192307692307 0.36177884615384615 0.11538461538461539 0.15745192307692307
6 0.4026442307692308 0.8040865384615384 0.18629807692307693 0.19471153846153846
6 0.5805288461538461 0.7548076923076923 0.08653846153846154 0.17668269230769232
6 0.11658653846153846 0.5036057692307693 0.14783653846153846 0.18389423076923078