8 0.2644230769230769 0.14783653846153846 0.10096153846153846 0.12620192307692307
8 0.3870192307692308 0.1875 0.07091346153846154 0.0733173076923077
8 0.390625 0.4675480769230769 0.06610576923076923 0.1141826923076923
8 0.49158653846153844 0.4375 0.07932692307692307 0.1346153846153846
8 0.8112980769230769 0.7932692307692307 0.07091346153846154 0.13822115384615385
8 0.8100961538461539 0.6550480769230769 0.057692307692307696 0.09735576923076923
8 0.0625 0.7259615384615384 0.1141826923076923 0.15865384615384615
8 0.13942307692307693 0.09495192307692307 0.06610576923076923 0.10216346153846154
8 0.27163461538461536 0.5973557692307693 0.06610576923076923 0.10576923076923077
8 0.171875 0.6850961538461539 0.042067307692307696 0.07692307692307693
8 0.5889423076923077 0.7560096153846154 0.06610576923076923 0.09735576923076923