6 0.43509615384615385 0.453125 0.20072115384615385 0.15865384615384615
6 0.6370192307692307 0.49759615384615385 0.14543269230769232 0.18389423076923078
6 0.8257211538461539 0.41466346153846156 0.11298076923076923 0.16947115384615385
6 0.9326923076923077 0.1622596153846154 0.07572115384615384 0.1045673076923077
6 0.6454326923076923 0.20552884615384615 0.0625 0.06971153846153846
6 0.5228365384615384 0.20793269230769232 0.10576923076923077 0.10697115384615384
6 0.30528846153846156 0.296875 0.078125 0.09975961538461539
6 0.22235576923076922 0.31490384615384615 0.11057692307692307 0.11899038461538461
6 0.14423076923076922 0.31850961538461536 0.06971153846153846 0.08653846153846154
6 0.1141826923076923 0.4362980769230769 0.06490384615384616 0.09254807692307693
6 0.15865384615384615 0.5276442307692307 0.09495192307692307 0.14182692307692307