6 0.3293269230769231 0.3918269230769231 0.12740384615384615 0.21153846153846154
6 0.3870192307692308 0.2536057692307692 0.10096153846153846 0.18028846153846154
6 0.4891826923076923 0.15865384615384615 0.09495192307692307 0.22956730769230768
6 0.5733173076923077 0.4338942307692308 0.07692307692307693 0.13942307692307693
6 0.6310096153846154 0.4807692307692308 0.06850961538461539 0.1141826923076923
6 0.6382211538461539 0.5576923076923077 0.1045673076923077 0.078125
6 0.7524038461538461 0.4963942307692308 0.10096153846153846 0.19951923076923078
6 0.8918269230769231 0.4411057692307692 0.171875 0.17908653846153846
6 0.9338942307692307 0.6069711538461539 0.12740384615384615 0.22355769230769232
6 0.9026442307692307 0.7740384615384616 0.11538461538461539 0.19230769230769232
6 0.8329326923076923 0.8954326923076923 0.11778846153846154 0.20673076923076922
6 0.6430288461538461 0.8137019230769231 0.09495192307692307 0.17067307692307693
6 0.41947115384615385 0.6802884615384616 0.12259615384615384 0.14182692307692307
6 0.3762019230769231 0.8798076923076923 0.12379807692307693 0.1971153846153846
6 0.5204326923076923 0.9254807692307693 0.10697115384615384 0.1466346153846154
6 0.5600961538461539 0.6382211538461539 0.09495192307692307 0.14182692307692307
6 0.11177884615384616 0.5540865384615384 0.1310096153846154 0.14903846153846154
6 0.11899038461538461 0.7223557692307693 0.1141826923076923 0.14783653846153846
6 0.14543269230769232 0.9122596153846154 0.10576923076923077 0.17067307692307693
6 0.22956730769230768 0.41346153846153844 0.13701923076923078 0.1971153846153846
6 0.08533653846153846 0.28365384615384615 0.07572115384615384 0.18870192307692307
6 0.2848557692307692 0.23918269230769232 0.12740384615384615 0.1658653846153846
6 0.5036057692307693 0.3894230769230769 0.07451923076923077 0.14543269230769232