8 0.8774038461538461 0.19471153846153846 0.22235576923076922 0.36538461538461536
8 0.6442307692307693 0.17307692307692307 0.22716346153846154 0.32091346153846156
8 0.41466346153846156 0.18870192307692307 0.20552884615384615 0.3293269230769231
8 0.14903846153846154 0.1814903846153846 0.24639423076923078 0.32091346153846156
8 0.13701923076923078 0.5120192307692307 0.17427884615384615 0.3173076923076923
8 0.14423076923076922 0.8329326923076923 0.25721153846153844 0.32572115384615385
8 0.3894230769230769 0.8497596153846154 0.19471153846153846 0.2932692307692308
8 0.6165865384615384 0.8497596153846154 0.21995192307692307 0.2932692307692308
8 0.8713942307692307 0.8389423076923077 0.2439903846153846 0.3125
8 0.8870192307692307 0.5300480769230769 0.21995192307692307 0.2644230769230769
8 0.65625 0.5120192307692307 0.18990384615384615 0.2932692307692308
8 0.4110576923076923 0.5168269230769231 0.24639423076923078 0.3088942307692308