6 0.6706730769230769 0.3894230769230769 0.12740384615384615 0.2127403846153846
6 0.6141826923076923 0.25 0.10096153846153846 0.1814903846153846
6 0.5108173076923077 0.15384615384615385 0.09615384615384616 0.22956730769230768
6 0.4254807692307692 0.43149038461538464 0.078125 0.140625
6 0.36778846153846156 0.47836538461538464 0.06850961538461539 0.1141826923076923
6 0.36177884615384615 0.5552884615384616 0.1045673076923077 0.078125
6 0.24639423076923078 0.49399038461538464 0.10096153846153846 0.20072115384615385
6 0.10576923076923077 0.4387019230769231 0.17307692307692307 0.18028846153846154
6 0.06490384615384616 0.6057692307692307 0.12740384615384615 0.22115384615384615
6 0.09495192307692307 0.7728365384615384 0.11538461538461539 0.19230769230769232
6 0.1658653846153846 0.8954326923076923 0.11778846153846154 0.20793269230769232
6 0.3557692307692308 0.8125 0.09495192307692307 0.171875
6 0.5805288461538461 0.6790865384615384 0.12379807692307693 0.14302884615384615
6 0.6237980769230769 0.8786057692307693 0.125 0.19831730769230768
6 0.4795673076923077 0.9254807692307693 0.10697115384615384 0.1466346153846154
6 0.43990384615384615 0.6370192307692307 0.09495192307692307 0.14302884615384615
6 0.8894230769230769 0.5528846153846154 0.1310096153846154 0.14903846153846154
6 0.8822115384615384 0.7211538461538461 0.1141826923076923 0.14783653846153846
6 0.8569711538461539 0.9122596153846154 0.10697115384615384 0.171875
6 0.7716346153846154 0.4110576923076923 0.13822115384615385 0.19831730769230768
6 0.9170673076923077 0.2800480769230769 0.07572115384615384 0.18870192307692307
6 0.7163461538461539 0.23557692307692307 0.12860576923076922 0.16706730769230768
6 0.4963942307692308 0.3870192307692308 0.07572115384615384 0.14543269230769232