6 0.3317307692307692 0.3557692307692308 0.13822115384615385 0.19471153846153846
6 0.4723557692307692 0.28966346153846156 0.09495192307692307 0.20793269230769232
6 0.859375 0.7271634615384616 0.27884615384615385 0.43990384615384615
6 0.8401442307692307 0.4639423076923077 0.08774038461538461 0.1778846153846154
6 0.9014423076923077 0.1814903846153846 0.12139423076923077 0.13942307692307693
6 0.6862980769230769 0.21033653846153846 0.08173076923076923 0.11057692307692307
6 0.18509615384615385 0.7884615384615384 0.27283653846153844 0.3449519230769231
6 0.1502403846153846 0.07211538461538461 0.1310096153846154 0.14302884615384615
6 0.2776442307692308 0.07211538461538461 0.09134615384615384 0.12980769230769232
6 0.15985576923076922 0.3713942307692308 0.11177884615384616 0.15264423076923078
6 0.4254807692307692 0.7992788461538461 0.17908653846153846 0.1875
6 0.5973557692307693 0.7512019230769231 0.0829326923076923 0.16947115384615385
6 0.1502403846153846 0.5084134615384616 0.14302884615384615 0.1778846153846154