8 0.29447115384615385 0.3016826923076923 0.11298076923076923 0.08052884615384616
8 0.6706730769230769 0.3894230769230769 0.07211538461538461 0.08533653846153846
8 0.75 0.33052884615384615 0.10336538461538461 0.11298076923076923
8 0.6622596153846154 0.28846153846153844 0.08052884615384616 0.10817307692307693
8 0.5949519230769231 0.2704326923076923 0.07211538461538461 0.08052884615384616
8 0.5853365384615384 0.35096153846153844 0.0985576923076923 0.07211538461538461
8 0.5 0.4098557692307692 0.08052884615384616 0.0985576923076923
8 0.8149038461538461 0.45913461538461536 0.0625 0.07211538461538461
8 0.9026442307692307 0.453125 0.07692307692307693 0.10336538461538461
8 0.8305288461538461 0.38341346153846156 0.0673076923076923 0.0625
8 0.7271634615384616 0.4891826923076923 0.10336538461538461 0.07692307692307693
8 0.6081730769230769 0.5024038461538461 0.09014423076923077 0.07692307692307693
8 0.28365384615384615 0.5204326923076923 0.0985576923076923 0.08533653846153846
8 0.16947115384615385 0.4891826923076923 0.07692307692307693 0.09495192307692307
8 0.05889423076923077 0.39903846153846156 0.10817307692307693 0.08533653846153846
8 0.1346153846153846 0.22355769230769232 0.10817307692307693 0.09495192307692307
8 0.3112980769230769 0.3918269230769231 0.12620192307692307 0.0625
8 0.24158653846153846 0.43509615384615385 0.10336538461538461 0.07692307692307693
8 0.3473557692307692 0.4567307692307692 0.0985576923076923 0.07692307692307693