8 0.5144230769230769 0.2127403846153846 0.23197115384615385 0.3233173076923077
8 0.5132211538461539 0.4375 0.14423076923076922 0.19110576923076922
8 0.24639423076923078 0.34615384615384615 0.12980769230769232 0.25600961538461536
8 0.7860576923076923 0.6538461538461539 0.2956730769230769 0.3125
8 0.8197115384615384 0.2800480769230769 0.16466346153846154 0.1502403846153846
8 0.7055288461538461 0.33774038461538464 0.11298076923076923 0.17427884615384615
8 0.8834134615384616 0.3233173076923077 0.07932692307692307 0.15745192307692307
8 0.9627403846153846 0.23557692307692307 0.07211538461538461 0.14182692307692307
8 0.9399038461538461 0.1310096153846154 0.11778846153846154 0.16105769230769232
8 0.7956730769230769 0.12740384615384615 0.109375 0.13701923076923078
8 0.8689903846153846 0.17668269230769232 0.08533653846153846 0.10216346153846154
8 0.19230769230769232 0.046875 0.14903846153846154 0.09375
8 0.11298076923076923 0.15625 0.18269230769230768 0.23918269230769232
8 0.29086538461538464 0.2439903846153846 0.18028846153846154 0.2403846153846154
8 0.40024038461538464 0.06009615384615385 0.18509615384615385 0.1201923076923077
8 0.6478365384615384 0.07211538461538461 0.16105769230769232 0.14423076923076922
8 0.1466346153846154 0.7716346153846154 0.1622596153846154 0.24278846153846154
8 0.03125 0.40384615384615385 0.0625 0.20552884615384615
8 0.057692307692307696 0.6346153846153846 0.07572115384615384 0.16466346153846154