6 0.30649038461538464 0.4723557692307692 0.10336538461538461 0.1310096153846154
6 0.4411057692307692 0.4675480769230769 0.09495192307692307 0.12139423076923077
6 0.4951923076923077 0.3269230769230769 0.09735576923076923 0.12379807692307693
6 0.7824519230769231 0.109375 0.1045673076923077 0.14903846153846154
6 0.6370192307692307 0.3894230769230769 0.06850961538461539 0.13701923076923078
6 0.5973557692307693 0.09134615384615384 0.07211538461538461 0.1310096153846154
6 0.5661057692307693 0.6262019230769231 0.1045673076923077 0.07692307692307693
6 0.46033653846153844 0.7620192307692307 0.04807692307692308 0.12860576923076922
6 0.18870192307692307 0.6742788461538461 0.0733173076923077 0.06129807692307692
6 0.12259615384615384 0.3545673076923077 0.07932692307692307 0.13701923076923078
6 0.22355769230769232 0.07692307692307693 0.1045673076923077 0.10817307692307693
6 0.21875 0.296875 0.07572115384615384 0.18509615384615385