8 0.8040865384615384 0.11899038461538461 0.04326923076923077 0.04807692307692308
8 0.5793269230769231 0.7439903846153846 0.04326923076923077 0.06009615384615385
8 0.3713942307692308 0.3605769230769231 0.04326923076923077 0.055288461538461536
8 0.640625 0.4567307692307692 0.046875 0.04807692307692308
8 0.1622596153846154 0.7536057692307693 0.05048076923076923 0.06370192307692307
8 0.04807692307692308 0.59375 0.05048076923076923 0.051682692307692304
8 0.7668269230769231 0.7644230769230769 0.030048076923076924 0.04326923076923077
8 0.8269230769230769 0.7079326923076923 0.04326923076923077 0.04326923076923077
8 0.8353365384615384 0.2956730769230769 0.054086538461538464 0.0673076923076923
8 0.9711538461538461 0.7884615384615384 0.052884615384615384 0.052884615384615384
8 0.9627403846153846 0.19230769230769232 0.03365384615384615 0.04326923076923077