7 0.2608173076923077 0.18990384615384615 0.18990384615384615 0.06490384615384616
7 0.45072115384615385 0.17908653846153846 0.2091346153846154 0.040865384615384616
7 0.7668269230769231 0.8016826923076923 0.12740384615384615 0.06009615384615385
7 0.5769230769230769 0.5540865384615384 0.17067307692307693 0.078125
7 0.5733173076923077 0.39903846153846156 0.12620192307692307 0.056490384615384616
7 0.3858173076923077 0.4675480769230769 0.12620192307692307 0.06490384615384616
7 0.26802884615384615 0.3425480769230769 0.13942307692307693 0.056490384615384616
7 0.10216346153846154 0.31009615384615385 0.14302884615384615 0.054086538461538464
7 0.08413461538461539 0.2668269230769231 0.16706730769230768 0.0673076923076923
7 0.6622596153846154 0.48677884615384615 0.15504807692307693 0.0625
7 0.8125 0.33052884615384615 0.1201923076923077 0.054086538461538464
7 0.6911057692307693 0.8822115384615384 0.1971153846153846 0.04927884615384615