7 0.10096153846153846 0.09615384615384616 0.19951923076923078 0.19230769230769232
7 0.10336538461538461 0.3473557692307692 0.203125 0.2536057692307692
7 0.10336538461538461 0.6502403846153846 0.203125 0.28365384615384615
7 0.10336538461538461 0.9110576923076923 0.203125 0.17307692307692307
7 0.3581730769230769 0.18870192307692307 0.15264423076923078 0.15504807692307693
7 0.3473557692307692 0.39903846153846156 0.17307692307692307 0.1658653846153846
7 0.3329326923076923 0.6105769230769231 0.19110576923076922 0.17307692307692307
7 0.3233173076923077 0.8617788461538461 0.19591346153846154 0.24278846153846154
7 0.5564903846153846 0.8629807692307693 0.14423076923076922 0.19591346153846154
7 0.4807692307692308 0.421875 0.0733173076923077 0.2800480769230769
7 0.9651442307692307 0.09735576923076923 0.06850961538461539 0.19471153846153846
7 0.9627403846153846 0.33533653846153844 0.06971153846153846 0.22355769230769232
7 0.8173076923076923 0.3425480769230769 0.13942307692307693 0.23557692307692307
7 0.5901442307692307 0.359375 0.08413461538461539 0.16826923076923078