8 0.4483173076923077 0.6646634615384616 0.09495192307692307 0.0985576923076923
8 0.23317307692307693 0.4074519230769231 0.07692307692307693 0.07451923076923077
8 0.3762019230769231 0.31009615384615385 0.1141826923076923 0.08653846153846154
8 0.5961538461538461 0.44591346153846156 0.0985576923076923 0.09495192307692307
8 0.8401442307692307 0.3293269230769231 0.06971153846153846 0.07211538461538461
8 0.9435096153846154 0.4423076923076923 0.06490384615384616 0.11538461538461539
8 0.16706730769230768 0.0673076923076923 0.08052884615384616 0.078125
8 0.12139423076923077 0.6694711538461539 0.0625 0.125
8 0.5492788461538461 0.16947115384615385 0.0673076923076923 0.10216346153846154
8 0.5060096153846154 0.3425480769230769 0.07692307692307693 0.0985576923076923
8 0.3942307692307692 0.46875 0.08653846153846154 0.1201923076923077
8 0.34615384615384615 0.6959134615384616 0.06490384615384616 0.12860576923076922
8 0.22355769230769232 0.8173076923076923 0.06971153846153846 0.11177884615384616
8 0.06610576923076923 0.9338942307692307 0.1045673076923077 0.11298076923076923