6 0.3557692307692308 0.4579326923076923 0.2283653846153846 0.3641826923076923
6 0.5913461538461539 0.4338942307692308 0.24639423076923078 0.24639423076923078
6 0.19951923076923078 0.5745192307692307 0.21153846153846154 0.2403846153846154
6 0.10817307692307693 0.796875 0.17668269230769232 0.19951923076923078
6 0.36778846153846156 0.7487980769230769 0.3233173076923077 0.24879807692307693
6 0.8413461538461539 0.8846153846153846 0.21995192307692307 0.22596153846153846
6 0.953125 0.2932692307692308 0.09014423076923077 0.23677884615384615
6 0.6971153846153846 0.25240384615384615 0.27163461538461536 0.13942307692307693
6 0.4483173076923077 0.18509615384615385 0.2127403846153846 0.18269230769230768
6 0.09134615384615384 0.3954326923076923 0.18269230769230768 0.18509615384615385
6 0.1875 0.25240384615384615 0.23798076923076922 0.13942307692307693
6 0.7608173076923077 0.5516826923076923 0.14423076923076922 0.14423076923076922
6 0.9182692307692307 0.5673076923076923 0.16105769230769232 0.31850961538461536