5 0.09495192307692307 0.44711538461538464 0.13942307692307693 0.19591346153846154
5 0.9350961538461539 0.4891826923076923 0.12379807692307693 0.18028846153846154
5 0.3870192307692308 0.5264423076923077 0.12740384615384615 0.203125
5 0.5853365384615384 0.5408653846153846 0.13221153846153846 0.203125
5 0.23317307692307693 0.5829326923076923 0.08173076923076923 0.1658653846153846
5 0.040865384615384616 0.6971153846153846 0.08173076923076923 0.1466346153846154
5 0.8569711538461539 0.7043269230769231 0.10697115384615384 0.17668269230769232
5 0.140625 0.7608173076923077 0.07692307692307693 0.15384615384615385
5 0.4699519230769231 0.8064903846153846 0.09495192307692307 0.20673076923076922
5 0.33533653846153844 0.8161057692307693 0.16466346153846154 0.203125
5 0.6790865384615384 0.8197115384615384 0.16947115384615385 0.22596153846153846
5 0.9411057692307693 0.06610576923076923 0.08653846153846154 0.1310096153846154
5 0.051682692307692304 0.90625 0.09495192307692307 0.15745192307692307
5 0.09615384615384616 0.15264423076923078 0.15144230769230768 0.19951923076923078
5 0.7992788461538461 0.1971153846153846 0.12740384615384615 0.20673076923076922
5 0.5396634615384616 0.19951923076923078 0.09495192307692307 0.1658653846153846
5 0.34134615384615385 0.23076923076923078 0.14903846153846154 0.2668269230769231
5 0.6646634615384616 0.2800480769230769 0.09014423076923077 0.19230769230769232