8 0.6887019230769231 0.14543269230769232 0.08653846153846154 0.0829326923076923
8 0.6069711538461539 0.13701923076923078 0.04326923076923077 0.06610576923076923
8 0.6165865384615384 0.28125 0.0673076923076923 0.0625
8 0.7680288461538461 0.25 0.06129807692307692 0.0829326923076923
8 0.25240384615384615 0.19831730769230768 0.04807692307692308 0.12139423076923077
8 0.20432692307692307 0.3161057692307692 0.09134615384615384 0.1502403846153846
8 0.11177884615384616 0.5120192307692307 0.0889423076923077 0.13341346153846154
8 0.20432692307692307 0.5024038461538461 0.09134615384615384 0.14543269230769232
8 0.37259615384615385 0.2956730769230769 0.056490384615384616 0.11658653846153846
8 0.39302884615384615 0.3954326923076923 0.07572115384615384 0.11658653846153846
8 0.35336538461538464 0.5288461538461539 0.078125 0.09134615384615384
8 0.4362980769230769 0.7475961538461539 0.1045673076923077 0.1622596153846154
8 0.5540865384615384 0.7728365384615384 0.08653846153846154 0.11298076923076923
8 0.4567307692307692 0.5973557692307693 0.08052884615384616 0.11298076923076923