6 0.5204326923076923 0.4495192307692308 0.09254807692307693 0.09014423076923077
6 0.5901442307692307 0.5336538461538461 0.10336538461538461 0.11778846153846154
6 0.6670673076923077 0.37259615384615385 0.07932692307692307 0.12139423076923077
6 0.65625 0.46153846153846156 0.08413461538461539 0.06610576923076923
6 0.7548076923076923 0.5060096153846154 0.10697115384615384 0.12980769230769232
6 0.7067307692307693 0.6730769230769231 0.0829326923076923 0.14783653846153846
6 0.5769230769230769 0.7151442307692307 0.10216346153846154 0.09615384615384616
6 0.4723557692307692 0.7019230769230769 0.06850961538461539 0.07692307692307693
6 0.37259615384615385 0.6682692307692307 0.06610576923076923 0.12980769230769232
6 0.2980769230769231 0.6887019230769231 0.08774038461538461 0.09615384615384616
6 0.2608173076923077 0.4831730769230769 0.09254807692307693 0.13701923076923078
6 0.18389423076923078 0.4495192307692308 0.13581730769230768 0.109375
6 0.3557692307692308 0.2764423076923077 0.15384615384615385 0.14302884615384615
6 0.4987980769230769 0.11899038461538461 0.13221153846153846 0.11778846153846154
6 0.5084134615384616 0.2956730769230769 0.055288461538461536 0.07932692307692307
6 0.5733173076923077 0.265625 0.08413461538461539 0.10697115384615384
6 0.625 0.18870192307692307 0.08413461538461539 0.10216346153846154
6 0.6947115384615384 0.17067307692307693 0.09254807692307693 0.13942307692307693
6 0.7355769230769231 0.33533653846153844 0.09975961538461539 0.10697115384615384
6 0.8473557692307693 0.5216346153846154 0.09014423076923077 0.07692307692307693
6 0.8088942307692307 0.6586538461538461 0.08413461538461539 0.052884615384615384
6 0.5072115384615384 0.8509615384615384 0.15384615384615385 0.09014423076923077
6 0.41225961538461536 0.8341346153846154 0.09014423076923077 0.109375
6 0.36177884615384615 0.7692307692307693 0.07451923076923077 0.109375
6 0.30288461538461536 0.7776442307692307 0.06009615384615385 0.14783653846153846
6 0.22355769230769232 0.7403846153846154 0.0985576923076923 0.10216346153846154
6 0.41466346153846156 0.4026442307692308 0.07211538461538461 0.0625