8 0.5264423076923077 0.33653846153846156 0.08173076923076923 0.11658653846153846
8 0.40384615384615385 0.33774038461538464 0.07572115384615384 0.0985576923076923
8 0.3737980769230769 0.14302884615384615 0.078125 0.11658653846153846
8 0.3137019230769231 0.31490384615384615 0.06850961538461539 0.12740384615384615
8 0.6117788461538461 0.5504807692307693 0.06129807692307692 0.10096153846153846
8 0.6730769230769231 0.5504807692307693 0.06850961538461539 0.1045673076923077
8 0.9050480769230769 0.34134615384615385 0.09375 0.11057692307692307
8 0.8100961538461539 0.078125 0.0625 0.13221153846153846
8 0.5192307692307693 0.8473557692307693 0.09375 0.09495192307692307
8 0.3581730769230769 0.7632211538461539 0.10096153846153846 0.0889423076923077
8 0.05889423076923077 0.8930288461538461 0.10096153846153846 0.2127403846153846
8 0.14783653846153846 0.7055288461538461 0.10336538461538461 0.09254807692307693
8 0.35336538461538464 0.9699519230769231 0.06850961538461539 0.057692307692307696
8 0.47596153846153844 0.5805288461538461 0.07211538461538461 0.08173076923076923
8 0.4807692307692308 0.4639423076923077 0.06009615384615385 0.09495192307692307
8 0.546875 0.4963942307692308 0.06850961538461539 0.07932692307692307
8 0.609375 0.4014423076923077 0.12620192307692307 0.1141826923076923
8 0.6682692307692307 0.15745192307692307 0.078125 0.0673076923076923
8 0.47836538461538464 0.10576923076923077 0.08052884615384616 0.0889423076923077
8 0.34134615384615385 0.07211538461538461 0.08413461538461539 0.0985576923076923
8 0.22115384615384615 0.08173076923076923 0.09014423076923077 0.10336538461538461
8 0.14182692307692307 0.3737980769230769 0.078125 0.1141826923076923
8 0.18870192307692307 0.43149038461538464 0.0829326923076923 0.10096153846153846
8 0.06850961538461539 0.49278846153846156 0.04807692307692308 0.07091346153846154
8 0.03245192307692308 0.36658653846153844 0.06370192307692307 0.1045673076923077
8 0.33774038461538464 0.6117788461538461 0.09735576923076923 0.06610576923076923
8 0.5432692307692307 0.7019230769230769 0.10216346153846154 0.0985576923076923
8 0.30649038461538464 0.44711538461538464 0.06850961538461539 0.1045673076923077
8 0.21033653846153846 0.22355769230769232 0.056490384615384616 0.09134615384615384
8 0.46634615384615385 0.23317307692307693 0.08533653846153846 0.07932692307692307
8 0.6995192307692307 0.28125 0.06129807692307692 0.06850961538461539
8 0.8629807692307693 0.6201923076923077 0.11057692307692307 0.11057692307692307
8 0.9002403846153846 0.7920673076923077 0.0889423076923077 0.09735576923076923
8 0.7139423076923077 0.8088942307692307 0.0673076923076923 0.0985576923076923
8 0.6586538461538461 0.8834134615384616 0.09375 0.078125
8 0.5096153846153846 0.9230769230769231 0.08173076923076923 0.0625
8 0.34134615384615385 0.8665865384615384 0.109375 0.08653846153846154
8 0.4423076923076923 0.7848557692307693 0.07572115384615384 0.07932692307692307
8 0.38461538461538464 0.6694711538461539 0.057692307692307696 0.0673076923076923
8 0.40024038461538464 0.5276442307692307 0.05048076923076923 0.12620192307692307
8 0.5504807692307693 0.22956730769230768 0.08413461538461539 0.09495192307692307
8 0.7680288461538461 0.2247596153846154 0.06129807692307692 0.08653846153846154
8 0.8112980769230769 0.4423076923076923 0.054086538461538464 0.09495192307692307
8 0.7980769230769231 0.5348557692307693 0.06370192307692307 0.06370192307692307
8 0.9074519230769231 0.4411057692307692 0.08052884615384616 0.057692307692307696
8 0.7920673076923077 0.8858173076923077 0.09495192307692307 0.08653846153846154
8 0.8125 0.7247596153846154 0.06490384615384616 0.06009615384615385
8 0.7391826923076923 0.6165865384615384 0.07211538461538461 0.06850961538461539
8 0.6237980769230769 0.6742788461538461 0.07932692307692307 0.0889423076923077
8 0.6069711538461539 0.7848557692307693 0.06610576923076923 0.08533653846153846
8 0.2776442307692308 0.7824519230769231 0.07451923076923077 0.09254807692307693
8 0.234375 0.9350961538461539 0.06850961538461539 0.0889423076923077
8 0.1622596153846154 0.9230769230769231 0.09375 0.10817307692307693
8 0.037259615384615384 0.6574519230769231 0.055288461538461536 0.07932692307692307
8 0.22355769230769232 0.5228365384615384 0.054086538461538464 0.078125