7 0.9014423076923077 0.10216346153846154 0.19230769230769232 0.20432692307692307
7 0.9002403846153846 0.3557692307692308 0.19591346153846154 0.24879807692307693
7 0.9002403846153846 0.6550480769230769 0.19591346153846154 0.27884615384615385
7 0.9002403846153846 0.9122596153846154 0.19591346153846154 0.171875
7 0.6514423076923077 0.20072115384615385 0.1502403846153846 0.15264423076923078
7 0.6610576923076923 0.4074519230769231 0.17067307692307693 0.16346153846153846
7 0.6766826923076923 0.6153846153846154 0.1875 0.16947115384615385
7 0.6862980769230769 0.8617788461538461 0.19230769230769232 0.23798076923076922
7 0.45552884615384615 0.8629807692307693 0.14182692307692307 0.1935096153846154
7 0.53125 0.42908653846153844 0.07211538461538461 0.27524038461538464
7 0.04447115384615385 0.10336538461538461 0.08774038461538461 0.20552884615384615
7 0.04567307692307692 0.3449519230769231 0.09134615384615384 0.21634615384615385
7 0.20072115384615385 0.35216346153846156 0.13701923076923078 0.23197115384615385
7 0.4230769230769231 0.36778846153846156 0.0829326923076923 0.16466346153846154