8 0.6370192307692307 0.49038461538461536 0.17668269230769232 0.2536057692307692
8 0.9290865384615384 0.1622596153846154 0.13701923076923078 0.2620192307692308
8 0.8125 0.18269230769230768 0.11057692307692307 0.14182692307692307
8 0.21995192307692307 0.3389423076923077 0.06610576923076923 0.13581730769230768
8 0.05048076923076923 0.3581730769230769 0.09375 0.1971153846153846
8 0.21514423076923078 0.7932692307692307 0.13221153846153846 0.16706730769230768
8 0.09014423076923077 0.7716346153846154 0.16706730769230768 0.12379807692307693
8 0.5168269230769231 0.8028846153846154 0.11057692307692307 0.13581730769230768
8 0.7932692307692307 0.7716346153846154 0.17668269230769232 0.27163461538461536
8 0.8076923076923077 0.5805288461538461 0.13581730769230768 0.18509615384615385
8 0.8942307692307693 0.4879807692307692 0.09375 0.17307692307692307
8 0.6478365384615384 0.30528846153846156 0.10096153846153846 0.17908653846153846
8 0.53125 0.20072115384615385 0.13942307692307693 0.09254807692307693
8 0.3894230769230769 0.3425480769230769 0.14543269230769232 0.16706730769230768
8 0.4074519230769231 0.07451923076923077 0.1141826923076923 0.13581730769230768
8 0.59375 0.07692307692307693 0.25 0.14182692307692307
8 0.11057692307692307 0.07451923076923077 0.1045673076923077 0.12379807692307693
8 0.22355769230769232 0.5060096153846154 0.12860576923076922 0.13581730769230768
8 0.4543269230769231 0.4963942307692308 0.1045673076923077 0.11778846153846154
8 0.328125 0.5612980769230769 0.07932692307692307 0.0985576923076923
8 0.3269230769230769 0.7680288461538461 0.11778846153846154 0.15384615384615385
8 0.36658653846153844 0.953125 0.14182692307692307 0.08052884615384616
8 0.08653846153846154 0.9723557692307693 0.11057692307692307 0.04326923076923077
8 0.9483173076923077 0.9326923076923077 0.0985576923076923 0.125
8 0.8233173076923077 0.9723557692307693 0.13221153846153846 0.04326923076923077
8 0.9266826923076923 0.6478365384615384 0.0829326923076923 0.14783653846153846