6 0.3245192307692308 0.37740384615384615 0.13221153846153846 0.21995192307692307
6 0.38461538461538464 0.234375 0.1045673076923077 0.1875
6 0.49038461538461536 0.1346153846153846 0.09975961538461539 0.23798076923076922
6 0.5793269230769231 0.421875 0.08052884615384616 0.14543269230769232
6 0.6394230769230769 0.4699519230769231 0.07091346153846154 0.11899038461538461
6 0.6454326923076923 0.5504807692307693 0.109375 0.08052884615384616
6 0.765625 0.48677884615384615 0.1045673076923077 0.20793269230769232
6 0.9098557692307693 0.42908653846153844 0.17548076923076922 0.18990384615384615
6 0.9435096153846154 0.6021634615384616 0.11177884615384616 0.2283653846153846
6 0.921875 0.7752403846153846 0.1201923076923077 0.19951923076923078
6 0.8497596153846154 0.8966346153846154 0.12259615384615384 0.20432692307692307
6 0.6514423076923077 0.8173076923076923 0.0985576923076923 0.1778846153846154
6 0.4182692307692308 0.6790865384615384 0.12860576923076922 0.14783653846153846
6 0.3737980769230769 0.8858173076923077 0.12860576923076922 0.20552884615384615
6 0.5240384615384616 0.9278846153846154 0.11177884615384616 0.14182692307692307
6 0.5649038461538461 0.6346153846153846 0.0985576923076923 0.14783653846153846
6 0.0985576923076923 0.546875 0.13581730769230768 0.15504807692307693
6 0.10576923076923077 0.7223557692307693 0.11899038461538461 0.15384615384615385
6 0.13341346153846154 0.9146634615384616 0.11177884615384616 0.16826923076923078
6 0.21995192307692307 0.40024038461538464 0.14302884615384615 0.20552884615384615
6 0.06971153846153846 0.2644230769230769 0.07932692307692307 0.19591346153846154
6 0.27884615384615385 0.21875 0.13341346153846154 0.17307692307692307
6 0.5060096153846154 0.375 0.078125 0.15144230769230768