7 0.9098557692307693 0.296875 0.17548076923076922 0.36778846153846156
7 0.7463942307692307 0.30408653846153844 0.15625 0.36658653846153844
7 0.5853365384615384 0.3004807692307692 0.16826923076923078 0.3581730769230769
7 0.42788461538461536 0.30528846153846156 0.18509615384615385 0.38341346153846156
7 0.265625 0.2980769230769231 0.17427884615384615 0.3894230769230769
7 0.10216346153846154 0.2980769230769231 0.1778846153846154 0.3737980769230769
7 0.9134615384615384 0.6610576923076923 0.16826923076923078 0.3942307692307692
7 0.7524038461538461 0.6514423076923077 0.18269230769230768 0.38341346153846156
7 0.5841346153846154 0.6514423076923077 0.18509615384615385 0.3894230769230769
7 0.421875 0.6526442307692307 0.16947115384615385 0.3762019230769231
7 0.2608173076923077 0.6514423076923077 0.1622596153846154 0.3894230769230769
7 0.10576923076923077 0.6574519230769231 0.17427884615384615 0.3713942307692308