8 0.6526442307692307 0.4807692307692308 0.1045673076923077 0.11778846153846154
8 0.3545673076923077 0.46634615384615385 0.09014423076923077 0.12379807692307693
8 0.43149038461538464 0.8930288461538461 0.11538461538461539 0.20192307692307693
8 0.29086538461538464 0.8822115384615384 0.09014423076923077 0.21394230769230768
8 0.6814903846153846 0.8882211538461539 0.15985576923076922 0.21394230769230768
8 0.7776442307692307 0.6935096153846154 0.18269230769230768 0.1971153846153846
8 0.6454326923076923 0.7103365384615384 0.09014423076923077 0.11778846153846154
8 0.44591346153846156 0.6802884615384616 0.10096153846153846 0.1466346153846154
8 0.6021634615384616 0.3762019230769231 0.10096153846153846 0.10096153846153846
8 0.3918269230769231 0.36778846153846156 0.171875 0.10697115384615384
8 0.22596153846153846 0.6490384615384616 0.10817307692307693 0.17427884615384615
8 0.08052884615384616 0.6971153846153846 0.10096153846153846 0.12379807692307693
8 0.12740384615384615 0.9663461538461539 0.12740384615384615 0.056490384615384616
8 0.8413461538461539 0.8990384615384616 0.16826923076923078 0.19110576923076922