8 0.6418269230769231 0.4723557692307692 0.11177884615384616 0.09735576923076923
8 0.71875 0.5300480769230769 0.12259615384615384 0.12980769230769232
8 0.4182692307692308 0.7139423076923077 0.13581730769230768 0.1971153846153846
8 0.33413461538461536 0.48197115384615385 0.11899038461538461 0.14783653846153846
8 0.36899038461538464 0.390625 0.15504807692307693 0.125
8 0.49278846153846156 0.4807692307692308 0.11057692307692307 0.13221153846153846
8 0.6742788461538461 0.8894230769230769 0.13701923076923078 0.21754807692307693
8 0.4375 0.8990384615384616 0.13942307692307693 0.16947115384615385
8 0.28966346153846156 0.8990384615384616 0.08653846153846154 0.1971153846153846
8 0.078125 0.7403846153846154 0.1310096153846154 0.19951923076923078
8 0.20793269230769232 0.7980769230769231 0.08774038461538461 0.14783653846153846
8 0.22956730769230768 0.6802884615384616 0.09375 0.16706730769230768
8 0.20793269230769232 0.4675480769230769 0.06971153846153846 0.1201923076923077
8 0.7596153846153846 0.6947115384615384 0.1814903846153846 0.1622596153846154
8 0.8425480769230769 0.8966346153846154 0.21514423076923078 0.20192307692307693
8 0.5817307692307693 0.5913461538461539 0.08774038461538461 0.09975961538461539
8 0.6334134615384616 0.7199519230769231 0.08413461538461539 0.1201923076923077