6 0.6838942307692307 0.7800480769230769 0.29927884615384615 0.33774038461538464
6 0.8377403846153846 0.28846153846153844 0.21754807692307693 0.3329326923076923
6 0.47716346153846156 0.20673076923076922 0.26802884615384615 0.3401442307692308
6 0.2956730769230769 0.30408653846153844 0.140625 0.3016826923076923
6 0.5240384615384616 0.4483173076923077 0.16346153846153846 0.2644230769230769
6 0.3233173076923077 0.5168269230769231 0.16466346153846154 0.21754807692307693
6 0.20793269230769232 0.6418269230769231 0.1971153846153846 0.21033653846153846
6 0.24639423076923078 0.9230769230769231 0.19591346153846154 0.14903846153846154
6 0.4074519230769231 0.8701923076923077 0.13341346153846154 0.19831730769230768
6 0.4375 0.6550480769230769 0.13221153846153846 0.2764423076923077
6 0.18269230769230768 0.33774038461538464 0.18028846153846154 0.25961538461538464