6 0.6514423076923077 0.4639423076923077 0.09014423076923077 0.1310096153846154
6 0.4014423076923077 0.48197115384615385 0.051682692307692304 0.06370192307692307
6 0.27403846153846156 0.5096153846153846 0.051682692307692304 0.06009615384615385
6 0.13942307692307693 0.5276442307692307 0.06490384615384616 0.0985576923076923
6 0.16826923076923078 0.6646634615384616 0.055288461538461536 0.06370192307692307
6 0.30528846153846156 0.021634615384615384 0.06370192307692307 0.04326923076923077
6 0.6430288461538461 0.6850961538461539 0.04807692307692308 0.0733173076923077
6 0.8317307692307693 0.9314903846153846 0.06850961538461539 0.07091346153846154
6 0.7524038461538461 0.984375 0.055288461538461536 0.025240384615384616
6 0.8774038461538461 0.578125 0.0625 0.08533653846153846
6 0.25721153846153844 0.9326923076923077 0.07692307692307693 0.08052884615384616
6 0.5733173076923077 0.15384615384615385 0.037259615384615384 0.11057692307692307
6 0.5048076923076923 0.6514423076923077 0.046875 0.057692307692307696
6 0.4182692307692308 0.125 0.028846153846153848 0.06370192307692307