8 0.8870192307692307 0.12620192307692307 0.1622596153846154 0.23197115384615385
8 0.7560096153846154 0.3317307692307692 0.11538461538461539 0.25240384615384615
8 0.49759615384615385 0.4206730769230769 0.13942307692307693 0.18990384615384615
8 0.4963942307692308 0.25 0.23798076923076922 0.15264423076923078
8 0.6033653846153846 0.14423076923076922 0.10336538461538461 0.14182692307692307
8 0.3605769230769231 0.07932692307692307 0.11057692307692307 0.15745192307692307
8 0.21875 0.6057692307692307 0.2620192307692308 0.24158653846153846
8 0.08774038461538461 0.3918269230769231 0.16706730769230768 0.15264423076923078
8 0.19591346153846154 0.46033653846153844 0.13942307692307693 0.12139423076923077
8 0.06129807692307692 0.5793269230769231 0.11538461538461539 0.18990384615384615
8 0.03125 0.8137019230769231 0.055288461538461536 0.25841346153846156
8 0.057692307692307696 0.10817307692307693 0.10697115384615384 0.12139423076923077
8 0.036057692307692304 0.24158653846153846 0.06370192307692307 0.11538461538461539
8 0.18028846153846154 0.2764423076923077 0.1622596153846154 0.17427884615384615