8 0.8882211538461539 0.20552884615384615 0.21875 0.3870192307692308
8 0.65625 0.17908653846153846 0.23557692307692307 0.3317307692307692
8 0.4182692307692308 0.19591346153846154 0.2127403846153846 0.3401442307692308
8 0.14423076923076922 0.1875 0.25600961538461536 0.3317307692307692
8 0.1310096153846154 0.5288461538461539 0.1814903846153846 0.328125
8 0.13822115384615385 0.8449519230769231 0.2668269230769231 0.30288461538461536
8 0.39302884615384615 0.8617788461538461 0.20192307692307693 0.2692307692307692
8 0.6274038461538461 0.8617788461538461 0.2283653846153846 0.2692307692307692
8 0.8810096153846154 0.8509615384615384 0.23317307692307693 0.2932692307692308
8 0.8954326923076923 0.5504807692307693 0.20793269230769232 0.2776442307692308
8 0.6682692307692307 0.5288461538461539 0.1971153846153846 0.30288461538461536
8 0.41466346153846156 0.5336538461538461 0.25600961538461536 0.31971153846153844