8 0.5588942307692307 0.4795673076923077 0.27524038461538464 0.21995192307692307
8 0.6141826923076923 0.10216346153846154 0.12620192307692307 0.13822115384615385
8 0.9387019230769231 0.2668269230769231 0.10576923076923077 0.14182692307692307
8 0.17307692307692307 0.6141826923076923 0.15745192307692307 0.13822115384615385
8 0.4543269230769231 0.6322115384615384 0.17668269230769232 0.10216346153846154
8 0.5180288461538461 0.8641826923076923 0.14543269230769232 0.09375
8 0.4110576923076923 0.8353365384615384 0.07451923076923077 0.10216346153846154
8 0.3112980769230769 0.8149038461538461 0.07091346153846154 0.109375
8 0.7848557692307693 0.7007211538461539 0.12259615384615384 0.16706730769230768
8 0.8822115384615384 0.49038461538461536 0.11778846153846154 0.08533653846153846
8 0.8485576923076923 0.3317307692307692 0.14543269230769232 0.1346153846153846
8 0.8425480769230769 0.16826923076923078 0.15745192307692307 0.12620192307692307