5 0.49278846153846156 0.25240384615384615 0.20673076923076922 0.1502403846153846
5 0.2608173076923077 0.25600961538461536 0.19230769230769232 0.18870192307692307
5 0.22115384615384615 0.5192307692307693 0.12860576923076922 0.171875
5 0.13942307692307693 0.8389423076923077 0.16466346153846154 0.25600961538461536
5 0.35697115384615385 0.7055288461538461 0.16466346153846154 0.22235576923076922
5 0.6923076923076923 0.4831730769230769 0.10697115384615384 0.11057692307692307
5 0.6514423076923077 0.16706730769230768 0.23918269230769232 0.2439903846153846
5 0.5516826923076923 0.4699519230769231 0.15384615384615385 0.19471153846153846
5 0.6466346153846154 0.7115384615384616 0.1502403846153846 0.12259615384615384
5 0.8317307692307693 0.7860576923076923 0.17908653846153846 0.25
5 0.8677884615384616 0.30528846153846156 0.12860576923076922 0.21153846153846154
5 0.921875 0.46634615384615385 0.09975961538461539 0.21153846153846154
5 0.21754807692307693 0.1310096153846154 0.17908653846153846 0.21634615384615385
5 0.5216346153846154 0.6550480769230769 0.13581730769230768 0.14423076923076922
5 0.5889423076923077 0.8894230769230769 0.12860576923076922 0.16706730769230768