6 0.2980769230769231 0.7704326923076923 0.19110576923076922 0.2848557692307692
6 0.5492788461538461 0.7596153846153846 0.23197115384615385 0.2620192307692308
6 0.9194711538461539 0.7199519230769231 0.15745192307692307 0.3076923076923077
6 0.8040865384615384 0.8966346153846154 0.24879807692307693 0.20072115384615385
6 0.6117788461538461 0.53125 0.203125 0.22596153846153846
6 0.3317307692307692 0.5372596153846154 0.18389423076923078 0.203125
6 0.18269230769230768 0.6334134615384616 0.18269230769230768 0.28966346153846156
6 0.10336538461538461 0.8798076923076923 0.16706730769230768 0.23557692307692307
6 0.27283653846153844 0.9375 0.21153846153846154 0.11899038461538461
6 0.35336538461538464 0.18629807692307693 0.2403846153846154 0.2283653846153846
6 0.6899038461538461 0.28125 0.15144230769230768 0.27163461538461536
6 0.9507211538461539 0.1778846153846154 0.09495192307692307 0.19831730769230768
6 0.9375 0.3581730769230769 0.12139423076923077 0.2848557692307692
6 0.8197115384615384 0.41947115384615385 0.171875 0.24158653846153846
6 0.16466346153846154 0.3557692307692308 0.16947115384615385 0.20072115384615385