5 0.5108173076923077 0.25240384615384615 0.21153846153846154 0.15384615384615385
5 0.7475961538461539 0.25600961538461536 0.1971153846153846 0.1935096153846154
5 0.7884615384615384 0.5252403846153846 0.1310096153846154 0.17668269230769232
5 0.8725961538461539 0.8521634615384616 0.16826923076923078 0.2608173076923077
5 0.6490384615384616 0.7163461538461539 0.16826923076923078 0.22716346153846154
5 0.30649038461538464 0.4891826923076923 0.109375 0.1141826923076923
5 0.3485576923076923 0.16466346153846154 0.2439903846153846 0.25
5 0.45072115384615385 0.47475961538461536 0.15745192307692307 0.19831730769230768
5 0.3545673076923077 0.7211538461538461 0.15384615384615385 0.125
5 0.16466346153846154 0.7980769230769231 0.18269230769230768 0.25600961538461536
5 0.12740384615384615 0.30649038461538464 0.1310096153846154 0.21634615384615385
5 0.0733173076923077 0.47115384615384615 0.10216346153846154 0.21634615384615385
5 0.7920673076923077 0.12740384615384615 0.18269230769230768 0.22115384615384615
5 0.48197115384615385 0.6646634615384616 0.13822115384615385 0.14783653846153846
5 0.41225961538461536 0.9038461538461539 0.1310096153846154 0.17067307692307693