6 0.2824519230769231 0.4639423076923077 0.21754807692307693 0.22355769230769232
6 0.5649038461538461 0.3317307692307692 0.1622596153846154 0.21153846153846154
6 0.7079326923076923 0.4230769230769231 0.1778846153846154 0.34975961538461536
6 0.8774038461538461 0.29086538461538464 0.14783653846153846 0.3112980769230769
6 0.7776442307692307 0.5625 0.19110576923076922 0.17307692307692307
6 0.8473557692307693 0.6754807692307693 0.25721153846153844 0.25600961538461536
6 0.875 0.49399038461538464 0.18269230769230768 0.2283653846153846
6 0.6334134615384616 0.11057692307692307 0.25600961538461536 0.17307692307692307
6 0.36778846153846156 0.15985576923076922 0.2620192307692308 0.17067307692307693
6 0.14423076923076922 0.2091346153846154 0.1778846153846154 0.22596153846153846
6 0.06971153846153846 0.5036057692307693 0.13942307692307693 0.31009615384615385
6 0.22956730769230768 0.640625 0.2692307692307692 0.25600961538461536
6 0.15144230769230768 0.8882211538461539 0.20793269230769232 0.2091346153846154
6 0.6490384615384616 0.9338942307692307 0.24759615384615385 0.12860576923076922
6 0.9182692307692307 0.9459134615384616 0.15985576923076922 0.10336538461538461
6 0.5420673076923077 0.5324519230769231 0.18629807692307693 0.21875