8 0.8557692307692307 0.16466346153846154 0.2548076923076923 0.30528846153846156
8 0.5961538461538461 0.18028846153846154 0.22716346153846154 0.33774038461538464
8 0.3485576923076923 0.17668269230769232 0.2247596153846154 0.3137019230769231
8 0.12620192307692307 0.15625 0.20192307692307693 0.28966346153846156
8 0.8629807692307693 0.49399038461538464 0.2127403846153846 0.30528846153846156
8 0.6045673076923077 0.5060096153846154 0.21514423076923078 0.28125
8 0.3713942307692308 0.515625 0.2127403846153846 0.34975961538461536
8 0.12379807692307693 0.5036057692307693 0.2439903846153846 0.2932692307692308
8 0.13221153846153846 0.8473557692307693 0.20432692307692307 0.2980769230769231
8 0.3858173076923077 0.84375 0.23197115384615385 0.30528846153846156
8 0.6766826923076923 0.8449519230769231 0.234375 0.2932692307692308
8 0.9074519230769231 0.8257211538461539 0.13341346153846154 0.34134615384615385