8 0.8076923076923077 0.5480769230769231 0.11899038461538461 0.07211538461538461
8 0.43028846153846156 0.3762019230769231 0.09735576923076923 0.1141826923076923
8 0.20072115384615385 0.8521634615384616 0.09495192307692307 0.12620192307692307
8 0.43028846153846156 0.8461538461538461 0.06971153846153846 0.09014423076923077
8 0.3449519230769231 0.5721153846153846 0.10817307692307693 0.14423076923076922
8 0.5108173076923077 0.5360576923076923 0.06971153846153846 0.10817307692307693
8 0.17427884615384615 0.3401442307692308 0.09735576923076923 0.12620192307692307
8 0.34615384615384615 0.22235576923076922 0.11899038461538461 0.10817307692307693
8 0.234375 0.09375 0.08413461538461539 0.10216346153846154
8 0.7608173076923077 0.9158653846153846 0.12259615384615384 0.10817307692307693
8 0.8737980769230769 0.6959134615384616 0.09735576923076923 0.09014423076923077
8 0.6454326923076923 0.65625 0.08052884615384616 0.10817307692307693
8 0.7379807692307693 0.6502403846153846 0.07692307692307693 0.09615384615384616
8 0.6526442307692307 0.47596153846153844 0.10096153846153846 0.14423076923076922
8 0.08173076923076923 0.7620192307692307 0.08052884615384616 0.09014423076923077
8 0.16466346153846154 0.5997596153846154 0.07692307692307693 0.10216346153846154
8 0.24158653846153846 0.7740384615384616 0.11899038461538461 0.1502403846153846