8 0.21754807692307693 0.546875 0.11298076923076923 0.12139423076923077
8 0.6634615384615384 0.5757211538461539 0.10336538461538461 0.13822115384615385
8 0.4266826923076923 0.7211538461538461 0.15985576923076922 0.1658653846153846
8 0.4879807692307692 0.44471153846153844 0.07572115384615384 0.12860576923076922
8 0.8088942307692307 0.8497596153846154 0.11057692307692307 0.1658653846153846
8 0.2608173076923077 0.9074519230769231 0.13701923076923078 0.12860576923076922
8 0.4543269230769231 0.9423076923076923 0.12379807692307693 0.109375
8 0.15504807692307693 0.7992788461538461 0.06129807692307692 0.10697115384615384
8 0.2439903846153846 0.734375 0.07211538461538461 0.09134615384615384
8 0.6598557692307693 0.24278846153846154 0.125 0.15384615384615385
8 0.7668269230769231 0.09615384615384616 0.07932692307692307 0.10697115384615384
8 0.6814903846153846 0.3942307692307692 0.07572115384615384 0.109375
8 0.8425480769230769 0.3762019230769231 0.10336538461538461 0.14543269230769232