6 0.4735576923076923 0.6382211538461539 0.36778846153846156 0.5673076923076923
6 0.8389423076923077 0.5817307692307693 0.31971153846153844 0.48197115384615385
6 0.32091346153846156 0.859375 0.3918269230769231 0.27524038461538464
6 0.06129807692307692 0.8521634615384616 0.11899038461538461 0.29086538461538464
6 0.7079326923076923 0.875 0.19591346153846154 0.24519230769230768
6 0.890625 0.8882211538461539 0.21394230769230768 0.21875
6 0.8016826923076923 0.1502403846153846 0.19471153846153846 0.21394230769230768
6 0.6033653846153846 0.34975961538461536 0.3329326923076923 0.4483173076923077
6 0.28365384615384615 0.17427884615384615 0.23317307692307693 0.2548076923076923
6 0.15745192307692307 0.5168269230769231 0.3112980769230769 0.5132211538461539
6 0.09375 0.16466346153846154 0.18389423076923078 0.18509615384615385
6 0.9230769230769231 0.07091346153846154 0.15264423076923078 0.14182692307692307