8 0.6298076923076923 0.47836538461538464 0.18028846153846154 0.25961538461538464
8 0.9278846153846154 0.13942307692307693 0.13942307692307693 0.2692307692307692
8 0.8088942307692307 0.16105769230769232 0.11298076923076923 0.14543269230769232
8 0.20432692307692307 0.3233173076923077 0.0673076923076923 0.13942307692307693
8 0.040865384615384616 0.34134615384615385 0.07451923076923077 0.203125
8 0.19831730769230768 0.7884615384615384 0.1346153846153846 0.17067307692307693
8 0.07932692307692307 0.7692307692307693 0.15264423076923078 0.13341346153846154
8 0.5072115384615384 0.796875 0.11298076923076923 0.13942307692307693
8 0.7884615384615384 0.765625 0.18028846153846154 0.27884615384615385
8 0.8028846153846154 0.5697115384615384 0.13822115384615385 0.18990384615384615
8 0.8918269230769231 0.47475961538461536 0.09615384615384616 0.17668269230769232
8 0.640625 0.28846153846153844 0.10336538461538461 0.18389423076923078
8 0.5216346153846154 0.18028846153846154 0.14182692307692307 0.09495192307692307
8 0.3762019230769231 0.32572115384615385 0.14903846153846154 0.17067307692307693
8 0.39302884615384615 0.06370192307692307 0.1201923076923077 0.12620192307692307
8 0.5829326923076923 0.0673076923076923 0.2620192307692308 0.1346153846153846
8 0.09014423076923077 0.06009615384615385 0.109375 0.1201923076923077
8 0.20793269230769232 0.49399038461538464 0.1310096153846154 0.13942307692307693
8 0.44350961538461536 0.484375 0.10697115384615384 0.1201923076923077
8 0.3137019230769231 0.5504807692307693 0.08173076923076923 0.10096153846153846
8 0.3125 0.7632211538461539 0.1201923076923077 0.15865384615384615
8 0.35336538461538464 0.953125 0.14543269230769232 0.08173076923076923
8 0.0673076923076923 0.9711538461538461 0.11298076923076923 0.04447115384615385
8 0.9471153846153846 0.9302884615384616 0.10096153846153846 0.12980769230769232
8 0.8197115384615384 0.9711538461538461 0.1346153846153846 0.04447115384615385
8 0.9254807692307693 0.6394230769230769 0.08533653846153846 0.15144230769230768