7 0.6526442307692307 0.3161057692307692 0.2548076923076923 0.21514423076923078
7 0.4074519230769231 0.5252403846153846 0.2247596153846154 0.203125
7 0.6045673076923077 0.5420673076923077 0.17307692307692307 0.17307692307692307
7 0.8581730769230769 0.5360576923076923 0.2800480769230769 0.1658653846153846
7 0.9254807692307693 0.8665865384615384 0.14423076923076922 0.2620192307692308
7 0.0985576923076923 0.8774038461538461 0.1971153846153846 0.2403846153846154
7 0.29086538461538464 0.9387019230769231 0.14302884615384615 0.11899038461538461
7 0.5096153846153846 0.9471153846153846 0.20072115384615385 0.10096153846153846
7 0.7199519230769231 0.9182692307692307 0.1310096153846154 0.15865384615384615
7 0.10336538461538461 0.5829326923076923 0.20552884615384615 0.20072115384615385
7 0.3173076923076923 0.75 0.15745192307692307 0.15865384615384615
7 0.5144230769230769 0.7524038461538461 0.15985576923076922 0.14302884615384615
7 0.7283653846153846 0.7367788461538461 0.1502403846153846 0.11177884615384616