8 0.3942307692307692 0.38341346153846156 0.12139423076923077 0.19230769230769232
8 0.6394230769230769 0.19110576923076922 0.10336538461538461 0.16826923076923078
8 0.5252403846153846 0.453125 0.1141826923076923 0.15985576923076922
8 0.47115384615384615 0.59375 0.10096153846153846 0.18028846153846154
8 0.3401442307692308 0.7415865384615384 0.16105769230769232 0.1971153846153846
8 0.296875 0.59375 0.14783653846153846 0.18028846153846154
8 0.24759615384615385 0.4855769230769231 0.10817307692307693 0.12740384615384615
8 0.07211538461538461 0.45072115384615385 0.14423076923076922 0.23317307692307693
8 0.13942307692307693 0.7704326923076923 0.12379807692307693 0.18028846153846154
8 0.5540865384615384 0.8173076923076923 0.10817307692307693 0.14302884615384615
8 0.7295673076923077 0.7764423076923077 0.10096153846153846 0.11899038461538461
8 0.7247596153846154 0.5384615384615384 0.11658653846153846 0.20072115384615385
8 0.8185096153846154 0.6021634615384616 0.10336538461538461 0.18028846153846154
8 0.7379807692307693 0.16826923076923078 0.12139423076923077 0.2536057692307692
8 0.38100961538461536 0.22596153846153846 0.14302884615384615 0.15625
8 0.25240384615384615 0.17427884615384615 0.09254807692307693 0.18389423076923078
8 0.1346153846153846 0.1310096153846154 0.14302884615384615 0.2620192307692308