6 0.9074519230769231 0.12139423076923077 0.18028846153846154 0.22355769230769232
6 0.7055288461538461 0.10697115384615384 0.20673076923076922 0.2127403846153846
6 0.47475961538461536 0.11899038461538461 0.21394230769230768 0.19831730769230768
6 0.27163461538461536 0.11538461538461539 0.18990384615384615 0.20793269230769232
6 0.08413461538461539 0.10096153846153846 0.16466346153846154 0.19831730769230768
6 0.11778846153846154 0.3317307692307692 0.19110576923076922 0.22355769230769232
6 0.2932692307692308 0.3329326923076923 0.15504807692307693 0.17908653846153846
6 0.5048076923076923 0.3293269230769231 0.203125 0.1814903846153846
6 0.7067307692307693 0.3233173076923077 0.18028846153846154 0.16346153846153846
6 0.9002403846153846 0.3473557692307692 0.19471153846153846 0.20432692307692307
6 0.9254807692307693 0.5444711538461539 0.14783653846153846 0.15144230769230768
6 0.7139423076923077 0.5288461538461539 0.23918269230769232 0.1814903846153846
6 0.46153846153846156 0.5240384615384616 0.23918269230769232 0.13581730769230768
6 0.2620192307692308 0.5432692307692307 0.13581730769230768 0.16346153846153846
6 0.09375 0.5673076923076923 0.18509615384615385 0.19591346153846154
6 0.8882211538461539 0.7223557692307693 0.21875 0.16105769230769232
6 0.6742788461538461 0.7259615384615384 0.15144230769230768 0.13581730769230768
6 0.4735576923076923 0.7319711538461539 0.21394230769230768 0.19110576923076922
6 0.2644230769230769 0.78125 0.20072115384615385 0.22235576923076922
6 0.09134615384615384 0.9002403846153846 0.1778846153846154 0.19591346153846154
6 0.7103365384615384 0.9086538461538461 0.20072115384615385 0.18028846153846154
6 0.4831730769230769 0.9230769230769231 0.22956730769230768 0.15144230769230768
6 0.9158653846153846 0.9074519230769231 0.16346153846153846 0.18028846153846154