8 0.8569711538461539 0.15625 0.2764423076923077 0.3125
8 0.5817307692307693 0.17307692307692307 0.24519230769230768 0.34615384615384615
8 0.32091346153846156 0.16466346153846154 0.24278846153846154 0.3293269230769231
8 0.0985576923076923 0.14783653846153846 0.19230769230769232 0.2956730769230769
8 0.8653846153846154 0.49399038461538464 0.2247596153846154 0.3233173076923077
8 0.5913461538461539 0.5060096153846154 0.22716346153846154 0.2980769230769231
8 0.3449519230769231 0.5168269230769231 0.2247596153846154 0.3701923076923077
8 0.10817307692307693 0.5060096153846154 0.21033653846153846 0.31490384615384615
8 0.10096153846153846 0.8533653846153846 0.19831730769230768 0.2860576923076923
8 0.359375 0.8485576923076923 0.24759615384615385 0.29447115384615385
8 0.6670673076923077 0.8533653846153846 0.25 0.2860576923076923
8 0.9110576923076923 0.8293269230769231 0.14302884615384615 0.3317307692307692