8 0.6814903846153846 0.5504807692307693 0.12620192307692307 0.21875
8 0.42908653846153844 0.4362980769230769 0.09495192307692307 0.2091346153846154
8 0.171875 0.25 0.07692307692307693 0.20673076923076922
8 0.31850961538461536 0.09014423076923077 0.1045673076923077 0.18028846153846154
8 0.47836538461538464 0.13581730769230768 0.0985576923076923 0.1346153846153846
8 0.5348557692307693 0.2283653846153846 0.12860576923076922 0.14903846153846154
8 0.7632211538461539 0.10697115384615384 0.11298076923076923 0.15504807692307693
8 0.8954326923076923 0.04807692307692308 0.10096153846153846 0.09615384615384616
8 0.9014423076923077 0.3112980769230769 0.0673076923076923 0.16346153846153846
8 0.8064903846153846 0.625 0.06971153846153846 0.14302884615384615
8 0.8461538461538461 0.9158653846153846 0.09375 0.1658653846153846
8 0.10096153846153846 0.4543269230769231 0.0889423076923077 0.14423076923076922
8 0.1778846153846154 0.5252403846153846 0.1310096153846154 0.1935096153846154
8 0.2932692307692308 0.703125 0.08774038461538461 0.22596153846153846
8 0.13341346153846154 0.9519230769230769 0.08413461538461539 0.09495192307692307
8 0.055288461538461536 0.8834134615384616 0.109375 0.13942307692307693
8 0.09254807692307693 0.7956730769230769 0.1045673076923077 0.1658653846153846
8 0.016826923076923076 0.3942307692307692 0.03245192307692308 0.12980769230769232
8 0.06129807692307692 0.35336538461538464 0.1045673076923077 0.15625
8 0.16105769230769232 0.08413461538461539 0.12379807692307693 0.16706730769230768
8 0.6971153846153846 0.24278846153846154 0.10697115384615384 0.16826923076923078
8 0.5456730769230769 0.6418269230769231 0.09735576923076923 0.18269230769230768
8 0.5504807692307693 0.8581730769230769 0.06850961538461539 0.15504807692307693
8 0.7295673076923077 0.9146634615384616 0.11298076923076923 0.13942307692307693
8 0.9495192307692307 0.5733173076923077 0.09615384615384616 0.18028846153846154
8 0.7800480769230769 0.4879807692307692 0.0829326923076923 0.11899038461538461
8 0.7151442307692307 0.41466346153846156 0.1045673076923077 0.15264423076923078
8 0.5685096153846154 0.47716346153846156 0.09254807692307693 0.1346153846153846
8 0.3798076923076923 0.23197115384615385 0.12860576923076922 0.13822115384615385
8 0.33774038461538464 0.4026442307692308 0.06129807692307692 0.10216346153846154
8 0.3161057692307692 0.4723557692307692 0.11658653846153846 0.16105769230769232
8 0.30528846153846156 0.9723557692307693 0.13581730769230768 0.052884615384615384
8 0.4098557692307692 0.9471153846153846 0.07692307692307693 0.1045673076923077
8 0.45913461538461536 0.8882211538461539 0.06129807692307692 0.13341346153846154
8 0.7800480769230769 0.2512019230769231 0.12620192307692307 0.15264423076923078
8 0.9867788461538461 0.1935096153846154 0.021634615384615384 0.12259615384615384