8 0.3545673076923077 0.47475961538461536 0.1045673076923077 0.11778846153846154
8 0.6526442307692307 0.46033653846153844 0.09014423076923077 0.12379807692307693
8 0.5769230769230769 0.890625 0.11538461538461539 0.20793269230769232
8 0.7163461538461539 0.8762019230769231 0.09014423076923077 0.21394230769230768
8 0.3269230769230769 0.8846153846153846 0.15985576923076922 0.21875
8 0.22956730769230768 0.6887019230769231 0.18269230769230768 0.1971153846153846
8 0.36177884615384615 0.7055288461538461 0.09014423076923077 0.11778846153846154
8 0.5612980769230769 0.6742788461538461 0.10096153846153846 0.1466346153846154
8 0.4050480769230769 0.3701923076923077 0.10096153846153846 0.10096153846153846
8 0.6153846153846154 0.36177884615384615 0.171875 0.10697115384615384
8 0.78125 0.6430288461538461 0.10817307692307693 0.17427884615384615
8 0.9266826923076923 0.6911057692307693 0.10096153846153846 0.12379807692307693
8 0.8810096153846154 0.9639423076923077 0.12740384615384615 0.06129807692307692
8 0.1658653846153846 0.8966346153846154 0.16826923076923078 0.1971153846153846