6 0.5456730769230769 0.41346153846153844 0.21033653846153846 0.30288461538461536
6 0.7199519230769231 0.27524038461538464 0.24158653846153846 0.23197115384615385
6 0.7524038461538461 0.7007211538461539 0.265625 0.1971153846153846
6 0.2644230769230769 0.7620192307692307 0.15264423076923078 0.3870192307692308
6 0.4206730769230769 0.7764423076923077 0.1971153846153846 0.21153846153846154
6 0.2644230769230769 0.17067307692307693 0.15745192307692307 0.17548076923076922
6 0.24519230769230768 0.2920673076923077 0.21634615384615385 0.1658653846153846
6 0.30288461538461536 0.46153846153846156 0.23677884615384615 0.2283653846153846
6 0.6983173076923077 0.11658653846153846 0.18389423076923078 0.16947115384615385
6 0.9387019230769231 0.6514423076923077 0.11899038461538461 0.26802884615384615
6 0.9627403846153846 0.8641826923076923 0.06850961538461539 0.24278846153846154
6 0.8449519230769231 0.90625 0.18389423076923078 0.17908653846153846