5 0.5228365384615384 0.7764423076923077 0.13341346153846154 0.13341346153846154
5 0.828125 0.7548076923076923 0.15625 0.125
5 0.6274038461538461 0.9447115384615384 0.35216346153846156 0.10216346153846154
5 0.18028846153846154 0.9194711538461539 0.21875 0.15144230769230768
5 0.054086538461538464 0.8305288461538461 0.0985576923076923 0.13341346153846154
5 0.46875 0.2704326923076923 0.22355769230769232 0.5228365384615384
5 0.16346153846153846 0.26802884615384615 0.29927884615384615 0.5360576923076923
5 0.6334134615384616 0.34375 0.0889423076923077 0.38341346153846156
5 0.18509615384615385 0.6899038461538461 0.17427884615384615 0.07572115384615384
5 0.34134615384615385 0.7860576923076923 0.13822115384615385 0.07091346153846154
5 0.8978365384615384 0.8509615384615384 0.0889423076923077 0.0673076923076923
5 0.6983173076923077 0.7079326923076923 0.11177884615384616 0.08533653846153846
5 0.9651442307692307 0.78125 0.06490384615384616 0.14423076923076922