8 0.3401442307692308 0.47115384615384615 0.11658653846153846 0.10096153846153846
8 0.2608173076923077 0.53125 0.12740384615384615 0.13341346153846154
8 0.5721153846153846 0.7211538461538461 0.140625 0.203125
8 0.6586538461538461 0.4807692307692308 0.12259615384615384 0.15264423076923078
8 0.6237980769230769 0.3870192307692308 0.16105769230769232 0.12860576923076922
8 0.4951923076923077 0.4795673076923077 0.1141826923076923 0.13581730769230768
8 0.3076923076923077 0.8930288461538461 0.14302884615384615 0.20793269230769232
8 0.5528846153846154 0.9110576923076923 0.1466346153846154 0.171875
8 0.7055288461538461 0.9038461538461539 0.0889423076923077 0.18629807692307693
8 0.9242788461538461 0.7487980769230769 0.13581730769230768 0.20552884615384615
8 0.7884615384615384 0.8088942307692307 0.09134615384615384 0.15264423076923078
8 0.7668269230769231 0.6862980769230769 0.09735576923076923 0.171875
8 0.7884615384615384 0.46634615384615385 0.07211538461538461 0.125
8 0.21875 0.7007211538461539 0.1875 0.16706730769230768
8 0.13221153846153846 0.9014423076923077 0.22235576923076922 0.19110576923076922
8 0.4026442307692308 0.5949519230769231 0.09134615384615384 0.10336538461538461
8 0.34975961538461536 0.7271634615384616 0.08774038461538461 0.125