8 0.7223557692307693 0.28846153846153844 0.1141826923076923 0.0829326923076923
8 0.3389423076923077 0.3786057692307692 0.0733173076923077 0.08774038461538461
8 0.25961538461538464 0.31850961538461536 0.10576923076923077 0.1141826923076923
8 0.3485576923076923 0.27524038461538464 0.0829326923076923 0.11057692307692307
8 0.4170673076923077 0.25721153846153844 0.0733173076923077 0.0829326923076923
8 0.4266826923076923 0.3389423076923077 0.10096153846153846 0.0733173076923077
8 0.5132211538461539 0.39903846153846156 0.0829326923076923 0.10096153846153846
8 0.19230769230769232 0.4495192307692308 0.06370192307692307 0.0733173076923077
8 0.10336538461538461 0.4423076923076923 0.078125 0.10576923076923077
8 0.17668269230769232 0.3713942307692308 0.06850961538461539 0.06370192307692307
8 0.2824519230769231 0.4795673076923077 0.10576923076923077 0.078125
8 0.40384615384615385 0.49278846153846156 0.09134615384615384 0.078125
8 0.734375 0.5120192307692307 0.10096153846153846 0.08774038461538461
8 0.8509615384615384 0.4795673076923077 0.078125 0.09615384615384616
8 0.9507211538461539 0.390625 0.09375 0.09375
8 0.8858173076923077 0.2091346153846154 0.11057692307692307 0.09615384615384616
8 0.7067307692307693 0.38100961538461536 0.12860576923076922 0.06370192307692307
8 0.7776442307692307 0.42427884615384615 0.10576923076923077 0.078125
8 0.6694711538461539 0.44711538461538464 0.10096153846153846 0.078125