6 0.6322115384615384 0.28365384615384615 0.078125 0.05889423076923077
6 0.5384615384615384 0.4483173076923077 0.07091346153846154 0.06129807692307692
6 0.34134615384615385 0.7908653846153846 0.12139423076923077 0.12740384615384615
6 0.38100961538461536 0.5324519230769231 0.07091346153846154 0.08173076923076923
6 0.2283653846153846 0.3918269230769231 0.09254807692307693 0.08413461538461539
6 0.03125 0.25721153846153844 0.06009615384615385 0.11057692307692307
6 0.020432692307692308 0.7451923076923077 0.038461538461538464 0.12139423076923077
6 0.08052884615384616 0.8305288461538461 0.078125 0.06850961538461539
6 0.15264423076923078 0.8725961538461539 0.06009615384615385 0.10336538461538461
6 0.19471153846153846 0.6911057692307693 0.0829326923076923 0.08774038461538461
6 0.18509615384615385 0.5685096153846154 0.06009615384615385 0.09495192307692307
6 0.2548076923076923 0.5600961538461539 0.0673076923076923 0.09254807692307693
6 0.29086538461538464 0.1502403846153846 0.11298076923076923 0.10096153846153846
6 0.546875 0.09134615384615384 0.07091346153846154 0.09735576923076923
6 0.6177884615384616 0.10216346153846154 0.0673076923076923 0.07932692307692307
6 0.6766826923076923 0.051682692307692304 0.09495192307692307 0.09254807692307693
6 0.6899038461538461 0.37740384615384615 0.07572115384615384 0.08533653846153846