6 0.09735576923076923 0.1201923076923077 0.19471153846153846 0.21514423076923078
6 0.30649038461538464 0.10817307692307693 0.20432692307692307 0.2091346153846154
6 0.5336538461538461 0.1201923076923077 0.21033653846153846 0.19471153846153846
6 0.734375 0.11658653846153846 0.1875 0.20432692307692307
6 0.9182692307692307 0.10216346153846154 0.1622596153846154 0.19471153846153846
6 0.8846153846153846 0.3293269230769231 0.18870192307692307 0.21995192307692307
6 0.7127403846153846 0.33052884615384615 0.15264423076923078 0.17548076923076922
6 0.5036057692307693 0.3269230769230769 0.19951923076923078 0.17908653846153846
6 0.30528846153846156 0.32211538461538464 0.17668269230769232 0.16105769230769232
6 0.1045673076923077 0.34375 0.20552884615384615 0.1935096153846154
6 0.09014423076923077 0.5396634615384616 0.14543269230769232 0.14903846153846154
6 0.29927884615384615 0.5240384615384616 0.23557692307692307 0.17908653846153846
6 0.5456730769230769 0.5192307692307693 0.23557692307692307 0.1346153846153846
6 0.7439903846153846 0.5384615384615384 0.1346153846153846 0.16105769230769232
6 0.9086538461538461 0.5612980769230769 0.1814903846153846 0.1935096153846154
6 0.12139423076923077 0.7115384615384616 0.2247596153846154 0.15504807692307693
6 0.33653846153846156 0.7175480769230769 0.14903846153846154 0.1346153846153846
6 0.5348557692307693 0.7235576923076923 0.21033653846153846 0.18870192307692307
6 0.7415865384615384 0.7716346153846154 0.1971153846153846 0.21875
6 0.9110576923076923 0.8942307692307693 0.17307692307692307 0.203125
6 0.3016826923076923 0.9038461538461539 0.1971153846153846 0.18990384615384615
6 0.5264423076923077 0.9170673076923077 0.2247596153846154 0.15865384615384615
6 0.09615384615384616 0.9038461538461539 0.16826923076923078 0.18870192307692307