6 0.5036057692307693 0.4579326923076923 0.08774038461538461 0.08533653846153846
6 0.5685096153846154 0.5372596153846154 0.0985576923076923 0.11177884615384616
6 0.6418269230769231 0.3858173076923077 0.07572115384615384 0.11538461538461539
6 0.6310096153846154 0.4699519230769231 0.08052884615384616 0.0625
6 0.7259615384615384 0.5120192307692307 0.10096153846153846 0.12379807692307693
6 0.6802884615384616 0.6694711538461539 0.078125 0.13942307692307693
6 0.5564903846153846 0.7091346153846154 0.09615384615384616 0.09134615384615384
6 0.4579326923076923 0.6971153846153846 0.06490384615384616 0.0733173076923077
6 0.3629807692307692 0.6646634615384616 0.0625 0.12379807692307693
6 0.2920673076923077 0.6850961538461539 0.0829326923076923 0.09134615384615384
6 0.25721153846153844 0.49038461538461536 0.08774038461538461 0.12980769230769232
6 0.18509615384615385 0.4579326923076923 0.12860576923076922 0.10336538461538461
6 0.34615384615384615 0.29447115384615385 0.14543269230769232 0.13581730769230768
6 0.4831730769230769 0.14423076923076922 0.12620192307692307 0.11177884615384616
6 0.49158653846153844 0.3125 0.052884615384615384 0.07451923076923077
6 0.5528846153846154 0.2848557692307692 0.08052884615384616 0.10096153846153846
6 0.6021634615384616 0.21153846153846154 0.08052884615384616 0.09735576923076923
6 0.6682692307692307 0.19471153846153846 0.08774038461538461 0.1310096153846154
6 0.7067307692307693 0.34975961538461536 0.09495192307692307 0.10096153846153846
6 0.8125 0.5264423076923077 0.08533653846153846 0.0733173076923077
6 0.7764423076923077 0.6574519230769231 0.08052884615384616 0.05048076923076923
6 0.49158653846153844 0.8377403846153846 0.14543269230769232 0.08533653846153846
6 0.40024038461538464 0.8233173076923077 0.08533653846153846 0.10336538461538461
6 0.35216346153846156 0.7608173076923077 0.06971153846153846 0.10336538461538461
6 0.296875 0.7692307692307693 0.057692307692307696 0.13942307692307693
6 0.22235576923076922 0.734375 0.09254807692307693 0.09735576923076923
6 0.4026442307692308 0.41346153846153844 0.06850961538461539 0.05889423076923077