6 0.5072115384615384 0.4375 0.27283653846153844 0.28846153846153844
6 0.6201923076923077 0.21394230769230768 0.15384615384615385 0.30408653846153844
6 0.8004807692307693 0.17668269230769232 0.17067307692307693 0.28846153846153844
6 0.7247596153846154 0.35096153846153844 0.18990384615384615 0.29447115384615385
6 0.7271634615384616 0.6057692307692307 0.14783653846153846 0.29927884615384615
6 0.5661057692307693 0.6490384615384616 0.22596153846153846 0.18990384615384615
6 0.24158653846153846 0.6153846153846154 0.30288461538461536 0.24759615384615385
6 0.3798076923076923 0.7848557692307693 0.19110576923076922 0.3173076923076923
6 0.12980769230769232 0.2692307692307692 0.12980769230769232 0.34375
6 0.296875 0.20432692307692307 0.19951923076923078 0.31009615384615385
6 0.42788461538461536 0.23076923076923078 0.1346153846153846 0.24759615384615385
6 0.9278846153846154 0.140625 0.13942307692307693 0.28125
6 0.9182692307692307 0.4182692307692308 0.15985576923076922 0.24278846153846154
6 0.8557692307692307 0.6153846153846154 0.15985576923076922 0.27283653846153844
6 0.8894230769230769 0.8149038461538461 0.19831730769230768 0.3233173076923077
6 0.7692307692307693 0.9122596153846154 0.22115384615384615 0.16947115384615385