6 0.48677884615384615 0.42908653846153844 0.2644230769230769 0.2800480769230769
6 0.37740384615384615 0.21153846153846154 0.14903846153846154 0.2956730769230769
6 0.20192307692307693 0.17668269230769232 0.1658653846153846 0.2800480769230769
6 0.27524038461538464 0.34615384615384615 0.18389423076923078 0.2848557692307692
6 0.27283653846153844 0.5925480769230769 0.14423076923076922 0.29086538461538464
6 0.43028846153846156 0.6334134615384616 0.21875 0.18389423076923078
6 0.7439903846153846 0.6021634615384616 0.29447115384615385 0.2403846153846154
6 0.609375 0.7668269230769231 0.18509615384615385 0.3076923076923077
6 0.8521634615384616 0.2668269230769231 0.125 0.3329326923076923
6 0.6899038461538461 0.203125 0.1935096153846154 0.3004807692307692
6 0.5637019230769231 0.2283653846153846 0.1310096153846154 0.2403846153846154
6 0.0733173076923077 0.13942307692307693 0.14423076923076922 0.2776442307692308
6 0.08413461538461539 0.40865384615384615 0.16346153846153846 0.23197115384615385
6 0.14783653846153846 0.6021634615384616 0.15504807692307693 0.265625
6 0.11538461538461539 0.7956730769230769 0.19230769230769232 0.3137019230769231
6 0.23197115384615385 0.9026442307692307 0.21394230769230768 0.18990384615384615