6 0.31490384615384615 0.4387019230769231 0.078125 0.11177884615384616
6 0.4387019230769231 0.28846153846153844 0.0829326923076923 0.1346153846153846
6 0.5204326923076923 0.12379807692307693 0.05889423076923077 0.09735576923076923
6 0.703125 0.12980769230769232 0.056490384615384616 0.10697115384615384
6 0.7572115384615384 0.0889423076923077 0.06490384615384616 0.0889423076923077
6 0.7560096153846154 0.22716346153846154 0.05889423076923077 0.09975961538461539
6 0.8665865384615384 0.23197115384615385 0.04927884615384615 0.1201923076923077
6 0.765625 0.3713942307692308 0.042067307692307696 0.109375
6 0.7259615384615384 0.4423076923076923 0.054086538461538464 0.10697115384615384
6 0.5841346153846154 0.43149038461538464 0.0733173076923077 0.08653846153846154
6 0.5300480769230769 0.4579326923076923 0.06490384615384616 0.0889423076923077
6 0.5793269230769231 0.5 0.05889423076923077 0.09735576923076923
6 0.5012019230769231 0.5048076923076923 0.06129807692307692 0.08653846153846154
6 0.5072115384615384 0.5685096153846154 0.05048076923076923 0.0889423076923077
6 0.3954326923076923 0.6334134615384616 0.05889423076923077 0.12259615384615384
6 0.38341346153846156 0.5432692307692307 0.05889423076923077 0.125
6 0.2403846153846154 0.5661057692307693 0.046875 0.13221153846153846
6 0.20192307692307693 0.6201923076923077 0.0733173076923077 0.08653846153846154
6 0.24879807692307693 0.7728365384615384 0.05889423076923077 0.12740384615384615
6 0.21514423076923078 0.18028846153846154 0.078125 0.07932692307692307
6 0.14903846153846154 0.06129807692307692 0.06610576923076923 0.10697115384615384
6 0.06850961538461539 0.1346153846153846 0.06610576923076923 0.1045673076923077
6 0.056490384615384616 0.20793269230769232 0.054086538461538464 0.0889423076923077
6 0.04927884615384615 0.33413461538461536 0.0829326923076923 0.08413461538461539
6 0.028846153846153848 0.6382211538461539 0.057692307692307696 0.08413461538461539
6 0.026442307692307692 0.7728365384615384 0.052884615384615384 0.08653846153846154
6 0.8161057692307693 0.7415865384615384 0.07932692307692307 0.08413461538461539
6 0.6622596153846154 0.5805288461538461 0.05889423076923077 0.09495192307692307
6 0.5985576923076923 0.6237980769230769 0.0673076923076923 0.10697115384615384
6 0.6129807692307693 0.7379807692307693 0.07932692307692307 0.08653846153846154
6 0.5048076923076923 0.7620192307692307 0.09014423076923077 0.11177884615384616
6 0.421875 0.8257211538461539 0.06490384615384616 0.1201923076923077
6 0.3581730769230769 0.7115384615384616 0.07932692307692307 0.10697115384615384
6 0.3545673076923077 0.23317307692307693 0.052884615384615384 0.10697115384615384
6 0.2920673076923077 0.09975961538461539 0.052884615384615384 0.06850961538461539
6 0.3233173076923077 0.051682692307692304 0.10817307692307693 0.10336538461538461
6 0.37259615384615385 0.10216346153846154 0.0625 0.07091346153846154
6 0.42908653846153844 0.078125 0.06490384615384616 0.09735576923076923
6 0.6165865384615384 0.14423076923076922 0.09495192307692307 0.13822115384615385
6 0.5709134615384616 0.2860576923076923 0.06971153846153846 0.09975961538461539
6 0.5600961538461539 0.35096153846153844 0.07091346153846154 0.0889423076923077
6 0.6478365384615384 0.2920673076923077 0.06490384615384616 0.11177884615384616
6 0.8689903846153846 0.4495192307692308 0.036057692307692304 0.10697115384615384
6 0.9302884615384616 0.4723557692307692 0.0673076923076923 0.09495192307692307
6 0.9158653846153846 0.5492788461538461 0.06610576923076923 0.109375
6 0.8293269230769231 0.5480769230769231 0.06129807692307692 0.09975961538461539
6 0.7319711538461539 0.5685096153846154 0.057692307692307696 0.1045673076923077
6 0.7115384615384616 0.7091346153846154 0.0625 0.09735576923076923
6 0.6935096153846154 0.890625 0.08173076923076923 0.09495192307692307
6 0.6009615384615384 0.8834134615384616 0.07451923076923077 0.08413461538461539
6 0.53125 0.9615384615384616 0.0625 0.07091346153846154
6 0.38341346153846156 0.9182692307692307 0.06610576923076923 0.109375
6 0.30649038461538464 0.8665865384615384 0.09375 0.1201923076923077
6 0.33052884615384615 0.9254807692307693 0.06971153846153846 0.09735576923076923
6 0.20552884615384615 0.953125 0.07572115384615384 0.0889423076923077
6 0.18870192307692307 0.8245192307692307 0.0673076923076923 0.12980769230769232
6 0.10336538461538461 0.5997596153846154 0.08774038461538461 0.09975961538461539
6 0.125 0.41947115384615385 0.05889423076923077 0.11538461538461539
6 0.234375 0.30408653846153844 0.07091346153846154 0.1045673076923077
6 0.8846153846153846 0.8834134615384616 0.08774038461538461 0.09975961538461539
6 0.9447115384615384 0.765625 0.057692307692307696 0.09134615384615384
6 0.9375 0.9086538461538461 0.06610576923076923 0.07932692307692307