8 0.7824519230769231 0.5444711538461539 0.11177884615384616 0.1201923076923077
8 0.3401442307692308 0.5733173076923077 0.10336538461538461 0.13701923076923078
8 0.5745192307692307 0.7163461538461539 0.15865384615384615 0.16466346153846154
8 0.5144230769230769 0.44350961538461536 0.07572115384615384 0.12740384615384615
8 0.19591346153846154 0.84375 0.109375 0.16466346153846154
8 0.7391826923076923 0.9014423076923077 0.13701923076923078 0.12740384615384615
8 0.5480769230769231 0.9399038461538461 0.12139423076923077 0.11538461538461539
8 0.8449519230769231 0.7944711538461539 0.06129807692307692 0.10697115384615384
8 0.7560096153846154 0.7307692307692307 0.07211538461538461 0.09014423076923077
8 0.34375 0.24278846153846154 0.125 0.15264423076923078
8 0.23677884615384615 0.09735576923076923 0.078125 0.10697115384615384
8 0.32211538461538464 0.3918269230769231 0.07572115384615384 0.109375
8 0.1622596153846154 0.375 0.10336538461538461 0.14302884615384615