8 0.3449519230769231 0.3245192307692308 0.14783653846153846 0.23798076923076922
8 0.640625 0.5805288461538461 0.24519230769230768 0.24158653846153846
8 0.8942307692307693 0.5360576923076923 0.15264423076923078 0.265625
8 0.5144230769230769 0.765625 0.1971153846153846 0.25
8 0.8088942307692307 0.7536057692307693 0.1502403846153846 0.25841346153846156
8 0.4254807692307692 0.5084134615384616 0.15504807692307693 0.18509615384615385
8 0.5552884615384616 0.36538461538461536 0.14783653846153846 0.36658653846153844
8 0.1466346153846154 0.43509615384615385 0.11899038461538461 0.2091346153846154
8 0.12379807692307693 0.7223557692307693 0.15264423076923078 0.30649038461538464
8 0.6466346153846154 0.1971153846153846 0.12860576923076922 0.27403846153846156
8 0.3293269230769231 0.0985576923076923 0.15745192307692307 0.1814903846153846
8 0.10336538461538461 0.14302884615384615 0.12379807692307693 0.13341346153846154
8 0.23076923076923078 0.6334134615384616 0.1346153846153846 0.22596153846153846