6 0.4579326923076923 0.23798076923076922 0.19831730769230768 0.17067307692307693
6 0.8545673076923077 0.16466346153846154 0.28966346153846156 0.2764423076923077
6 0.7884615384615384 0.39783653846153844 0.18269230769230768 0.16105769230769232
6 0.8894230769230769 0.5901442307692307 0.17307692307692307 0.2512019230769231
6 0.5600961538461539 0.07091346153846154 0.1814903846153846 0.14182692307692307
6 0.2283653846153846 0.42788461538461536 0.20552884615384615 0.22235576923076922
6 0.3894230769230769 0.7427884615384616 0.1935096153846154 0.24519230769230768
6 0.5588942307692307 0.8341346153846154 0.16466346153846154 0.15985576923076922
6 0.15264423076923078 0.7716346153846154 0.20552884615384615 0.21754807692307693
6 0.5612980769230769 0.4519230769230769 0.20552884615384615 0.15985576923076922
6 0.6983173076923077 0.5252403846153846 0.26322115384615385 0.22716346153846154
6 0.625 0.25961538461538464 0.24519230769230768 0.27283653846153844
6 0.23677884615384615 0.13701923076923078 0.2608173076923077 0.18509615384615385