6 0.5396634615384616 0.4375 0.20432692307692307 0.2920673076923077
6 0.7079326923076923 0.30288461538461536 0.234375 0.2247596153846154
6 0.7403846153846154 0.7139423076923077 0.25721153846153844 0.18990384615384615
6 0.2668269230769231 0.7740384615384616 0.14783653846153846 0.3737980769230769
6 0.4182692307692308 0.7872596153846154 0.19110576923076922 0.20432692307692307
6 0.2668269230769231 0.20192307692307693 0.15264423076923078 0.16947115384615385
6 0.24759615384615385 0.31971153846153844 0.2091346153846154 0.15985576923076922
6 0.30408653846153844 0.4831730769230769 0.22956730769230768 0.22115384615384615
6 0.6875 0.1502403846153846 0.17908653846153846 0.16346153846153846
6 0.9302884615384616 0.6670673076923077 0.1346153846153846 0.25841346153846156
6 0.9543269230769231 0.8725961538461539 0.08653846153846154 0.234375
6 0.8305288461538461 0.9110576923076923 0.1814903846153846 0.16947115384615385