6 0.9519230769230769 0.25240384615384615 0.09134615384615384 0.1875
6 0.7764423076923077 0.23557692307692307 0.14783653846153846 0.08052884615384616
6 0.5504807692307693 0.22115384615384615 0.1310096153846154 0.057692307692307696
6 0.28365384615384615 0.140625 0.13221153846153846 0.09134615384615384
6 0.40384615384615385 0.2644230769230769 0.1141826923076923 0.0733173076923077
6 0.9375 0.421875 0.12139423076923077 0.11057692307692307
6 0.7259615384615384 0.4110576923076923 0.22956730769230768 0.12379807692307693
6 0.4519230769230769 0.5144230769230769 0.12620192307692307 0.09375
6 0.13942307692307693 0.90625 0.0733173076923077 0.1814903846153846
6 0.04807692307692308 0.9350961538461539 0.09254807692307693 0.12379807692307693
6 0.2247596153846154 0.9350961538461539 0.08052884615384616 0.12379807692307693
6 0.054086538461538464 0.7103365384615384 0.07211538461538461 0.0985576923076923
6 0.07091346153846154 0.25 0.09615384615384616 0.09375