5 0.5132211538461539 0.7860576923076923 0.13581730769230768 0.13581730769230768
5 0.8245192307692307 0.7632211538461539 0.15865384615384615 0.12740384615384615
5 0.6177884615384616 0.9495192307692307 0.3641826923076923 0.09134615384615384
5 0.16346153846153846 0.9254807692307693 0.22716346153846154 0.140625
5 0.04567307692307692 0.84375 0.08173076923076923 0.140625
5 0.45913461538461536 0.2704326923076923 0.22716346153846154 0.53125
5 0.15264423076923078 0.27283653846153844 0.2956730769230769 0.5456730769230769
5 0.6274038461538461 0.3449519230769231 0.09134615384615384 0.390625
5 0.17067307692307693 0.6983173076923077 0.17668269230769232 0.07692307692307693
5 0.3293269230769231 0.7956730769230769 0.140625 0.0733173076923077
5 0.8954326923076923 0.8617788461538461 0.09134615384615384 0.06850961538461539
5 0.6935096153846154 0.7163461538461539 0.1141826923076923 0.08653846153846154
5 0.9639423076923077 0.7920673076923077 0.0673076923076923 0.15144230769230768