7 0.71875 0.1814903846153846 0.1814903846153846 0.06129807692307692
7 0.5372596153846154 0.17067307692307693 0.19951923076923078 0.039663461538461536
7 0.23557692307692307 0.765625 0.12139423076923077 0.056490384615384616
7 0.4170673076923077 0.5300480769230769 0.1622596153846154 0.07451923076923077
7 0.4206730769230769 0.38100961538461536 0.1201923076923077 0.054086538461538464
7 0.5997596153846154 0.44711538461538464 0.1201923076923077 0.06129807692307692
7 0.7115384615384616 0.3269230769230769 0.13341346153846154 0.054086538461538464
7 0.8689903846153846 0.2956730769230769 0.13701923076923078 0.051682692307692304
7 0.8942307692307693 0.2536057692307692 0.17067307692307693 0.06129807692307692
7 0.33533653846153844 0.4651442307692308 0.14783653846153846 0.05889423076923077
7 0.19230769230769232 0.3161057692307692 0.11538461538461539 0.051682692307692304
7 0.3076923076923077 0.8425480769230769 0.1875 0.046875