8 0.46875 0.32091346153846156 0.0829326923076923 0.11899038461538461
8 0.59375 0.32211538461538464 0.07692307692307693 0.10096153846153846
8 0.6237980769230769 0.12379807692307693 0.08052884615384616 0.11899038461538461
8 0.6862980769230769 0.29927884615384615 0.06971153846153846 0.12980769230769232
8 0.38100961538461536 0.5384615384615384 0.0625 0.10336538461538461
8 0.31971153846153844 0.5384615384615384 0.06971153846153846 0.10697115384615384
8 0.0829326923076923 0.32572115384615385 0.09615384615384616 0.11298076923076923
8 0.17908653846153846 0.0625 0.06490384615384616 0.125
8 0.47596153846153844 0.8413461538461539 0.09615384615384616 0.09735576923076923
8 0.6418269230769231 0.7560096153846154 0.10336538461538461 0.09134615384615384
8 0.9459134615384616 0.8894230769230769 0.10336538461538461 0.21995192307692307
8 0.8557692307692307 0.6971153846153846 0.10576923076923077 0.09495192307692307
8 0.6466346153846154 0.96875 0.06971153846153846 0.06129807692307692
8 0.5204326923076923 0.5697115384615384 0.0733173076923077 0.0829326923076923
8 0.515625 0.45072115384615385 0.06129807692307692 0.09735576923076923
8 0.4483173076923077 0.484375 0.06971153846153846 0.08052884615384616
8 0.38461538461538464 0.3870192307692308 0.12860576923076922 0.11658653846153846
8 0.3245192307692308 0.13822115384615385 0.08052884615384616 0.06850961538461539
8 0.5180288461538461 0.08533653846153846 0.08173076923076923 0.09014423076923077
8 0.6574519230769231 0.05048076923076923 0.08533653846153846 0.10096153846153846
8 0.7800480769230769 0.06129807692307692 0.09254807692307693 0.1045673076923077
8 0.8617788461538461 0.359375 0.08052884615384616 0.11658653846153846
8 0.8137019230769231 0.4170673076923077 0.08413461538461539 0.10336538461538461
8 0.9362980769230769 0.4795673076923077 0.04927884615384615 0.0733173076923077
8 0.9699519230769231 0.35096153846153844 0.057692307692307696 0.10697115384615384
8 0.6622596153846154 0.6021634615384616 0.0985576923076923 0.0673076923076923
8 0.4519230769230769 0.6935096153846154 0.1045673076923077 0.10096153846153846
8 0.6935096153846154 0.4338942307692308 0.06971153846153846 0.10697115384615384
8 0.7908653846153846 0.20552884615384615 0.057692307692307696 0.09254807692307693
8 0.5300480769230769 0.21514423076923078 0.08653846153846154 0.08173076923076923
8 0.2920673076923077 0.2644230769230769 0.0625 0.06971153846153846
8 0.125 0.6105769230769231 0.11298076923076923 0.11298076923076923
8 0.08774038461538461 0.7848557692307693 0.09134615384615384 0.0985576923076923
8 0.2776442307692308 0.8016826923076923 0.06850961538461539 0.10096153846153846
8 0.33413461538461536 0.8786057692307693 0.09615384615384616 0.07932692307692307
8 0.48677884615384615 0.9194711538461539 0.0829326923076923 0.06370192307692307
8 0.6574519230769231 0.8617788461538461 0.11057692307692307 0.0889423076923077
8 0.5552884615384616 0.7788461538461539 0.078125 0.08173076923076923
8 0.6141826923076923 0.6598557692307693 0.05889423076923077 0.06850961538461539
8 0.5973557692307693 0.515625 0.05048076923076923 0.12860576923076922
8 0.44471153846153844 0.21153846153846154 0.08533653846153846 0.09615384615384616
8 0.22235576923076922 0.20793269230769232 0.0625 0.0889423076923077
8 0.1778846153846154 0.42908653846153844 0.055288461538461536 0.09615384615384616
8 0.19230769230769232 0.5240384615384616 0.06490384615384616 0.06490384615384616
8 0.08052884615384616 0.42788461538461536 0.08173076923076923 0.05889423076923077
8 0.19831730769230768 0.8810096153846154 0.09735576923076923 0.0889423076923077
8 0.17668269230769232 0.7175480769230769 0.06610576923076923 0.06129807692307692
8 0.25240384615384615 0.6057692307692307 0.0733173076923077 0.06971153846153846
8 0.36899038461538464 0.6646634615384616 0.08173076923076923 0.09014423076923077
8 0.3858173076923077 0.7776442307692307 0.0673076923076923 0.08653846153846154
8 0.7223557692307693 0.7752403846153846 0.07572115384615384 0.09495192307692307
8 0.7680288461538461 0.9314903846153846 0.06971153846153846 0.09134615384615384
8 0.8413461538461539 0.9194711538461539 0.09615384615384616 0.11057692307692307
8 0.96875 0.6478365384615384 0.056490384615384616 0.08052884615384616
8 0.7776442307692307 0.5108173076923077 0.055288461538461536 0.07932692307692307