8 0.8257211538461539 0.0829326923076923 0.04567307692307692 0.05048076923076923
8 0.5901442307692307 0.7391826923076923 0.04567307692307692 0.0625
8 0.3713942307692308 0.33774038461538464 0.04567307692307692 0.05889423076923077
8 0.6550480769230769 0.4375 0.04927884615384615 0.05048076923076923
8 0.15264423076923078 0.75 0.052884615384615384 0.06610576923076923
8 0.03365384615384615 0.5817307692307693 0.052884615384615384 0.054086538461538464
8 0.7872596153846154 0.7608173076923077 0.03125 0.04567307692307692
8 0.8497596153846154 0.7019230769230769 0.04567307692307692 0.04567307692307692
8 0.859375 0.2692307692307692 0.056490384615384616 0.07091346153846154
8 0.9855769230769231 0.7848557692307693 0.027644230769230768 0.054086538461538464
8 0.9855769230769231 0.1622596153846154 0.027644230769230768 0.05048076923076923