6 0.7223557692307693 0.7103365384615384 0.21514423076923078 0.5144230769230769
6 0.13341346153846154 0.34134615384615385 0.2668269230769231 0.28966346153846156
6 0.4182692307692308 0.33052884615384615 0.2620192307692308 0.25600961538461536
6 0.6634615384615384 0.20192307692307693 0.19110576923076922 0.2692307692307692
6 0.8858173076923077 0.16826923076923078 0.21875 0.18269230769230768
6 0.9122596153846154 0.5865384615384616 0.171875 0.33653846153846156
6 0.890625 0.8473557692307693 0.21514423076923078 0.3004807692307692
6 0.3317307692307692 0.8389423076923077 0.2644230769230769 0.23918269230769232
6 0.2127403846153846 0.7091346153846154 0.23317307692307693 0.2608173076923077
6 0.11658653846153846 0.578125 0.23317307692307693 0.15745192307692307
6 0.2956730769230769 0.5504807692307693 0.12740384615384615 0.20192307692307693
6 0.40625 0.5360576923076923 0.14903846153846154 0.11538461538461539
6 0.5408653846153846 0.5997596153846154 0.18028846153846154 0.14903846153846154
6 0.5889423076923077 0.8677884615384616 0.21514423076923078 0.25841346153846156