7 0.11899038461538461 0.7788461538461539 0.23197115384615385 0.43990384615384615
7 0.8617788461538461 0.1141826923076923 0.27163461538461536 0.2283653846153846
7 0.5048076923076923 0.09375 0.30288461538461536 0.1875
7 0.16466346153846154 0.09975961538461539 0.3233173076923077 0.19951923076923078
7 0.8665865384615384 0.32572115384615385 0.21754807692307693 0.1310096153846154
7 0.4891826923076923 0.29927884615384615 0.2247596153846154 0.15625
7 0.2091346153846154 0.3004807692307692 0.24759615384615385 0.13701923076923078
7 0.9086538461538461 0.5600961538461539 0.1814903846153846 0.2247596153846154
7 0.6550480769230769 0.5060096153846154 0.15384615384615385 0.0985576923076923
7 0.39783653846153844 0.5084134615384616 0.19471153846153846 0.10096153846153846
7 0.140625 0.484375 0.17908653846153846 0.08533653846153846