6 0.24759615384615385 0.3076923076923077 0.1875 0.2608173076923077
6 0.28365384615384615 0.5384615384615384 0.18509615384615385 0.265625
6 0.41586538461538464 0.46634615384615385 0.12620192307692307 0.28846153846153844
6 0.5048076923076923 0.6586538461538461 0.12620192307692307 0.28125
6 0.6766826923076923 0.6550480769230769 0.19230769230769232 0.3088942307692308
6 0.08052884615384616 0.7355769230769231 0.15384615384615385 0.328125
6 0.16706730769230768 0.8137019230769231 0.17668269230769232 0.28365384615384615
6 0.4326923076923077 0.8028846153846154 0.203125 0.3161057692307692
6 0.5540865384615384 0.8605769230769231 0.12259615384615384 0.18629807692307693
6 0.6790865384615384 0.9182692307692307 0.17548076923076922 0.15865384615384615
6 0.7596153846153846 0.2932692307692308 0.2091346153846154 0.3004807692307692
6 0.921875 0.3016826923076923 0.15264423076923078 0.24639423076923078
6 0.578125 0.15745192307692307 0.18870192307692307 0.21394230769230768
6 0.36538461538461536 0.21875 0.19230769230769232 0.25841346153846156
6 0.11298076923076923 0.21634615384615385 0.13581730769230768 0.2091346153846154
6 0.28125 0.08533653846153846 0.16346153846153846 0.17067307692307693
6 0.8521634615384616 0.1201923076923077 0.16947115384615385 0.234375
6 0.8497596153846154 0.5805288461538461 0.1658653846153846 0.21153846153846154
6 0.8762019230769231 0.7608173076923077 0.17908653846153846 0.20432692307692307
6 0.8173076923076923 0.8870192307692307 0.12740384615384615 0.22115384615384615
6 0.9170673076923077 0.921875 0.14543269230769232 0.15144230769230768