8 0.4831730769230769 0.21394230769230768 0.22956730769230768 0.31971153846153844
8 0.4831730769230769 0.4362980769230769 0.14182692307692307 0.18870192307692307
8 0.7475961538461539 0.3449519230769231 0.12740384615384615 0.25240384615384615
8 0.2127403846153846 0.6502403846153846 0.2920673076923077 0.3088942307692308
8 0.18028846153846154 0.2800480769230769 0.1622596153846154 0.14903846153846154
8 0.2932692307692308 0.33653846153846156 0.11177884615384616 0.17307692307692307
8 0.11658653846153846 0.3233173076923077 0.07932692307692307 0.15625
8 0.037259615384615384 0.23557692307692307 0.0733173076923077 0.13942307692307693
8 0.06009615384615385 0.13221153846153846 0.11899038461538461 0.15865384615384615
8 0.203125 0.12980769230769232 0.10817307692307693 0.13581730769230768
8 0.1310096153846154 0.1778846153846154 0.08533653846153846 0.10216346153846154
8 0.8016826923076923 0.04807692307692308 0.1466346153846154 0.09615384615384616
8 0.8798076923076923 0.15745192307692307 0.18028846153846154 0.23557692307692307
8 0.703125 0.2439903846153846 0.1778846153846154 0.23798076923076922
8 0.5949519230769231 0.0625 0.18269230769230768 0.11778846153846154
8 0.35216346153846156 0.0733173076923077 0.15625 0.140625
8 0.8461538461538461 0.765625 0.15985576923076922 0.2403846153846154
8 0.9627403846153846 0.40384615384615385 0.06971153846153846 0.20673076923076922
8 0.9338942307692307 0.6310096153846154 0.07572115384615384 0.1622596153846154