8 0.7824519230769231 0.5432692307692307 0.12139423076923077 0.0733173076923077
8 0.39663461538461536 0.36899038461538464 0.09975961538461539 0.11538461538461539
8 0.1622596153846154 0.8509615384615384 0.09615384615384616 0.12860576923076922
8 0.39663461538461536 0.8449519230769231 0.07091346153846154 0.09134615384615384
8 0.3088942307692308 0.5673076923076923 0.11057692307692307 0.1466346153846154
8 0.47836538461538464 0.5300480769230769 0.07091346153846154 0.109375
8 0.13581730769230768 0.3317307692307692 0.09975961538461539 0.12860576923076922
8 0.3112980769230769 0.21394230769230768 0.12139423076923077 0.109375
8 0.19591346153846154 0.08173076923076923 0.08533653846153846 0.10336538461538461
8 0.734375 0.9146634615384616 0.125 0.109375
8 0.8497596153846154 0.6923076923076923 0.09975961538461539 0.09134615384615384
8 0.6165865384615384 0.6526442307692307 0.08173076923076923 0.109375
8 0.7103365384615384 0.6466346153846154 0.078125 0.09735576923076923
8 0.6237980769230769 0.4699519230769231 0.10336538461538461 0.1466346153846154
8 0.04326923076923077 0.7620192307692307 0.078125 0.09735576923076923
8 0.125 0.5949519230769231 0.078125 0.10336538461538461
8 0.203125 0.7716346153846154 0.12139423076923077 0.15264423076923078