6 0.4699519230769231 0.6334134615384616 0.3629807692307692 0.5612980769230769
6 0.8305288461538461 0.578125 0.31490384615384615 0.47716346153846156
6 0.32091346153846156 0.8569711538461539 0.3870192307692308 0.2800480769230769
6 0.06129807692307692 0.8497596153846154 0.1201923076923077 0.2956730769230769
6 0.7019230769230769 0.8725961538461539 0.1935096153846154 0.25
6 0.8882211538461539 0.8846153846153846 0.22355769230769232 0.22596153846153846
6 0.7944711538461539 0.15144230769230768 0.19110576923076922 0.21153846153846154
6 0.5985576923076923 0.3485576923076923 0.3293269230769231 0.44350961538461536
6 0.2824519230769231 0.17427884615384615 0.23076923076923078 0.25240384615384615
6 0.15625 0.5144230769230769 0.31009615384615385 0.5072115384615384
6 0.09375 0.1658653846153846 0.18509615384615385 0.18389423076923078
6 0.9170673076923077 0.0733173076923077 0.16105769230769232 0.1466346153846154