6 0.6862980769230769 0.328125 0.14903846153846154 0.13221153846153846
6 0.43509615384615385 0.2512019230769231 0.1310096153846154 0.16706730769230768
6 0.33653846153846156 0.42908653846153844 0.12860576923076922 0.13221153846153846
6 0.1971153846153846 0.45072115384615385 0.10216346153846154 0.16706730769230768
6 0.40865384615384615 0.6213942307692307 0.09975961538461539 0.19951923076923078
6 0.8473557692307693 0.5685096153846154 0.11538461538461539 0.13942307692307693
6 0.7716346153846154 0.8870192307692307 0.1658653846153846 0.21995192307692307
6 0.828125 0.11057692307692307 0.11658653846153846 0.16706730769230768
6 0.38461538461538464 0.08774038461538461 0.09735576923076923 0.11538461538461539
6 0.671875 0.19471153846153846 0.08413461538461539 0.15625
6 0.5877403846153846 0.1935096153846154 0.06971153846153846 0.16346153846153846
6 0.5120192307692307 0.49158653846153844 0.10216346153846154 0.13221153846153846
6 0.5985576923076923 0.5012019230769231 0.0733173076923077 0.18870192307692307
6 0.5745192307692307 0.7692307692307693 0.09735576923076923 0.19591346153846154
6 0.6911057692307693 0.7079326923076923 0.11899038461538461 0.14302884615384615
6 0.1141826923076923 0.7283653846153846 0.13581730769230768 0.11298076923076923
6 0.328125 0.8725961538461539 0.1658653846153846 0.20673076923076922
6 0.44350961538461536 0.8389423076923077 0.10697115384615384 0.15625
6 0.8846153846153846 0.2932692307692308 0.09375 0.13942307692307693