6 0.35096153846153844 0.45913461538461536 0.22956730769230768 0.36658653846153844
6 0.5889423076923077 0.43509615384615385 0.24879807692307693 0.24879807692307693
6 0.19471153846153846 0.5769230769230769 0.2127403846153846 0.24158653846153846
6 0.10216346153846154 0.8004807692307693 0.1778846153846154 0.20072115384615385
6 0.3641826923076923 0.7524038461538461 0.32572115384615385 0.25
6 0.8401442307692307 0.8870192307692307 0.22115384615384615 0.22355769230769232
6 0.953125 0.2932692307692308 0.09134615384615384 0.23798076923076922
6 0.6947115384615384 0.25240384615384615 0.27403846153846156 0.140625
6 0.44471153846153844 0.18389423076923078 0.21394230769230768 0.18389423076923078
6 0.08774038461538461 0.39663461538461536 0.17548076923076922 0.18389423076923078
6 0.18269230769230768 0.25240384615384615 0.2403846153846154 0.140625
6 0.7596153846153846 0.5528846153846154 0.14543269230769232 0.14543269230769232
6 0.9170673076923077 0.5697115384615384 0.1622596153846154 0.32091346153846156