6 0.3173076923076923 0.7848557692307693 0.30649038461538464 0.34615384615384615
6 0.15865384615384615 0.2800480769230769 0.22235576923076922 0.34134615384615385
6 0.5288461538461539 0.1971153846153846 0.27403846153846156 0.34975961538461536
6 0.7139423076923077 0.296875 0.14423076923076922 0.3088942307692308
6 0.4795673076923077 0.44471153846153844 0.16706730769230768 0.27163461538461536
6 0.6850961538461539 0.515625 0.16947115384615385 0.22355769230769232
6 0.8040865384615384 0.6430288461538461 0.20192307692307693 0.21634615384615385
6 0.7632211538461539 0.9254807692307693 0.20192307692307693 0.14302884615384615
6 0.5997596153846154 0.8774038461538461 0.13701923076923078 0.203125
6 0.5697115384615384 0.6574519230769231 0.13581730769230768 0.28365384615384615
6 0.8293269230769231 0.3317307692307692 0.18389423076923078 0.2668269230769231