6 0.2403846153846154 0.2848557692307692 0.19591346153846154 0.27283653846153844
6 0.27884615384615385 0.5276442307692307 0.19471153846153846 0.27884615384615385
6 0.4170673076923077 0.4519230769230769 0.13221153846153846 0.3016826923076923
6 0.5108173076923077 0.6538461538461539 0.13221153846153846 0.29447115384615385
6 0.6899038461538461 0.6502403846153846 0.20192307692307693 0.3233173076923077
6 0.07451923076923077 0.734375 0.14903846153846154 0.3485576923076923
6 0.15625 0.8149038461538461 0.18629807692307693 0.296875
6 0.43509615384615385 0.8052884615384616 0.21394230769230768 0.33052884615384615
6 0.5612980769230769 0.8641826923076923 0.12860576923076922 0.19471153846153846
6 0.6923076923076923 0.9194711538461539 0.18389423076923078 0.15625
6 0.7764423076923077 0.2704326923076923 0.21875 0.31490384615384615
6 0.9326923076923077 0.2800480769230769 0.12980769230769232 0.25721153846153844
6 0.5877403846153846 0.12860576923076922 0.19831730769230768 0.22355769230769232
6 0.3641826923076923 0.19230769230769232 0.20192307692307693 0.2704326923076923
6 0.0985576923076923 0.18990384615384615 0.14182692307692307 0.21875
6 0.2764423076923077 0.07091346153846154 0.17307692307692307 0.14182692307692307
6 0.8762019230769231 0.10697115384615384 0.17908653846153846 0.21394230769230768
6 0.8725961538461539 0.5721153846153846 0.17307692307692307 0.22115384615384615
6 0.8990384615384616 0.7608173076923077 0.1875 0.21394230769230768
6 0.8377403846153846 0.8870192307692307 0.13341346153846154 0.22115384615384615
6 0.9326923076923077 0.9230769230769231 0.13221153846153846 0.14783653846153846