6 0.30288461538461536 0.3737980769230769 0.20793269230769232 0.26322115384615385
6 0.47475961538461536 0.21033653846153846 0.15865384615384615 0.27884615384615385
6 0.6622596153846154 0.2608173076923077 0.19230769230769232 0.203125
6 0.703125 0.7536057692307693 0.24759615384615385 0.3329326923076923
6 0.46274038461538464 0.7439903846153846 0.23677884615384615 0.33774038461538464
6 0.26322115384615385 0.7151442307692307 0.16346153846153846 0.2247596153846154
6 0.12860576923076922 0.6057692307692307 0.25600961538461536 0.2932692307692308
6 0.10216346153846154 0.8004807692307693 0.20432692307692307 0.22596153846153846
6 0.2548076923076923 0.9122596153846154 0.2403846153846154 0.17067307692307693
6 0.6730769230769231 0.5276442307692307 0.2439903846153846 0.29927884615384615
6 0.8209134615384616 0.3737980769230769 0.15264423076923078 0.1778846153846154
6 0.9471153846153846 0.40384615384615385 0.10336538461538461 0.3894230769230769
6 0.8581730769230769 0.546875 0.19110576923076922 0.2247596153846154
6 0.9050480769230769 0.7247596153846154 0.1875 0.33533653846153844
6 0.2776442307692308 0.07932692307692307 0.2091346153846154 0.15865384615384615
6 0.2980769230769231 0.1971153846153846 0.17548076923076922 0.19831730769230768
6 0.12139423076923077 0.14903846153846154 0.24278846153846154 0.21634615384615385
6 0.15264423076923078 0.3425480769230769 0.23317307692307693 0.25
6 0.8149038461538461 0.0673076923076923 0.19110576923076922 0.1346153846153846
6 0.8161057692307693 0.18629807692307693 0.16706730769230768 0.18269230769230768
6 0.9471153846153846 0.13701923076923078 0.10336538461538461 0.21634615384615385