6 0.46153846153846156 0.43028846153846156 0.2127403846153846 0.30528846153846156
6 0.2860576923076923 0.29086538461538464 0.24519230769230768 0.234375
6 0.25240384615384615 0.7199519230769231 0.26802884615384615 0.19831730769230768
6 0.7463942307692307 0.7824519230769231 0.15384615384615385 0.390625
6 0.5877403846153846 0.7956730769230769 0.19951923076923078 0.2127403846153846
6 0.7463942307692307 0.18629807692307693 0.15985576923076922 0.1778846153846154
6 0.765625 0.3088942307692308 0.21754807692307693 0.16706730769230768
6 0.7079326923076923 0.47836538461538464 0.23918269230769232 0.23076923076923078
6 0.3076923076923077 0.1310096153846154 0.18629807692307693 0.17067307692307693
6 0.06370192307692307 0.6706730769230769 0.12259615384615384 0.2692307692307692
6 0.038461538461538464 0.8798076923076923 0.07211538461538461 0.234375
6 0.15865384615384615 0.9170673076923077 0.18870192307692307 0.15985576923076922