7 0.5192307692307693 0.44591346153846156 0.4026442307692308 0.3473557692307692
7 0.1778846153846154 0.4230769230769231 0.3557692307692308 0.39663461538461536
7 0.3293269230769231 0.15264423076923078 0.3641826923076923 0.2536057692307692
7 0.7019230769230769 0.15625 0.4723557692307692 0.28725961538461536
7 0.0889423076923077 0.7632211538461539 0.17668269230769232 0.421875
7 0.2692307692307692 0.6862980769230769 0.25961538461538464 0.22235576923076922
7 0.3329326923076923 0.8461538461538461 0.40384615384615385 0.21995192307692307
7 0.7091346153846154 0.8557692307692307 0.40865384615384615 0.24639423076923078
7 0.6466346153846154 0.6622596153846154 0.5252403846153846 0.23076923076923078
7 0.8545673076923077 0.43990384615384615 0.28725961538461536 0.39903846153846156
7 0.08653846153846154 0.1346153846153846 0.17307692307692307 0.2692307692307692