8 0.5997596153846154 0.3918269230769231 0.1201923076923077 0.19110576923076922
8 0.35697115384615385 0.20072115384615385 0.10216346153846154 0.16706730769230768
8 0.4699519230769231 0.46153846153846156 0.11298076923076923 0.15865384615384615
8 0.5240384615384616 0.6021634615384616 0.09975961538461539 0.17908653846153846
8 0.6526442307692307 0.7475961538461539 0.15985576923076922 0.19471153846153846
8 0.6959134615384616 0.6021634615384616 0.1466346153846154 0.17908653846153846
8 0.7451923076923077 0.49399038461538464 0.10697115384615384 0.12620192307692307
8 0.9230769230769231 0.4567307692307692 0.14423076923076922 0.22355769230769232
8 0.8521634615384616 0.7764423076923077 0.12259615384615384 0.17908653846153846
8 0.4411057692307692 0.8233173076923077 0.10697115384615384 0.14182692307692307
8 0.2668269230769231 0.7824519230769231 0.09975961538461539 0.11778846153846154
8 0.27283653846153844 0.546875 0.11538461538461539 0.19951923076923078
8 0.17908653846153846 0.609375 0.10216346153846154 0.17908653846153846
8 0.25961538461538464 0.17908653846153846 0.1201923076923077 0.25240384615384615
8 0.6129807692307693 0.23557692307692307 0.14182692307692307 0.15504807692307693
8 0.7391826923076923 0.18509615384615385 0.09134615384615384 0.18269230769230768
8 0.8569711538461539 0.13822115384615385 0.13822115384615385 0.25961538461538464