7 0.2776442307692308 0.8173076923076923 0.1778846153846154 0.36177884615384615
7 0.8040865384615384 0.41947115384615385 0.22596153846153846 0.31009615384615385
7 0.9375 0.8004807692307693 0.1201923076923077 0.3605769230769231
7 0.8040865384615384 0.8581730769230769 0.10336538461538461 0.23317307692307693
7 0.5588942307692307 0.5805288461538461 0.19471153846153846 0.28725961538461536
7 0.5925480769230769 0.875 0.19471153846153846 0.24639423076923078
7 0.17668269230769232 0.3858173076923077 0.1622596153846154 0.30528846153846156
7 0.2668269230769231 0.10697115384615384 0.20673076923076922 0.21394230769230768
7 0.49278846153846156 0.0625 0.12860576923076922 0.125
7 0.90625 0.10817307692307693 0.18269230769230768 0.21634615384615385
7 0.08173076923076923 0.9194711538461539 0.15985576923076922 0.15625
7 0.051682692307692304 0.7211538461538461 0.09975961538461539 0.21033653846153846