6 0.32091346153846156 0.3293269230769231 0.14903846153846154 0.13221153846153846
6 0.5733173076923077 0.25240384615384615 0.1310096153846154 0.16706730769230768
6 0.6730769230769231 0.43149038461538464 0.12860576923076922 0.13221153846153846
6 0.8125 0.453125 0.10216346153846154 0.16706730769230768
6 0.5997596153846154 0.6237980769230769 0.10096153846153846 0.19951923076923078
6 0.15985576923076922 0.5721153846153846 0.11538461538461539 0.140625
6 0.23557692307692307 0.8894230769230769 0.1658653846153846 0.21634615384615385
6 0.17908653846153846 0.11057692307692307 0.11778846153846154 0.16706730769230768
6 0.6237980769230769 0.08774038461538461 0.09735576923076923 0.11658653846153846
6 0.33533653846153844 0.19591346153846154 0.08413461538461539 0.15625
6 0.4206730769230769 0.19471153846153846 0.07091346153846154 0.16466346153846154
6 0.4963942307692308 0.4951923076923077 0.10216346153846154 0.13221153846153846
6 0.4098557692307692 0.5036057692307693 0.0733173076923077 0.18870192307692307
6 0.4338942307692308 0.7728365384615384 0.09735576923076923 0.1971153846153846
6 0.3161057692307692 0.7127403846153846 0.11899038461538461 0.14302884615384615
6 0.8954326923076923 0.7319711538461539 0.13581730769230768 0.11298076923076923
6 0.6802884615384616 0.8774038461538461 0.1658653846153846 0.20793269230769232
6 0.5649038461538461 0.84375 0.10697115384615384 0.15625
6 0.12259615384615384 0.29447115384615385 0.09375 0.140625