8 0.6899038461538461 0.31490384615384615 0.16826923076923078 0.23918269230769232
8 0.29447115384615385 0.23918269230769232 0.15264423076923078 0.18509615384615385
8 0.15985576923076922 0.31009615384615385 0.19471153846153846 0.20673076923076922
8 0.3088942307692308 0.4375 0.16346153846153846 0.16826923076923078
8 0.39302884615384615 0.5192307692307693 0.10576923076923077 0.13581730769230768
8 0.41947115384615385 0.10096153846153846 0.11298076923076923 0.18990384615384615
8 0.29447115384615385 0.08173076923076923 0.11298076923076923 0.15264423076923078
8 0.16346153846153846 0.07932692307692307 0.08653846153846154 0.10336538461538461
8 0.7560096153846154 0.06850961538461539 0.15985576923076922 0.125
8 0.8401442307692307 0.37740384615384615 0.09375 0.22235576923076922
8 0.71875 0.7091346153846154 0.109375 0.23317307692307693
8 0.8341346153846154 0.6814903846153846 0.09735576923076923 0.2439903846153846
8 0.9423076923076923 0.6274038461538461 0.11057692307692307 0.19230769230769232
8 0.5276442307692307 0.7307692307692307 0.14903846153846154 0.15745192307692307
8 0.6189903846153846 0.5348557692307693 0.15985576923076922 0.13581730769230768
8 0.546875 0.27403846153846156 0.08653846153846154 0.18990384615384615
8 0.4375 0.3858173076923077 0.09375 0.11899038461538461
8 0.17427884615384615 0.8365384615384616 0.15264423076923078 0.18509615384615385
8 0.1622596153846154 0.5865384615384616 0.09735576923076923 0.15264423076923078
8 0.04447115384615385 0.7331730769230769 0.08173076923076923 0.19591346153846154
8 0.40024038461538464 0.8918269230769231 0.18389423076923078 0.10817307692307693