5 0.11298076923076923 0.4639423076923077 0.1346153846153846 0.18870192307692307
5 0.9314903846153846 0.5036057692307693 0.13221153846153846 0.17427884615384615
5 0.3954326923076923 0.5396634615384616 0.12259615384615384 0.19591346153846154
5 0.5877403846153846 0.5540865384615384 0.12740384615384615 0.19591346153846154
5 0.24639423076923078 0.59375 0.07932692307692307 0.15985576923076922
5 0.056490384615384616 0.703125 0.08413461538461539 0.13822115384615385
5 0.8497596153846154 0.7115384615384616 0.10336538461538461 0.17067307692307693
5 0.15745192307692307 0.7668269230769231 0.07451923076923077 0.14903846153846154
5 0.47596153846153844 0.8100961538461539 0.09134615384615384 0.19951923076923078
5 0.34615384615384615 0.8185096153846154 0.15865384615384615 0.19591346153846154
5 0.6778846153846154 0.8221153846153846 0.16346153846153846 0.21754807692307693
5 0.9302884615384616 0.0829326923076923 0.08173076923076923 0.14543269230769232
5 0.07211538461538461 0.90625 0.09134615384615384 0.15264423076923078
5 0.1141826923076923 0.17908653846153846 0.1466346153846154 0.19230769230769232
5 0.7944711538461539 0.22235576923076922 0.12259615384615384 0.19951923076923078
5 0.5432692307692307 0.2247596153846154 0.09134615384615384 0.15985576923076922
5 0.35096153846153844 0.25600961538461536 0.14423076923076922 0.25721153846153844
5 0.6634615384615384 0.30288461538461536 0.08653846153846154 0.18509615384615385