6 0.6887019230769231 0.39302884615384615 0.20072115384615385 0.2536057692307692
6 0.5228365384615384 0.23557692307692307 0.15264423076923078 0.2692307692307692
6 0.34134615384615385 0.28365384615384615 0.18509615384615385 0.1971153846153846
6 0.3016826923076923 0.7596153846153846 0.23798076923076922 0.32091346153846156
6 0.5336538461538461 0.75 0.2283653846153846 0.32572115384615385
6 0.7259615384615384 0.7223557692307693 0.15745192307692307 0.21634615384615385
6 0.8581730769230769 0.6153846153846154 0.24639423076923078 0.28125
6 0.8918269230769231 0.8052884615384616 0.21153846153846154 0.21394230769230768
6 0.7355769230769231 0.9146634615384616 0.23197115384615385 0.16706730769230768
6 0.3317307692307692 0.5408653846153846 0.23557692307692307 0.28846153846153844
6 0.18870192307692307 0.39302884615384615 0.14783653846153846 0.171875
6 0.06009615384615385 0.421875 0.11538461538461539 0.3762019230769231
6 0.15264423076923078 0.5600961538461539 0.18389423076923078 0.21634615384615385
6 0.09975961538461539 0.7307692307692307 0.1971153846153846 0.3233173076923077
6 0.7139423076923077 0.09375 0.1971153846153846 0.17668269230769232
6 0.6923076923076923 0.22235576923076922 0.16947115384615385 0.19110576923076922
6 0.8713942307692307 0.17548076923076922 0.24879807692307693 0.20673076923076922
6 0.8329326923076923 0.3629807692307692 0.2247596153846154 0.24158653846153846
6 0.19471153846153846 0.08173076923076923 0.1875 0.16346153846153846
6 0.1935096153846154 0.2127403846153846 0.16105769230769232 0.17668269230769232
6 0.06009615384615385 0.16466346153846154 0.11538461538461539 0.2091346153846154