6 0.6646634615384616 0.43509615384615385 0.15625 0.2439903846153846
6 0.4639423076923077 0.19591346153846154 0.109375 0.2620192307692308
6 0.2848557692307692 0.16466346153846154 0.0889423076923077 0.24158653846153846
6 0.14903846153846154 0.5600961538461539 0.16826923076923078 0.21875
6 0.3161057692307692 0.859375 0.18389423076923078 0.16346153846153846
6 0.8641826923076923 0.24879807692307693 0.13822115384615385 0.18870192307692307
6 0.6009615384615384 0.203125 0.125 0.23557692307692307
6 0.4639423076923077 0.359375 0.109375 0.14302884615384615
6 0.5204326923076923 0.5 0.08533653846153846 0.19591346153846154
6 0.4579326923076923 0.7391826923076923 0.07932692307692307 0.15625
6 0.296875 0.734375 0.08774038461538461 0.1466346153846154
6 0.3293269230769231 0.4579326923076923 0.10216346153846154 0.18389423076923078
6 0.21394230769230768 0.32211538461538464 0.08774038461538461 0.2247596153846154
6 0.06129807692307692 0.10697115384615384 0.09254807692307693 0.20072115384615385
6 0.039663461538461536 0.5853365384615384 0.07451923076923077 0.2091346153846154
6 0.016826923076923076 0.7007211538461539 0.028846153846153848 0.1466346153846154
6 0.054086538461538464 0.8016826923076923 0.10216346153846154 0.23197115384615385
6 0.15865384615384615 0.84375 0.13581730769230768 0.21033653846153846
6 0.8377403846153846 0.7127403846153846 0.1502403846153846 0.16346153846153846
6 0.7788461538461539 0.8641826923076923 0.05889423076923077 0.19591346153846154
6 0.6983173076923077 0.8810096153846154 0.12860576923076922 0.1935096153846154
6 0.9471153846153846 0.47475961538461536 0.10096153846153846 0.17548076923076922
6 0.7512019230769231 0.08774038461538461 0.1201923076923077 0.12860576923076922
6 0.7824519230769231 0.19951923076923078 0.1935096153846154 0.1502403846153846
6 0.6201923076923077 0.06129807692307692 0.0733173076923077 0.12259615384615384
6 0.8978365384615384 0.06850961538461539 0.10216346153846154 0.13581730769230768
6 0.3581730769230769 0.17908653846153846 0.06850961538461539 0.18870192307692307