8 0.7956730769230769 0.5540865384615384 0.11778846153846154 0.07091346153846154
8 0.4206730769230769 0.38341346153846156 0.09735576923076923 0.11298076923076923
8 0.19230769230769232 0.8545673076923077 0.09375 0.125
8 0.4206730769230769 0.8485576923076923 0.06971153846153846 0.0889423076923077
8 0.33533653846153844 0.5769230769230769 0.10817307692307693 0.14302884615384615
8 0.5 0.5420673076923077 0.06971153846153846 0.10697115384615384
8 0.16706730769230768 0.3485576923076923 0.09735576923076923 0.125
8 0.33653846153846156 0.23197115384615385 0.11778846153846154 0.10697115384615384
8 0.22596153846153846 0.1045673076923077 0.0829326923076923 0.10096153846153846
8 0.7487980769230769 0.9170673076923077 0.12139423076923077 0.10697115384615384
8 0.8605769230769231 0.6995192307692307 0.09735576923076923 0.0889423076923077
8 0.6334134615384616 0.6610576923076923 0.07932692307692307 0.10697115384615384
8 0.7259615384615384 0.6550480769230769 0.07692307692307693 0.09495192307692307
8 0.640625 0.48197115384615385 0.10096153846153846 0.14302884615384615
8 0.07451923076923077 0.7644230769230769 0.07932692307692307 0.0889423076923077
8 0.15625 0.6045673076923077 0.07692307692307693 0.10096153846153846
8 0.23317307692307693 0.7764423076923077 0.11778846153846154 0.14903846153846154