6 0.47836538461538464 0.2127403846153846 0.20552884615384615 0.1778846153846154
6 0.8677884615384616 0.14182692307692307 0.25961538461538464 0.28365384615384615
6 0.8209134615384616 0.37740384615384615 0.18990384615384615 0.16706730769230768
6 0.9158653846153846 0.5793269230769231 0.16346153846153846 0.2644230769230769
6 0.5841346153846154 0.056490384615384616 0.18870192307692307 0.11298076923076923
6 0.23918269230769232 0.4098557692307692 0.2127403846153846 0.23076923076923078
6 0.40625 0.7367788461538461 0.20072115384615385 0.2548076923076923
6 0.5829326923076923 0.8305288461538461 0.17067307692307693 0.1658653846153846
6 0.15985576923076922 0.765625 0.2127403846153846 0.2247596153846154
6 0.5853365384615384 0.4338942307692308 0.2127403846153846 0.1658653846153846
6 0.7271634615384616 0.5108173076923077 0.27283653846153844 0.23557692307692307
6 0.6502403846153846 0.234375 0.2548076923076923 0.28365384615384615
6 0.24759615384615385 0.10697115384615384 0.27163461538461536 0.19230769230769232