8 0.36538461538461536 0.4675480769230769 0.10817307692307693 0.12259615384615384
8 0.6730769230769231 0.453125 0.09254807692307693 0.12740384615384615
8 0.59375 0.8930288461538461 0.11899038461538461 0.203125
8 0.7379807692307693 0.8834134615384616 0.09254807692307693 0.22115384615384615
8 0.33653846153846156 0.8870192307692307 0.1658653846153846 0.21514423076923078
8 0.23677884615384615 0.6887019230769231 0.18870192307692307 0.203125
8 0.37259615384615385 0.7067307692307693 0.09254807692307693 0.12259615384615384
8 0.5793269230769231 0.6742788461538461 0.10336538461538461 0.15144230769230768
8 0.4170673076923077 0.3605769230769231 0.10336538461538461 0.1045673076923077
8 0.6346153846153846 0.35216346153846156 0.17668269230769232 0.11057692307692307
8 0.8052884615384616 0.6430288461538461 0.11177884615384616 0.18028846153846154
8 0.9495192307692307 0.6947115384615384 0.09254807692307693 0.13341346153846154
8 0.9074519230769231 0.9675480769230769 0.1310096153846154 0.052884615384615384
8 0.17067307692307693 0.8978365384615384 0.17307692307692307 0.19230769230769232