6 0.4254807692307692 0.41346153846153844 0.18990384615384615 0.21033653846153846
6 0.21153846153846154 0.5480769230769231 0.1935096153846154 0.3701923076923077
6 0.24759615384615385 0.7235576923076923 0.17307692307692307 0.26802884615384615
6 0.06490384615384616 0.5300480769230769 0.12620192307692307 0.3293269230769231
6 0.5961538461538461 0.5901442307692307 0.12860576923076922 0.27524038461538464
6 0.6153846153846154 0.8389423076923077 0.2127403846153846 0.23557692307692307
6 0.49278846153846156 0.20552884615384615 0.11177884615384616 0.12139423076923077
6 0.29927884615384615 0.19230769230769232 0.20072115384615385 0.1622596153846154
6 0.25 0.2764423076923077 0.125 0.1346153846153846
6 0.7764423076923077 0.41225961538461536 0.11057692307692307 0.19471153846153846
6 0.8497596153846154 0.5961538461538461 0.15144230769230768 0.17067307692307693