8 0.5324519230769231 0.3293269230769231 0.08173076923076923 0.11778846153846154
8 0.40865384615384615 0.33052884615384615 0.07692307692307693 0.09975961538461539
8 0.3786057692307692 0.13341346153846154 0.07932692307692307 0.11778846153846154
8 0.3173076923076923 0.3076923076923077 0.06850961538461539 0.12860576923076922
8 0.6189903846153846 0.5456730769230769 0.0625 0.10216346153846154
8 0.6802884615384616 0.5456730769230769 0.06850961538461539 0.10576923076923077
8 0.9146634615384616 0.33413461538461536 0.09495192307692307 0.11177884615384616
8 0.8197115384615384 0.06850961538461539 0.06370192307692307 0.13341346153846154
8 0.5252403846153846 0.8461538461538461 0.09495192307692307 0.09615384615384616
8 0.36177884615384615 0.7608173076923077 0.10216346153846154 0.09014423076923077
8 0.06009615384615385 0.8918269230769231 0.10216346153846154 0.21514423076923078
8 0.1502403846153846 0.7019230769230769 0.1045673076923077 0.09375
8 0.35697115384615385 0.9699519230769231 0.06971153846153846 0.05889423076923077
8 0.4807692307692308 0.5757211538461539 0.0733173076923077 0.08173076923076923
8 0.4855769230769231 0.4579326923076923 0.06129807692307692 0.09615384615384616
8 0.5528846153846154 0.49158653846153844 0.06850961538461539 0.07932692307692307
8 0.6153846153846154 0.3954326923076923 0.12740384615384615 0.11538461538461539
8 0.6754807692307693 0.14903846153846154 0.07932692307692307 0.06850961538461539
8 0.4831730769230769 0.09615384615384616 0.08052884615384616 0.09014423076923077
8 0.3449519230769231 0.0625 0.08533653846153846 0.09975961538461539
8 0.2247596153846154 0.07211538461538461 0.09134615384615384 0.10336538461538461
8 0.14423076923076922 0.36778846153846156 0.07932692307692307 0.11538461538461539
8 0.19110576923076922 0.4254807692307692 0.08413461538461539 0.10216346153846154
8 0.06971153846153846 0.4879807692307692 0.04927884615384615 0.07211538461538461
8 0.03245192307692308 0.359375 0.06370192307692307 0.10576923076923077
8 0.34134615384615385 0.6081730769230769 0.0985576923076923 0.06610576923076923
8 0.5492788461538461 0.6995192307692307 0.10336538461538461 0.09975961538461539
8 0.31009615384615385 0.4411057692307692 0.06850961538461539 0.10576923076923077
8 0.21394230769230768 0.21514423076923078 0.057692307692307696 0.09254807692307693
8 0.47115384615384615 0.2247596153846154 0.08653846153846154 0.08052884615384616
8 0.7079326923076923 0.27403846153846156 0.0625 0.06850961538461539
8 0.8725961538461539 0.6165865384615384 0.11177884615384616 0.11177884615384616
8 0.9098557692307693 0.7896634615384616 0.09014423076923077 0.0985576923076923
8 0.7223557692307693 0.8064903846153846 0.0673076923076923 0.09975961538461539
8 0.6658653846153846 0.8822115384615384 0.09495192307692307 0.078125
8 0.5144230769230769 0.9230769230769231 0.08173076923076923 0.0625
8 0.34615384615384615 0.8653846153846154 0.109375 0.08774038461538461
8 0.44711538461538464 0.7836538461538461 0.07692307692307693 0.08052884615384616
8 0.3894230769230769 0.6658653846153846 0.05889423076923077 0.06850961538461539
8 0.4050480769230769 0.5228365384615384 0.05048076923076923 0.12740384615384615
8 0.5564903846153846 0.22115384615384615 0.08533653846153846 0.09615384615384616
8 0.7764423076923077 0.21754807692307693 0.0625 0.08774038461538461
8 0.8197115384615384 0.4362980769230769 0.054086538461538464 0.09615384615384616
8 0.8064903846153846 0.5300480769230769 0.06370192307692307 0.06490384615384616
8 0.9170673076923077 0.43509615384615385 0.08052884615384616 0.05889423076923077
8 0.8004807692307693 0.8846153846153846 0.09615384615384616 0.08774038461538461
8 0.8209134615384616 0.7223557692307693 0.06490384615384616 0.06129807692307692
8 0.7475961538461539 0.6129807692307693 0.0733173076923077 0.06850961538461539
8 0.6310096153846154 0.6706730769230769 0.08052884615384616 0.09014423076923077
8 0.6141826923076923 0.7824519230769231 0.06610576923076923 0.08653846153846154
8 0.28125 0.7800480769230769 0.07572115384615384 0.09375
8 0.23677884615384615 0.9350961538461539 0.06850961538461539 0.09014423076923077
8 0.16346153846153846 0.9230769230769231 0.09495192307692307 0.109375
8 0.038461538461538464 0.6538461538461539 0.055288461538461536 0.07932692307692307
8 0.22716346153846154 0.5180288461538461 0.054086538461538464 0.078125