8 0.6358173076923077 0.4963942307692308 0.17548076923076922 0.2536057692307692
8 0.9278846153846154 0.16706730769230768 0.13942307692307693 0.2620192307692308
8 0.8100961538461539 0.18870192307692307 0.11057692307692307 0.14182692307692307
8 0.22235576923076922 0.34615384615384615 0.06610576923076923 0.13581730769230768
8 0.051682692307692304 0.3641826923076923 0.09615384615384616 0.1971153846153846
8 0.21754807692307693 0.7992788461538461 0.1310096153846154 0.16706730769230768
8 0.09254807692307693 0.7776442307692307 0.1658653846153846 0.12379807692307693
8 0.5168269230769231 0.8088942307692307 0.11057692307692307 0.13581730769230768
8 0.7908653846153846 0.7776442307692307 0.17548076923076922 0.27163461538461536
8 0.8052884615384616 0.5865384615384616 0.1346153846153846 0.18509615384615385
8 0.8918269230769231 0.49399038461538464 0.09254807692307693 0.17307692307692307
8 0.6466346153846154 0.3112980769230769 0.09975961538461539 0.17908653846153846
8 0.53125 0.20673076923076922 0.13822115384615385 0.09254807692307693
8 0.3894230769230769 0.3485576923076923 0.14423076923076922 0.16706730769230768
8 0.40865384615384615 0.08052884615384616 0.1141826923076923 0.13581730769230768
8 0.5925480769230769 0.0829326923076923 0.24879807692307693 0.14182692307692307
8 0.1141826923076923 0.08052884615384616 0.10336538461538461 0.12379807692307693
8 0.22596153846153846 0.5120192307692307 0.12740384615384615 0.13581730769230768
8 0.45552884615384615 0.5036057692307693 0.10336538461538461 0.11778846153846154
8 0.3293269230769231 0.5673076923076923 0.07932692307692307 0.0985576923076923
8 0.328125 0.7752403846153846 0.11778846153846154 0.15384615384615385
8 0.36778846153846156 0.9567307692307693 0.14182692307692307 0.07451923076923077
8 0.09014423076923077 0.9747596153846154 0.11057692307692307 0.037259615384615384
8 0.9471153846153846 0.9350961538461539 0.10096153846153846 0.1201923076923077
8 0.8209134615384616 0.9747596153846154 0.1310096153846154 0.037259615384615384
8 0.9242788461538461 0.6538461538461539 0.0829326923076923 0.14783653846153846