7 0.8990384615384616 0.296875 0.17908653846153846 0.35697115384615385
7 0.7331730769230769 0.30528846153846156 0.15264423076923078 0.359375
7 0.5757211538461539 0.3016826923076923 0.16466346153846154 0.35096153846153844
7 0.4206730769230769 0.30649038461538464 0.1814903846153846 0.3762019230769231
7 0.2620192307692308 0.29927884615384615 0.17067307692307693 0.38100961538461536
7 0.10216346153846154 0.29927884615384615 0.17427884615384615 0.36658653846153844
7 0.9014423076923077 0.6526442307692307 0.16826923076923078 0.3786057692307692
7 0.7391826923076923 0.6466346153846154 0.17908653846153846 0.3762019230769231
7 0.5745192307692307 0.6466346153846154 0.1814903846153846 0.38100961538461536
7 0.41586538461538464 0.6478365384615384 0.1658653846153846 0.36899038461538464
7 0.25721153846153844 0.6466346153846154 0.15985576923076922 0.38100961538461536
7 0.10576923076923077 0.6526442307692307 0.17067307692307693 0.3641826923076923