7 0.9002403846153846 0.7716346153846154 0.19471153846153846 0.4519230769230769
7 0.1658653846153846 0.1045673076923077 0.2800480769230769 0.20793269230769232
7 0.5264423076923077 0.08413461538461539 0.30528846153846156 0.16706730769230768
7 0.8533653846153846 0.09014423076923077 0.28725961538461536 0.18028846153846154
7 0.16105769230769232 0.3088942307692308 0.21995192307692307 0.13341346153846154
7 0.5444711538461539 0.2824519230769231 0.2283653846153846 0.15865384615384615
7 0.828125 0.28365384615384615 0.2512019230769231 0.13942307692307693
7 0.11778846153846154 0.5480769230769231 0.18509615384615385 0.2283653846153846
7 0.3762019230769231 0.49278846153846156 0.15625 0.10096153846153846
7 0.6370192307692307 0.4951923076923077 0.1971153846153846 0.10216346153846154
7 0.8990384615384616 0.4699519230769231 0.1814903846153846 0.08653846153846154