8 0.7163461538461539 0.2127403846153846 0.1658653846153846 0.23677884615384615
8 0.45072115384615385 0.3485576923076923 0.19471153846153846 0.2091346153846154
8 0.6466346153846154 0.4963942307692308 0.11658653846153846 0.14182692307692307
8 0.5552884615384616 0.6550480769230769 0.10336538461538461 0.203125
8 0.12620192307692307 0.6586538461538461 0.11057692307692307 0.18269230769230768
8 0.20072115384615385 0.8786057692307693 0.08413461538461539 0.18870192307692307
8 0.9302884615384616 0.3173076923076923 0.08173076923076923 0.14903846153846154
8 0.9711538461538461 0.0625 0.052884615384615384 0.11057692307692307
8 0.8052884615384616 0.10096153846153846 0.12379807692307693 0.18870192307692307
8 0.41586538461538464 0.078125 0.05889423076923077 0.15504807692307693
8 0.2668269230769231 0.13822115384615385 0.06490384615384616 0.2091346153846154
8 0.2932692307692308 0.4050480769230769 0.07451923076923077 0.1346153846153846
8 0.17427884615384615 0.3545673076923077 0.10096153846153846 0.12860576923076922