7 0.18870192307692307 0.34375 0.15504807692307693 0.21754807692307693
7 0.4483173076923077 0.34375 0.18629807692307693 0.22716346153846154
7 0.39302884615384615 0.14182692307692307 0.16826923076923078 0.2644230769230769
7 0.5961538461538461 0.3329326923076923 0.15264423076923078 0.25
7 0.7331730769230769 0.34375 0.15504807692307693 0.22716346153846154
7 0.6658653846153846 0.5492788461538461 0.15985576923076922 0.23798076923076922
7 0.7980769230769231 0.5564903846153846 0.15625 0.23798076923076922
7 0.5997596153846154 0.7512019230769231 0.1466346153846154 0.21995192307692307
7 0.46274038461538464 0.7463942307692307 0.14423076923076922 0.23557692307692307
7 0.53125 0.5432692307692307 0.16105769230769232 0.23076923076923078
7 0.39302884615384615 0.5408653846153846 0.13822115384615385 0.24519230769230768
7 0.32572115384615385 0.75 0.15144230769230768 0.23798076923076922
7 0.18629807692307693 0.75 0.14302884615384615 0.23798076923076922
7 0.12139423076923077 0.5649038461538461 0.17307692307692307 0.28725961538461536
7 0.12139423076923077 0.140625 0.16826923076923078 0.23317307692307693
7 0.06490384615384616 0.33653846153846156 0.12980769230769232 0.25721153846153844
7 0.6670673076923077 0.1346153846153846 0.15264423076923078 0.21995192307692307
7 0.8028846153846154 0.13701923076923078 0.16826923076923078 0.2247596153846154
7 0.8665865384615384 0.33774038461538464 0.17067307692307693 0.2692307692307692
7 0.7355769230769231 0.7620192307692307 0.1466346153846154 0.21754807692307693
7 0.8725961538461539 0.7572115384615384 0.1502403846153846 0.22716346153846154