7 0.09735576923076923 0.2932692307692308 0.18028846153846154 0.3581730769230769
7 0.2644230769230769 0.3016826923076923 0.15384615384615385 0.3605769230769231
7 0.421875 0.2980769230769231 0.1658653846153846 0.35336538461538464
7 0.578125 0.30288461538461536 0.18269230769230768 0.3786057692307692
7 0.7379807692307693 0.2956730769230769 0.171875 0.38341346153846156
7 0.8990384615384616 0.2956730769230769 0.17548076923076922 0.36778846153846156
7 0.09495192307692307 0.6502403846153846 0.16947115384615385 0.38100961538461536
7 0.25721153846153844 0.6442307692307693 0.18028846153846154 0.3786057692307692
7 0.42427884615384615 0.6442307692307693 0.18269230769230768 0.38341346153846156
7 0.5841346153846154 0.6454326923076923 0.16706730769230768 0.3701923076923077
7 0.7427884615384616 0.6442307692307693 0.16105769230769232 0.38341346153846156
7 0.8954326923076923 0.6502403846153846 0.171875 0.36538461538461536