6 0.24639423076923078 0.3004807692307692 0.18870192307692307 0.26322115384615385
6 0.28365384615384615 0.5336538461538461 0.1875 0.2692307692307692
6 0.4170673076923077 0.46153846153846156 0.12740384615384615 0.29086538461538464
6 0.5072115384615384 0.65625 0.12740384615384615 0.28365384615384615
6 0.6802884615384616 0.6514423076923077 0.1935096153846154 0.3112980769230769
6 0.078125 0.7319711538461539 0.15504807692307693 0.3317307692307692
6 0.1658653846153846 0.8112980769230769 0.17908653846153846 0.2860576923076923
6 0.4338942307692308 0.8016826923076923 0.20552884615384615 0.31850961538461536
6 0.5564903846153846 0.859375 0.12379807692307693 0.18870192307692307
6 0.6826923076923077 0.9170673076923077 0.17668269230769232 0.16105769230769232
6 0.7632211538461539 0.2860576923076923 0.21033653846153846 0.30408653846153844
6 0.9242788461538461 0.2956730769230769 0.1466346153846154 0.24879807692307693
6 0.5805288461538461 0.14903846153846154 0.19110576923076922 0.21634615384615385
6 0.36658653846153844 0.21153846153846154 0.1935096153846154 0.2608173076923077
6 0.11057692307692307 0.2091346153846154 0.13701923076923078 0.21153846153846154
6 0.28125 0.08052884615384616 0.16346153846153846 0.16105769230769232
6 0.8581730769230769 0.11538461538461539 0.171875 0.23076923076923078
6 0.8557692307692307 0.5769230769230769 0.16706730769230768 0.21394230769230768
6 0.8810096153846154 0.7584134615384616 0.18028846153846154 0.20552884615384615
6 0.8221153846153846 0.8858173076923077 0.12860576923076922 0.22355769230769232
6 0.9230769230769231 0.9206730769230769 0.1466346153846154 0.15384615384615385