8 0.12980769230769232 0.15865384615384615 0.25961538461538464 0.3161057692307692
8 0.39663461538461536 0.17548076923076922 0.2403846153846154 0.34975961538461536
8 0.6538461538461539 0.16466346153846154 0.23557692307692307 0.3293269230769231
8 0.8882211538461539 0.1502403846153846 0.2127403846153846 0.3004807692307692
8 0.11658653846153846 0.49759615384615385 0.22355769230769232 0.32091346153846156
8 0.3870192307692308 0.5108173076923077 0.22596153846153846 0.2956730769230769
8 0.6310096153846154 0.5204326923076923 0.22355769230769232 0.36658653846153844
8 0.8798076923076923 0.5108173076923077 0.23557692307692307 0.3125
8 0.8822115384615384 0.8545673076923077 0.21514423076923078 0.28365384615384615
8 0.6177884615384616 0.8497596153846154 0.24519230769230768 0.2920673076923077
8 0.3125 0.8545673076923077 0.24759615384615385 0.28365384615384615
8 0.07091346153846154 0.8317307692307693 0.14182692307692307 0.3293269230769231