6 0.2704326923076923 0.703125 0.21634615384615385 0.5168269230769231
6 0.8629807692307693 0.3317307692307692 0.2692307692307692 0.2932692307692308
6 0.5757211538461539 0.32091346153846156 0.26322115384615385 0.25721153846153844
6 0.33052884615384615 0.19230769230769232 0.19110576923076922 0.27163461538461536
6 0.11057692307692307 0.15865384615384615 0.21634615384615385 0.18629807692307693
6 0.08413461538461539 0.5793269230769231 0.16466346153846154 0.3389423076923077
6 0.10576923076923077 0.84375 0.20793269230769232 0.3076923076923077
6 0.6622596153846154 0.8317307692307693 0.265625 0.2403846153846154
6 0.7824519230769231 0.7019230769230769 0.234375 0.26322115384615385
6 0.8810096153846154 0.5709134615384616 0.23677884615384615 0.15504807692307693
6 0.6983173076923077 0.5420673076923077 0.12740384615384615 0.203125
6 0.5877403846153846 0.5288461538461539 0.1502403846153846 0.11538461538461539
6 0.453125 0.5913461538461539 0.1814903846153846 0.1502403846153846
6 0.40384615384615385 0.8641826923076923 0.21634615384615385 0.265625