8 0.3088942307692308 0.3581730769230769 0.125 0.19110576923076922
8 0.6694711538461539 0.37259615384615385 0.14182692307692307 0.28365384615384615
8 0.9615384615384616 0.15504807692307693 0.07451923076923077 0.2932692307692308
8 0.9459134615384616 0.4483173076923077 0.10576923076923077 0.3870192307692308
8 0.8461538461538461 0.7548076923076923 0.12259615384615384 0.23076923076923078
8 0.8173076923076923 0.4807692307692308 0.11177884615384616 0.20673076923076922
8 0.8701923076923077 0.16706730769230768 0.125 0.14182692307692307
8 0.7439903846153846 0.23317307692307693 0.109375 0.17548076923076922
8 0.7199519230769231 0.12139423076923077 0.14543269230769232 0.1814903846153846
8 0.8076923076923077 0.04447115384615385 0.1346153846153846 0.0889423076923077
8 0.5132211538461539 0.11298076923076923 0.10697115384615384 0.17668269230769232
8 0.5012019230769231 0.6766826923076923 0.09014423076923077 0.2620192307692308
8 0.6201923076923077 0.7283653846153846 0.10576923076923077 0.23918269230769232
8 0.34615384615384615 0.5949519230769231 0.12620192307692307 0.2439903846153846
8 0.20432692307692307 0.6742788461538461 0.1045673076923077 0.15264423076923078
8 0.10817307692307693 0.390625 0.125 0.23557692307692307
8 0.2536057692307692 0.04927884615384615 0.16346153846153846 0.09735576923076923
8 0.23557692307692307 0.15504807692307693 0.15985576923076922 0.18509615384615385