8 0.31009615384615385 0.11057692307692307 0.10697115384615384 0.22115384615384615
8 0.6262019230769231 0.28365384615384615 0.11177884615384616 0.19110576923076922
8 0.7415865384615384 0.2668269230769231 0.07211538461538461 0.10817307692307693
8 0.9519230769230769 0.09375 0.09134615384615384 0.17067307692307693
8 0.28725961538461536 0.40865384615384615 0.078125 0.1502403846153846
8 0.0985576923076923 0.3269230769230769 0.05889423076923077 0.11298076923076923
8 0.057692307692307696 0.9026442307692307 0.11538461538461539 0.17067307692307693
8 0.27884615384615385 0.7331730769230769 0.0985576923076923 0.16706730769230768
8 0.30288461538461536 0.5745192307692307 0.078125 0.15865384615384615
8 0.45072115384615385 0.4807692307692308 0.06129807692307692 0.09615384615384616
8 0.46153846153846156 0.6983173076923077 0.06129807692307692 0.09615384615384616
8 0.4387019230769231 0.8088942307692307 0.052884615384615384 0.17548076923076922
8 0.4831730769230769 0.9254807692307693 0.09375 0.13341346153846154
8 0.5817307692307693 0.7980769230769231 0.078125 0.14543269230769232
8 0.6298076923076923 0.6670673076923077 0.0673076923076923 0.09975961538461539
8 0.7055288461538461 0.6586538461538461 0.052884615384615384 0.11658653846153846
8 0.8137019230769231 0.5192307692307693 0.0829326923076923 0.11298076923076923
8 0.9038461538461539 0.5564903846153846 0.06971153846153846 0.14543269230769232
8 0.9471153846153846 0.43990384615384615 0.09134615384615384 0.11298076923076923
8 0.4831730769230769 0.3269230769230769 0.05048076923076923 0.11298076923076923