8 0.6754807692307693 0.5528846153846154 0.12139423076923077 0.21033653846153846
8 0.4326923076923077 0.44350961538461536 0.09014423076923077 0.20072115384615385
8 0.18629807692307693 0.2644230769230769 0.07451923076923077 0.19831730769230768
8 0.3269230769230769 0.10216346153846154 0.09975961538461539 0.18870192307692307
8 0.4795673076923077 0.15504807692307693 0.09495192307692307 0.12860576923076922
8 0.5348557692307693 0.2439903846153846 0.12379807692307693 0.14302884615384615
8 0.7524038461538461 0.12740384615384615 0.10817307692307693 0.14783653846153846
8 0.8798076923076923 0.06490384615384616 0.09615384615384616 0.10096153846153846
8 0.8858173076923077 0.3233173076923077 0.06370192307692307 0.15625
8 0.7944711538461539 0.6237980769230769 0.0673076923076923 0.13701923076923078
8 0.8329326923076923 0.9110576923076923 0.0889423076923077 0.17548076923076922
8 0.11778846153846154 0.46033653846153844 0.08533653846153846 0.13822115384615385
8 0.19230769230769232 0.5276442307692307 0.12620192307692307 0.18509615384615385
8 0.30288461538461536 0.6983173076923077 0.08413461538461539 0.21634615384615385
8 0.1502403846153846 0.9447115384615384 0.08052884615384616 0.10817307692307693
8 0.06370192307692307 0.8701923076923077 0.12620192307692307 0.13221153846153846
8 0.11057692307692307 0.7872596153846154 0.10096153846153846 0.15865384615384615
8 0.026442307692307692 0.4014423076923077 0.051682692307692304 0.12379807692307693
8 0.08052884615384616 0.3629807692307692 0.09975961538461539 0.14903846153846154
8 0.17548076923076922 0.09495192307692307 0.11778846153846154 0.1778846153846154
8 0.6899038461538461 0.25841346153846156 0.10216346153846154 0.16105769230769232
8 0.5444711538461539 0.6394230769230769 0.09254807692307693 0.17427884615384615
8 0.5492788461538461 0.8473557692307693 0.06610576923076923 0.14783653846153846
8 0.7211538461538461 0.9014423076923077 0.10817307692307693 0.13341346153846154
8 0.9435096153846154 0.5721153846153846 0.11177884615384616 0.16706730769230768
8 0.7692307692307693 0.49278846153846156 0.07932692307692307 0.1141826923076923
8 0.7079326923076923 0.421875 0.10096153846153846 0.14543269230769232
8 0.5661057692307693 0.48197115384615385 0.0889423076923077 0.12860576923076922
8 0.3858173076923077 0.24759615384615385 0.12259615384615384 0.13221153846153846
8 0.34615384615384615 0.4098557692307692 0.05889423076923077 0.0985576923076923
8 0.3245192307692308 0.47716346153846156 0.11177884615384616 0.15504807692307693
8 0.31490384615384615 0.9651442307692307 0.12980769230769232 0.06850961538461539
8 0.41466346153846156 0.9399038461538461 0.0733173076923077 0.11658653846153846
8 0.46153846153846156 0.8762019230769231 0.05889423076923077 0.12740384615384615
8 0.7692307692307693 0.265625 0.1201923076923077 0.14543269230769232
8 0.9771634615384616 0.20793269230769232 0.040865384615384616 0.11778846153846154