7 0.6430288461538461 0.3004807692307692 0.2692307692307692 0.22596153846153846
7 0.38461538461538464 0.5204326923076923 0.23798076923076922 0.21394230769230768
7 0.5925480769230769 0.5384615384615384 0.18269230769230768 0.18269230769230768
7 0.8557692307692307 0.5336538461538461 0.2848557692307692 0.17668269230769232
7 0.9266826923076923 0.8701923076923077 0.14182692307692307 0.2548076923076923
7 0.08173076923076923 0.8810096153846154 0.16346153846153846 0.23197115384615385
7 0.2608173076923077 0.9447115384615384 0.15144230769230768 0.1045673076923077
7 0.49278846153846156 0.9543269230769231 0.21153846153846154 0.08653846153846154
7 0.7151442307692307 0.9242788461538461 0.13942307692307693 0.14543269230769232
7 0.08653846153846154 0.5817307692307693 0.171875 0.21153846153846154
7 0.28966346153846156 0.7572115384615384 0.16706730769230768 0.16706730769230768
7 0.49759615384615385 0.7608173076923077 0.16826923076923078 0.15144230769230768
7 0.7235576923076923 0.7439903846153846 0.15745192307692307 0.11778846153846154