5 0.48197115384615385 0.7884615384615384 0.13701923076923078 0.13701923076923078
5 0.16706730769230768 0.765625 0.16105769230769232 0.12860576923076922
5 0.3762019230769231 0.9519230769230769 0.36658653846153844 0.08774038461538461
5 0.8353365384615384 0.9266826923076923 0.22956730769230768 0.13701923076923078
5 0.9543269230769231 0.8461538461538461 0.0829326923076923 0.14182692307692307
5 0.5372596153846154 0.2692307692307692 0.23317307692307693 0.5384615384615384
5 0.8461538461538461 0.27283653846153844 0.2980769230769231 0.5456730769230769
5 0.36658653846153844 0.34375 0.09134615384615384 0.3942307692307692
5 0.828125 0.6995192307692307 0.17908653846153846 0.078125
5 0.6670673076923077 0.7980769230769231 0.14182692307692307 0.0733173076923077
5 0.09615384615384616 0.8641826923076923 0.09134615384615384 0.06850961538461539
5 0.3004807692307692 0.7175480769230769 0.1141826923076923 0.08774038461538461
5 0.03245192307692308 0.7956730769230769 0.06370192307692307 0.15144230769230768