6 0.5444711538461539 0.6045673076923077 0.32572115384615385 0.44471153846153844
6 0.20673076923076922 0.75 0.24278846153846154 0.3605769230769231
6 0.22355769230769232 0.39783653846153844 0.2776442307692308 0.38822115384615385
6 0.6418269230769231 0.17307692307692307 0.421875 0.34375
6 0.7247596153846154 0.4014423076923077 0.35216346153846156 0.34375
6 0.9350961538461539 0.3004807692307692 0.12860576923076922 0.28365384615384615
6 0.9134615384615384 0.7824519230769231 0.16826923076923078 0.43028846153846156
6 0.7403846153846154 0.9387019230769231 0.16346153846153846 0.11658653846153846
6 0.6382211538461539 0.7980769230769231 0.17908653846153846 0.34375
6 0.1141826923076923 0.9074519230769231 0.2247596153846154 0.17908653846153846
6 0.027644230769230768 0.49278846153846156 0.051682692307692304 0.22355769230769232
6 0.026442307692307692 0.7163461538461539 0.046875 0.11177884615384616