8 0.6947115384615384 0.24639423076923078 0.16105769230769232 0.23076923076923078
8 0.4362980769230769 0.3786057692307692 0.18990384615384615 0.20432692307692307
8 0.6262019230769231 0.5228365384615384 0.1141826923076923 0.13822115384615385
8 0.5384615384615384 0.6778846153846154 0.10096153846153846 0.1971153846153846
8 0.1201923076923077 0.6814903846153846 0.10817307692307693 0.1778846153846154
8 0.1935096153846154 0.8942307692307693 0.08173076923076923 0.18389423076923078
8 0.9038461538461539 0.3485576923076923 0.07932692307692307 0.14423076923076922
8 0.9579326923076923 0.09975961538461539 0.07932692307692307 0.10817307692307693
8 0.78125 0.13822115384615385 0.1201923076923077 0.18389423076923078
8 0.40384615384615385 0.10216346153846154 0.054086538461538464 0.16466346153846154
8 0.25600961538461536 0.17427884615384615 0.06370192307692307 0.20432692307692307
8 0.28365384615384615 0.4338942307692308 0.0733173076923077 0.1310096153846154
8 0.1658653846153846 0.38461538461538464 0.0985576923076923 0.125