8 0.35216346153846156 0.46274038461538464 0.11298076923076923 0.09735576923076923
8 0.27524038461538464 0.5204326923076923 0.12379807692307693 0.12980769230769232
8 0.5769230769230769 0.7055288461538461 0.13581730769230768 0.1971153846153846
8 0.6622596153846154 0.4723557692307692 0.11899038461538461 0.14903846153846154
8 0.6274038461538461 0.38100961538461536 0.15625 0.125
8 0.5036057692307693 0.47115384615384615 0.11177884615384616 0.13221153846153846
8 0.31971153846153844 0.8810096153846154 0.13822115384615385 0.21875
8 0.5576923076923077 0.8918269230769231 0.140625 0.16947115384615385
8 0.7067307692307693 0.8942307692307693 0.08533653846153846 0.20192307692307693
8 0.9206730769230769 0.7319711538461539 0.1310096153846154 0.19951923076923078
8 0.7884615384615384 0.7908653846153846 0.08774038461538461 0.14903846153846154
8 0.7668269230769231 0.671875 0.09495192307692307 0.16706730769230768
8 0.7884615384615384 0.4579326923076923 0.06971153846153846 0.12139423076923077
8 0.23317307692307693 0.6862980769230769 0.18269230769230768 0.1622596153846154
8 0.14903846153846154 0.8918269230769231 0.21514423076923078 0.20673076923076922
8 0.41225961538461536 0.5829326923076923 0.08774038461538461 0.09975961538461539
8 0.36177884615384615 0.7115384615384616 0.08533653846153846 0.12139423076923077