6 0.11298076923076923 0.8930288461538461 0.12259615384615384 0.09134615384615384
6 0.49759615384615385 0.6646634615384616 0.12379807692307693 0.11177884615384616
6 0.9098557692307693 0.7055288461538461 0.07692307692307693 0.14182692307692307
6 0.8786057692307693 0.8052884615384616 0.0673076923076923 0.09134615384615384
6 0.7259615384615384 0.7788461538461539 0.1346153846153846 0.11177884615384616
6 0.6502403846153846 0.9627403846153846 0.11899038461538461 0.06850961538461539
6 0.5456730769230769 0.9567307692307693 0.10576923076923077 0.08173076923076923
6 0.359375 0.8365384615384616 0.09254807692307693 0.0733173076923077
6 0.1045673076923077 0.4387019230769231 0.08413461538461539 0.0985576923076923
6 0.390625 0.3629807692307692 0.056490384615384616 0.06370192307692307
6 0.8305288461538461 0.23677884615384615 0.0889423076923077 0.09375