0 0.5231481481481481 0.8342592592592593 0.5157407407407407 0.8222222222222222 0.5018518518518519 0.8231481481481482 0.48055555555555557 0.8101851851851852 0.47129629629629627 0.8166666666666667 0.4703703703703703 0.8268518518518518 0.48333333333333334 0.8481481481481481 0.49907407407407406 0.8490740740740741 0.5231481481481481 0.8342592592592593
0 0.5185185185185185 0.8222222222222222 0.5175925925925926 0.8157407407407407 0.512962962962963 0.8120370370370371 0.4861111111111111 0.8055555555555556 0.47870370370370374 0.8074074074074075 0.4777777777777778 0.813888888888889 0.4898148148148148 0.8212962962962963 0.5009259259259259 0.8240740740740741 0.5185185185185185 0.8222222222222222
0 0.8391203703703703 0.6597222222222222 0.020833333333333332 0.011574074074074073
0 0.5416666666666666 0.44675925925925924 0.03356481481481482 0.015046296296296295
0 0.8263888888888888 0.5115740740740741 0.8287037037037037 0.5138888888888888 0.8287037037037037 0.5185185185185185 0.8263888888888888 0.5208333333333334 0.8125 0.5208333333333334 0.8101851851851852 0.5185185185185185 0.8125 0.5138888888888888 0.8240740740740741 0.5115740740740741
0 0.11805555555555555 0.43287037037037035 0.12037037037037036 0.4351851851851852 0.12037037037037036 0.44212962962962965 0.1087962962962963 0.44212962962962965 0.10416666666666667 0.4375 0.10416666666666667 0.4351851851851852 0.1087962962962963 0.43287037037037035 0.11574074074074074 0.43287037037037035
0 0.14351851851851852 0.38657407407407407 0.15046296296296297 0.3912037037037037 0.14814814814814814 0.39351851851851855 0.14814814814814814 0.39814814814814814 0.1412037037037037 0.4050925925925926 0.13425925925925927 0.40046296296296297 0.13425925925925927 0.3912037037037037 0.1412037037037037 0.38657407407407407
0 0.18055555555555555 0.4444444444444444 0.18518518518518517 0.44212962962962965 0.19212962962962962 0.4444444444444444 0.18981481481481483 0.44907407407407407 0.18287037037037038 0.44907407407407407 0.18055555555555555 0.44675925925925924
0 0.20949074074074073 0.41435185185185186 0.011574074074074073 0.008101851851851851
0 0.020833333333333332 0.41435185185185186 0.023148148148148147 0.4166666666666667 0.023148148148148147 0.4236111111111111 0.013888888888888888 0.4236111111111111 0.011574074074074073 0.4212962962962963 0.011574074074074073 0.41898148148148145 0.018518518518518517 0.41435185185185186
0 0.009259259259259259 0.4351851851851852 0.016203703703703703 0.4351851851851852 0.020833333333333332 0.4398148148148148 0.018518518518518517 0.44212962962962965 0.009259259259259259 0.44212962962962965 0.009259259259259259 0.4375
0 0.0625 0.4027777777777778 0.06481481481481481 0.40046296296296297 0.07175925925925926 0.40046296296296297 0.07407407407407407 0.4027777777777778 0.07407407407407407 0.4074074074074074 0.06481481481481481 0.4074074074074074 0.06481481481481481 0.4050925925925926
0 0.03981481481481481 0.39629629629629626 0.03611111111111111 0.3925925925925926 0.026851851851851852 0.39444444444444443 0.025925925925925925 0.4009259259259259 0.028703703703703703 0.40370370370370373 0.03981481481481481 0.40370370370370373 0.03981481481481481 0.39629629629629626
0 0.013888888888888888 0.3958333333333333 0.016203703703703703 0.39814814814814814 0.016203703703703703 0.4050925925925926 0.009259259259259259 0.4097222222222222 0 0.4050925925925926 0 0.39814814814814814 0.011574074074074073 0.39814814814814814
0 0 0.3990740740740741 0.014814814814814815 0.3990740740740741 0.01574074074074074 0.3861111111111111 0.004629629629629629 0.38240740740740736 0 0.3851851851851852 0 0.3990740740740741
0 0.13773148148148148 0.36226851851851855 0.006944444444444444 0.006944444444444444
0 0.22569444444444445 0.43171296296296297 0.008101851851851851 0.006944444444444444
0 0.23425925925925928 0.4287037037037037 0.23703703703703705 0.4351851851851852 0.24537037037037038 0.4361111111111111 0.24444444444444444 0.4305555555555556 0.23425925925925928 0.4287037037037037
0 0.23055555555555554 0.4 0.2361111111111111 0.4083333333333333 0.24629629629629632 0.40925925925925927 0.24444444444444444 0.40370370370370373 0.23055555555555554 0.4
0 0.2569444444444444 0.4166666666666667 0.009259259259259259 0.006944444444444444
0 0.2675925925925926 0.425 0.2759259259259259 0.425 0.2675925925925926 0.41851851851851857 0.2675925925925926 0.425
0 0.09259259259259259 0.39351851851851855 0.10185185185185185 0.39814814814814814 0.09953703703703703 0.40046296296296297 0.10185185185185185 0.4050925925925926 0.09722222222222222 0.4050925925925926 0.09259259259259259 0.40046296296296297 0.09259259259259259 0.3958333333333333
0 0.09953703703703703 0.3888888888888889 0.10648148148148148 0.39351851851851855 0.10648148148148148 0.3958333333333333 0.10416666666666667 0.39814814814814814 0.09953703703703703 0.3958333333333333 0.09722222222222222 0.3912037037037037
0 0.21851851851851853 0.39629629629629626 0.2037037037037037 0.387037037037037 0.20185185185185187 0.39351851851851855 0.20555555555555555 0.3972222222222222 0.22037037037037038 0.4009259259259259 0.21851851851851853 0.39629629629629626
0 0.1787037037037037 0.37962962962962965 0.1675925925925926 0.38240740740740736 0.16944444444444445 0.387037037037037 0.1796296296296296 0.387037037037037 0.1814814814814815 0.3833333333333333 0.1787037037037037 0.37962962962962965
0 0.1111111111111111 0.33564814814814814 0.11805555555555555 0.33564814814814814 0.12037037037037036 0.33796296296296297 0.12037037037037036 0.34953703703703703 0.10648148148148148 0.34953703703703703 0.10648148148148148 0.3425925925925926 0.1111111111111111 0.33796296296296297
0 0.10416666666666667 0.3194444444444444 0.11574074074074074 0.3194444444444444 0.11574074074074074 0.32407407407407407 0.11342592592592593 0.3263888888888889 0.10416666666666667 0.32175925925925924
0 0.08796296296296297 0.32175925925925924 0.09490740740740741 0.3194444444444444 0.10648148148148148 0.32407407407407407 0.09722222222222222 0.3333333333333333 0.09259259259259259 0.3333333333333333 0.08796296296296297 0.3287037037037037 0.08796296296296297 0.32407407407407407
0 0.1412037037037037 0.31712962962962965 0.14583333333333334 0.3194444444444444 0.14583333333333334 0.32407407407407407 0.13657407407407407 0.3287037037037037 0.13425925925925927 0.3263888888888889 0.13425925925925927 0.3194444444444444 0.1388888888888889 0.31712962962962965
0 0.1388888888888889 0.3287037037037037 0.15046296296296297 0.3263888888888889 0.1550925925925926 0.3287037037037037 0.1597222222222222 0.33796296296296297 0.1574074074074074 0.3425925925925926 0.14814814814814814 0.3472222222222222 0.14351851851851852 0.3472222222222222 0.13657407407407407 0.3425925925925926 0.13425925925925927 0.33796296296296297 0.1388888888888889 0.33101851851851855
0 0.041666666666666664 0.3287037037037037 0.046296296296296294 0.3333333333333333 0.04398148148148148 0.3449074074074074 0.032407407407407406 0.3425925925925926 0.032407407407407406 0.33101851851851855 0.03935185185185185 0.3287037037037037
0 0.07175925925925926 0.33101851851851855 0.07407407407407407 0.3333333333333333 0.08564814814814815 0.3333333333333333 0.09027777777777778 0.33796296296296297 0.08564814814814815 0.3449074074074074 0.05787037037037037 0.3449074074074074 0.06018518518518518 0.3425925925925926 0.05787037037037037 0.3402777777777778 0.06018518518518518 0.3333333333333333 0.0625 0.33101851851851855 0.06944444444444445 0.33101851851851855
0 0.020833333333333332 0.33796296296296297 0.02546296296296296 0.3472222222222222 0.018518518518518517 0.35185185185185186 0.011574074074074073 0.3472222222222222 0.013888888888888888 0.3402777777777778 0.018518518518518517 0.33796296296296297
0 0 0.33796296296296297 0.006944444444444444 0.33796296296296297 0.006944444444444444 0.3449074074074074 0.0023148148148148147 0.34953703703703703 0 0.34953703703703703 0 0.3402777777777778
0 0.125 0.3333333333333333 0.13194444444444445 0.3333333333333333 0.13425925925925927 0.33564814814814814 0.13425925925925927 0.3449074074074074 0.12731481481481483 0.34953703703703703 0.125 0.34953703703703703 0.125 0.33564814814814814
0 0.11574074074074074 0.31712962962962965 0.12037037037037036 0.31712962962962965 0.12268518518518519 0.3148148148148148 0.12962962962962962 0.31712962962962965 0.12962962962962962 0.32175925925925924 0.12268518518518519 0.32175925925925924 0.12037037037037036 0.32407407407407407 0.11574074074074074 0.3194444444444444
0 0.07407407407407407 0.3194444444444444 0.08564814814814815 0.32175925925925924 0.08564814814814815 0.3263888888888889 0.08101851851851852 0.3287037037037037 0.07407407407407407 0.3263888888888889 0.07407407407407407 0.32175925925925924
0 0.018518518518518517 0.3333333333333333 0.03009259259259259 0.33101851851851855 0.03009259259259259 0.3425925925925926 0.020833333333333332 0.3425925925925926 0.018518518518518517 0.3402777777777778 0.018518518518518517 0.33564814814814814
0 0.034722222222222224 0.3449074074074074 0.037037037037037035 0.3472222222222222 0.04398148148148148 0.3472222222222222 0.04398148148148148 0.35185185185185186 0.041666666666666664 0.3541666666666667 0.037037037037037035 0.3541666666666667 0.032407407407407406 0.35185185185185186 0.032407407407407406 0.3472222222222222
0 0.05324074074074074 0.33564814814814814 0.05787037037037037 0.33796296296296297 0.05787037037037037 0.3449074074074074 0.05324074074074074 0.34953703703703703 0.05092592592592592 0.3472222222222222 0.046296296296296294 0.3472222222222222 0.046296296296296294 0.3425925925925926 0.05092592592592592 0.33796296296296297
0 0.10092592592592593 0.32685185185185184 0.09259259259259259 0.33425925925925926 0.09166666666666667 0.3388888888888889 0.10185185185185185 0.3425925925925926 0.1111111111111111 0.3305555555555556 0.10092592592592593 0.32685185185185184
0 0.7555555555555555 0.3509259259259259 0.7462962962962962 0.35370370370370374 0.7444444444444445 0.3592592592592592 0.7509259259259259 0.36018518518518516 0.762037037037037 0.35462962962962963 0.7555555555555555 0.3509259259259259
0 0.9537037037037037 0.4074074074074074 0.9537037037037037 0.41435185185185186 0.9513888888888888 0.4166666666666667 0.9490740740740741 0.42824074074074076 0.9328703703703703 0.42824074074074076 0.9259259259259259 0.4212962962962963 0.9351851851851852 0.4074074074074074 0.9513888888888888 0.4074074074074074
0 0.9976851851851852 0.4236111111111111 0.9976851851851852 0.4351851851851852 0.9791666666666666 0.4351851851851852 0.9791666666666666 0.4305555555555556 0.9837962962962963 0.42592592592592593 0.9953703703703703 0.4236111111111111
0 0.6921296296296297 0.5439814814814815 0.6967592592592593 0.5462962962962963 0.6967592592592593 0.5532407407407407 0.6921296296296297 0.5578703703703703 0.6782407407407407 0.5578703703703703 0.6782407407407407 0.5486111111111112 0.6828703703703703 0.5439814814814815 0.6898148148148148 0.5439814814814815
0 0.7233796296296297 0.4618055555555556 0.016203703703703703 0.011574074074074073
0 0.8416666666666667 0.3351851851851852 0.8416666666666667 0.3388888888888889 0.8546296296296296 0.33796296296296297 0.850925925925926 0.33425925925925926 0.8416666666666667 0.3351851851851852
0 0.7777777777777778 0.37037037037037035 0.7824074074074074 0.37037037037037035 0.7847222222222222 0.3726851851851852 0.7847222222222222 0.3773148148148148 0.7800925925925926 0.3773148148148148 0.7777777777777778 0.3726851851851852