0 0.3726851851851852 0.38425925925925924 0.3726851851851852 0.38657407407407407 0.3773148148148148 0.3888888888888889 0.38657407407407407 0.4074074074074074 0.3912037037037037 0.42592592592592593 0.3958333333333333 0.43287037037037035 0.3958333333333333 0.4398148148148148 0.40046296296296297 0.44907407407407407 0.4027777777777778 0.4722222222222222 0.40046296296296297 0.47453703703703703 0.40046296296296297 0.4791666666666667 0.3958333333333333 0.4837962962962963 0.38657407407407407 0.48842592592592593 0.37962962962962965 0.48842592592592593 0.36574074074074076 0.5 0.3541666666666667 0.5023148148148148 0.35185185185185186 0.5046296296296297 0.3472222222222222 0.5023148148148148 0.33564814814814814 0.5023148148148148 0.3263888888888889 0.4976851851851852 0.30324074074074076 0.4976851851851852 0.2916666666666667 0.4861111111111111 0.2916666666666667 0.47685185185185186 0.2824074074074074 0.4699074074074074 0.27314814814814814 0.4513888888888889 0.27314814814814814 0.44675925925925924 0.2638888888888889 0.4351851851851852 0.2638888888888889 0.4305555555555556 0.26157407407407407 0.42824074074074076 0.26157407407407407 0.4166666666666667 0.27546296296296297 0.4074074074074074 0.2847222222222222 0.4074074074074074 0.2962962962962963 0.4027777777777778 0.31712962962962965 0.4027777777777778 0.3194444444444444 0.39814814814814814 0.3263888888888889 0.39351851851851855 0.33101851851851855 0.39351851851851855 0.33564814814814814 0.3888888888888889 0.3402777777777778 0.3888888888888889 0.3449074074074074 0.38425925925925924 0.37037037037037035 0.38425925925925924
0 0.6921296296296297 0.3263888888888889 0.6944444444444444 0.3287037037037037 0.7060185185185185 0.3287037037037037 0.7083333333333334 0.33101851851851855 0.7291666666666666 0.3333333333333333 0.7430555555555556 0.3449074074074074 0.7430555555555556 0.34953703703703703 0.7523148148148148 0.36342592592592593 0.7754629629629629 0.37962962962962965 0.7754629629629629 0.38657407407407407 0.7777777777777778 0.3888888888888889 0.7731481481481481 0.40046296296296297 0.7546296296296297 0.41898148148148145 0.7476851851851852 0.41898148148148145 0.7222222222222222 0.40046296296296297 0.7175925925925926 0.40046296296296297 0.7083333333333334 0.3958333333333333 0.6921296296296297 0.3819444444444444 0.6712962962962963 0.37037037037037035 0.6597222222222222 0.3587962962962963 0.6597222222222222 0.3541666666666667 0.6666666666666666 0.3449074074074074 0.6689814814814815 0.3333333333333333 0.6759259259259259 0.3287037037037037 0.6851851851851852 0.3287037037037037 0.6898148148148148 0.3263888888888889
0 0.4791666666666667 0.3425925925925926 0.4837962962962963 0.3449074074074074 0.5115740740740741 0.375 0.5162037037037037 0.38425925925925924 0.5138888888888888 0.39351851851851855 0.5092592592592593 0.3958333333333333 0.5046296296296297 0.3958333333333333 0.5023148148148148 0.39814814814814814 0.4976851851851852 0.39814814814814814 0.49537037037037035 0.3958333333333333 0.4837962962962963 0.3958333333333333 0.48148148148148145 0.40046296296296297 0.4722222222222222 0.40046296296296297 0.4583333333333333 0.3611111111111111 0.4583333333333333 0.35648148148148145 0.46296296296296297 0.3472222222222222 0.4722222222222222 0.3402777777777778 0.47685185185185186 0.3425925925925926
0 0.4513888888888889 0.36574074074074076 0.46064814814814814 0.375 0.46064814814814814 0.37962962962962965 0.4652777777777778 0.38425925925925924 0.4675925925925926 0.39814814814814814 0.46296296296296297 0.39814814814814814 0.46064814814814814 0.40046296296296297 0.45601851851851855 0.39814814814814814 0.4537037037037037 0.40046296296296297 0.4444444444444444 0.40046296296296297 0.44212962962962965 0.39814814814814814 0.42824074074074076 0.3958333333333333 0.42592592592592593 0.39351851851851855 0.42592592592592593 0.3888888888888889 0.4212962962962963 0.38425925925925924 0.4236111111111111 0.37962962962962965 0.4212962962962963 0.3773148148148148 0.42592592592592593 0.37037037037037035 0.4375 0.36574074074074076 0.44907407407407407 0.36574074074074076
0 0.13425925925925927 0.35185185185185186 0.1412037037037037 0.35648148148148145 0.14583333333333334 0.35648148148148145 0.15046296296296297 0.36342592592592593 0.15046296296296297 0.37962962962962965 0.14814814814814814 0.3819444444444444 0.13425925925925927 0.3819444444444444 0.13194444444444445 0.37962962962962965 0.12731481481481483 0.37962962962962965 0.12037037037037036 0.3726851851851852 0.11805555555555555 0.36574074074074076 0.1087962962962963 0.35648148148148145 0.10648148148148148 0.35648148148148145 0.10648148148148148 0.3541666666666667 0.1111111111111111 0.35185185185185186 0.13194444444444445 0.35185185185185186
0 0.4537037037037037 0.4675925925925926 0.4583333333333333 0.47453703703703703 0.4583333333333333 0.4930555555555556 0.45601851851851855 0.49537037037037035 0.45601851851851855 0.5023148148148148 0.4513888888888889 0.5069444444444444 0.4398148148148148 0.5069444444444444 0.4351851851851852 0.5023148148148148 0.4351851851851852 0.48842592592592593 0.4444444444444444 0.47453703703703703 0.4513888888888889 0.4699074074074074
0 0.4027777777777778 0.39814814814814814 0.4050925925925926 0.40046296296296297 0.4074074074074074 0.39814814814814814 0.41898148148148145 0.40046296296296297 0.42592592592592593 0.4074074074074074 0.42824074074074076 0.4166666666666667 0.4375 0.42824074074074076 0.4398148148148148 0.43287037037037035 0.4398148148148148 0.44675925925925924 0.43287037037037035 0.45601851851851855 0.42592592592592593 0.45601851851851855 0.41898148148148145 0.4513888888888889 0.41203703703703703 0.4513888888888889 0.4027777777777778 0.44675925925925924 0.40046296296296297 0.4351851851851852 0.39351851851851855 0.42592592592592593 0.39351851851851855 0.41203703703703703 0.3912037037037037 0.4097222222222222 0.39351851851851855 0.4027777777777778 0.40046296296296297 0.39814814814814814
0 0.16898148148148148 0.42592592592592593 0.18518518518518517 0.45601851851851855 0.18518518518518517 0.4652777777777778 0.18055555555555555 0.4652777777777778 0.17824074074074073 0.4675925925925926 0.16666666666666666 0.4652777777777778 0.16203703703703703 0.46064814814814814 0.1574074074074074 0.46064814814814814 0.14351851851851852 0.44675925925925924 0.14583333333333334 0.4351851851851852 0.1550925925925926 0.42592592592592593 0.1597222222222222 0.42592592592592593 0.16203703703703703 0.4236111111111111 0.16666666666666666 0.42592592592592593
0 0.1412037037037037 0.47685185185185186 0.05555555555555555 0.05324074074074074
0 0.013888888888888888 0.41203703703703703 0.018518518518518517 0.4027777777777778 0.034722222222222224 0.3912037037037037 0.046296296296296294 0.3912037037037037 0.04861111111111111 0.39351851851851855 0.05324074074074074 0.39351851851851855 0.0625 0.4050925925925926 0.06481481481481481 0.4212962962962963 0.05092592592592592 0.4375 0.03935185185185185 0.4398148148148148 0.037037037037037035 0.4351851851851852 0.03935185185185185 0.43287037037037035 0.034722222222222224 0.42824074074074076 0.032407407407407406 0.43287037037037035 0.034722222222222224 0.42824074074074076 0.020833333333333332 0.4212962962962963 0.016203703703703703 0.41435185185185186
0 0.11805555555555555 0.4166666666666667 0.12268518518518519 0.42592592592592593 0.12037037037037036 0.43287037037037035 0.1087962962962963 0.4351851851851852 0.10416666666666667 0.4398148148148148 0.09953703703703703 0.4398148148148148 0.09722222222222222 0.44212962962962965 0.09259259259259259 0.44212962962962965 0.09259259259259259 0.4398148148148148 0.08796296296296297 0.4375 0.08796296296296297 0.4351851851851852 0.0787037037037037 0.42592592592592593 0.07407407407407407 0.4166666666666667 0.07407407407407407 0.41203703703703703 0.06944444444444445 0.4074074074074074 0.06944444444444445 0.4027777777777778 0.07407407407407407 0.3958333333333333 0.08564814814814815 0.3912037037037037 0.10185185185185185 0.3912037037037037 0.1087962962962963 0.39814814814814814 0.11574074074074074 0.4166666666666667
0 0.09027777777777778 0.3611111111111111 0.10416666666666667 0.3611111111111111 0.1087962962962963 0.3680555555555556 0.11342592592592593 0.37037037037037035 0.11805555555555555 0.37962962962962965 0.1087962962962963 0.3912037037037037 0.09953703703703703 0.3912037037037037 0.09027777777777778 0.37962962962962965 0.09027777777777778 0.3726851851851852 0.08796296296296297 0.37037037037037035 0.08796296296296297 0.36574074074074076 0.09027777777777778 0.36342592592592593
0 0.3541666666666667 0.5115740740740741 0.35648148148148145 0.5138888888888888 0.35648148148148145 0.5254629629629629 0.3541666666666667 0.5277777777777778 0.35185185185185186 0.5393518518518519 0.3402777777777778 0.5416666666666666 0.33796296296296297 0.5439814814814815 0.3287037037037037 0.5439814814814815 0.3263888888888889 0.5462962962962963 0.30324074074074076 0.5462962962962963 0.30092592592592593 0.5439814814814815 0.30092592592592593 0.5254629629629629 0.30787037037037035 0.5208333333333334 0.32175925925925924 0.5185185185185185 0.3425925925925926 0.5092592592592593 0.34953703703703703 0.5092592592592593 0.35185185185185186 0.5115740740740741
0 0.4398148148148148 0.5092592592592593 0.44907407407407407 0.5162037037037037 0.4537037037037037 0.5254629629629629 0.4537037037037037 0.5347222222222222 0.44907407407407407 0.5370370370370371 0.39351851851851855 0.5324074074074074 0.39351851851851855 0.5208333333333334 0.3958333333333333 0.5185185185185185 0.4050925925925926 0.5138888888888888 0.4375 0.5092592592592593
0 0.3726851851851852 0.5 0.3773148148148148 0.5023148148148148 0.3912037037037037 0.5185185185185185 0.3888888888888889 0.5208333333333334 0.3888888888888889 0.5300925925925926 0.38657407407407407 0.5347222222222222 0.3819444444444444 0.5347222222222222 0.37962962962962965 0.5370370370370371 0.3680555555555556 0.5370370370370371 0.36342592592592593 0.5347222222222222 0.36342592592592593 0.5300925925925926 0.3587962962962963 0.5231481481481481 0.3587962962962963 0.5138888888888888 0.35648148148148145 0.5092592592592593 0.3587962962962963 0.5092592592592593 0.3611111111111111 0.5046296296296297 0.37037037037037035 0.5023148148148148
0 0.5069444444444444 0.45601851851851855 0.5162037037037037 0.46296296296296297 0.5208333333333334 0.47453703703703703 0.5277777777777778 0.4837962962962963 0.5277777777777778 0.49074074074074076 0.5254629629629629 0.4930555555555556 0.5162037037037037 0.4930555555555556 0.5138888888888888 0.49537037037037035 0.5046296296296297 0.49537037037037035 0.5 0.4930555555555556 0.48842592592592593 0.4791666666666667 0.4930555555555556 0.46064814814814814 0.4976851851851852 0.45601851851851855 0.5046296296296297 0.45601851851851855
0 0.5405092592592593 0.41203703703703703 0.034722222222222224 0.04398148148148148
0 0.375 0.35648148148148145 0.3912037037037037 0.37037037037037035 0.3912037037037037 0.375 0.39351851851851855 0.3773148148148148 0.3912037037037037 0.39351851851851855 0.38425925925925924 0.40046296296296297 0.3773148148148148 0.38657407407407407 0.37037037037037035 0.3819444444444444 0.3587962962962963 0.3819444444444444 0.35648148148148145 0.37962962962962965 0.35648148148148145 0.36574074074074076 0.36574074074074076 0.35648148148148145 0.3726851851851852 0.35648148148148145
0 0.5462962962962963 0.46064814814814814 0.5509259259259259 0.4722222222222222 0.5509259259259259 0.48842592592592593 0.5486111111111112 0.4930555555555556 0.5393518518518519 0.4930555555555556 0.5324074074074074 0.48842592592592593 0.5324074074074074 0.48148148148148145 0.5300925925925926 0.4791666666666667 0.5300925925925926 0.47453703703703703 0.5393518518518519 0.4652777777777778 0.5393518518518519 0.46296296296296297 0.5439814814814815 0.46064814814814814
0 0.1550925925925926 0.5254629629629629 0.1574074074074074 0.5277777777777778 0.1574074074074074 0.5370370370370371 0.1550925925925926 0.5416666666666666 0.14814814814814814 0.5462962962962963 0.12731481481481483 0.5462962962962963 0.12268518518518519 0.5439814814814815 0.12037037037037036 0.5416666666666666 0.12037037037037036 0.5300925925925926 0.1388888888888889 0.5231481481481481 0.15046296296296297 0.5231481481481481 0.1527777777777778 0.5254629629629629
0 0.12268518518518519 0.5046296296296297 0.13657407407407407 0.5138888888888888 0.13657407407407407 0.5208333333333334 0.11805555555555555 0.5277777777777778 0.10648148148148148 0.5254629629629629 0.09953703703703703 0.5185185185185185 0.09953703703703703 0.5115740740740741 0.10416666666666667 0.5046296296296297 0.12037037037037036 0.5046296296296297
0 0.05787037037037037 0.5092592592592593 0.06712962962962964 0.5138888888888888 0.06712962962962964 0.5208333333333334 0.05324074074074074 0.5300925925925926 0.04398148148148148 0.5300925925925926 0.03935185185185185 0.5254629629629629 0.037037037037037035 0.5208333333333334 0.037037037037037035 0.5115740740740741 0.041666666666666664 0.5115740740740741 0.04398148148148148 0.5092592592592593 0.05555555555555555 0.5092592592592593
0 0.06712962962962964 0.4375 0.07175925925925926 0.4398148148148148 0.07407407407407407 0.4444444444444444 0.07175925925925926 0.4537037037037037 0.05324074074074074 0.4699074074074074 0.05092592592592592 0.4699074074074074 0.04861111111111111 0.47453703703703703 0.041666666666666664 0.47453703703703703 0.03935185185185185 0.47685185185185186 0.032407407407407406 0.47685185185185186 0.023148148148148147 0.4722222222222222 0.023148148148148147 0.46296296296296297 0.027777777777777776 0.4537037037037037 0.037037037037037035 0.44675925925925924 0.046296296296296294 0.4444444444444444 0.05092592592592592 0.4398148148148148 0.06018518518518518 0.4398148148148148 0.06481481481481481 0.4375
0 0.05555555555555555 0.4861111111111111 0.06481481481481481 0.4861111111111111 0.06944444444444445 0.49074074074074076 0.0763888888888889 0.4930555555555556 0.07407407407407407 0.5046296296296297 0.06944444444444445 0.5092592592592593 0.06481481481481481 0.5092592592592593 0.05324074074074074 0.5046296296296297 0.05324074074074074 0.5 0.05092592592592592 0.4976851851851852 0.05555555555555555 0.48842592592592593
0 0.027777777777777776 0.47685185185185186 0.032407407407407406 0.48148148148148145 0.027777777777777776 0.5023148148148148 0.016203703703703703 0.5115740740740741 0 0.5162037037037037 0 0.48148148148148145 0.009259259259259259 0.48148148148148145 0.020833333333333332 0.47685185185185186 0.02546296296296296 0.4791666666666667
0 0.5578703703703703 0.4398148148148148 0.5694444444444444 0.4398148148148148 0.5740740740740741 0.44212962962962965 0.5810185185185185 0.44907407407407407 0.5833333333333334 0.45601851851851855 0.5925925925925926 0.46296296296296297 0.5856481481481481 0.46296296296296297 0.5740740740740741 0.4675925925925926 0.5648148148148148 0.46296296296296297 0.5601851851851852 0.4537037037037037 0.5625 0.44907407407407407 0.5578703703703703 0.44212962962962965
0 0.6226851851851852 0.5023148148148148 0.6273148148148148 0.5046296296296297 0.6296296296296297 0.5092592592592593 0.6296296296296297 0.5162037037037037 0.6273148148148148 0.5185185185185185 0.6203703703703703 0.5162037037037037 0.6157407407407407 0.5115740740740741 0.6157407407407407 0.5046296296296297 0.6203703703703703 0.5023148148148148
0 0.8240740740740741 0.3425925925925926 0.8472222222222222 0.3425925925925926 0.8495370370370371 0.3402777777777778 0.8796296296296297 0.3402777777777778 0.8842592592592593 0.3425925925925926 0.8842592592592593 0.35648148148148145 0.8819444444444444 0.3611111111111111 0.8796296296296297 0.36342592592592593 0.8703703703703703 0.36342592592592593 0.8680555555555556 0.36574074074074076 0.8263888888888888 0.36342592592592593 0.8240740740740741 0.3611111111111111 0.8240740740740741 0.3449074074074074
0 0.9236111111111112 0.33564814814814814 0.9236111111111112 0.35648148148148145 0.9120370370370371 0.3587962962962963 0.9050925925925926 0.36342592592592593 0.8865740740740741 0.36342592592592593 0.8888888888888888 0.3472222222222222 0.9050925925925926 0.33564814814814814 0.9097222222222222 0.33564814814814814 0.9120370370370371 0.3333333333333333 0.9189814814814815 0.3333333333333333 0.9212962962962963 0.33564814814814814
0 0.9907407407407407 0.33796296296296297 0.017361111111111112 0.03587962962962963