0 0.1527777777777778 0.18981481481481483 0.15046296296296297 0.18518518518518517 0.15046296296296297 0.1736111111111111 0.1527777777777778 0.1712962962962963 0.15046296296296297 0.1550925925925926 0.1550925925925926 0.14583333333333334 0.18055555555555555 0.125 0.19212962962962962 0.12962962962962962 0.21064814814814814 0.12962962962962962 0.21296296296296297 0.13194444444444445 0.21064814814814814 0.1736111111111111 0.20833333333333334 0.17592592592592593 0.19444444444444445 0.17592592592592593 0.19212962962962962 0.17824074074074073 0.18055555555555555 0.18055555555555555 0.16898148148148148 0.18981481481481483 0.1550925925925926 0.18981481481481483
0 0.30092592592592593 0.26157407407407407 0.30324074074074076 0.2638888888888889 0.30324074074074076 0.27546296296296297 0.3055555555555556 0.2777777777777778 0.3055555555555556 0.28703703703703703 0.30324074074074076 0.28935185185185186 0.28935185185185186 0.2777777777777778 0.2824074074074074 0.2662037037037037 0.28703703703703703 0.26157407407407407 0.2986111111111111 0.26157407407407407
0 0 0.2800925925925926 0.006944444444444444 0.2800925925925926 0.006944444444444444 0.2962962962962963 0.004629629629629629 0.2986111111111111 0 0.2986111111111111 0 0.2824074074074074
0 0.5532407407407407 0.41898148148148145 0.5625 0.41898148148148145 0.5671296296296297 0.4166666666666667 0.5740740740740741 0.4212962962962963 0.5740740740740741 0.4305555555555556 0.5648148148148148 0.4375 0.5532407407407407 0.43287037037037035 0.5532407407407407 0.4212962962962963
0 0.8912037037037037 0.4027777777777778 0.9027777777777778 0.4027777777777778 0.9097222222222222 0.4074074074074074 0.9189814814814815 0.4097222222222222 0.9212962962962963 0.41435185185185186 0.9212962962962963 0.4398148148148148 0.9189814814814815 0.44212962962962965 0.9189814814814815 0.44675925925925924 0.9166666666666666 0.44907407407407407 0.9050925925925926 0.44907407407407407 0.8842592592592593 0.4351851851851852 0.8842592592592593 0.42824074074074076 0.8865740740740741 0.42592592592592593 0.8865740740740741 0.41898148148148145 0.8888888888888888 0.4166666666666667 0.8912037037037037 0.4050925925925926
0 0.8136574074074074 0.3923611111111111 0.019675925925925927 0.015046296296296295
0 0.9652777777777778 0.5439814814814815 0.9745370370370371 0.5509259259259259 0.9791666666666666 0.5578703703703703 0.9884259259259259 0.5601851851851852 0.9976851851851852 0.5671296296296297 0.9976851851851852 0.5972222222222222 0.9861111111111112 0.5972222222222222 0.9837962962962963 0.5949074074074074 0.9722222222222222 0.5925925925925926 0.9583333333333334 0.5763888888888888 0.9560185185185185 0.5717592592592593 0.9560185185185185 0.5555555555555556 0.9629629629629629 0.5462962962962963
0 0.9976851851851852 0.4861111111111111 0.9976851851851852 0.5023148148148148 0.9861111111111112 0.49537037037037035 0.9861111111111112 0.48842592592592593 0.9953703703703703 0.48842592592592593
0 0.9351851851851852 0.4791666666666667 0.9421296296296297 0.4791666666666667 0.9513888888888888 0.49074074074074076 0.9513888888888888 0.4976851851851852 0.9351851851851852 0.49537037037037035 0.9328703703703703 0.4930555555555556 0.9351851851851852 0.48148148148148145
0 0.6412037037037037 0.3958333333333333 0.6458333333333334 0.4074074074074074 0.6458333333333334 0.41435185185185186 0.6412037037037037 0.41898148148148145 0.6273148148148148 0.41898148148148145 0.6226851851851852 0.4166666666666667 0.6180555555555556 0.4097222222222222 0.6180555555555556 0.39814814814814814 0.6203703703703703 0.3958333333333333 0.6319444444444444 0.3958333333333333 0.6342592592592593 0.39351851851851855 0.6388888888888888 0.3958333333333333
0 0.2962962962962963 0.13194444444444445 0.30324074074074076 0.13194444444444445 0.31712962962962965 0.1412037037037037 0.31712962962962965 0.14814814814814814 0.3148148148148148 0.15046296296296297 0.31712962962962965 0.1527777777777778 0.3055555555555556 0.14814814814814814 0.29398148148148145 0.14814814814814814 0.2916666666666667 0.14351851851851852 0.2962962962962963 0.13425925925925927