0 0.9027777777777778 0.22453703703703703 0.9050925925925926 0.22685185185185186 0.9050925925925926 0.23148148148148148 0.9027777777777778 0.2337962962962963 0.8865740740740741 0.2337962962962963 0.8865740740740741 0.22685185185185186 0.8912037037037037 0.2222222222222222 0.8981481481481481 0.2222222222222222 0.9004629629629629 0.22453703703703703
0 0.9768518518518519 0.1712962962962963 0.9837962962962963 0.17824074074074073 0.9814814814814815 0.2013888888888889 0.9745370370370371 0.20601851851851852 0.9537037037037037 0.20601851851851852 0.9513888888888888 0.20833333333333334 0.9444444444444444 0.20833333333333334 0.9421296296296297 0.2037037037037037 0.9421296296296297 0.19675925925925927 0.9490740740740741 0.18287037037037038 0.9675925925925926 0.16666666666666666 0.9745370370370371 0.1712962962962963
0 0.8854166666666666 0.2199074074074074 0.013888888888888888 0.013888888888888888
0 0.7430555555555556 0.16898148148148148 0.7523148148148148 0.16898148148148148 0.7546296296296297 0.1712962962962963 0.7546296296296297 0.17592592592592593 0.7523148148148148 0.17824074074074073 0.7430555555555556 0.17824074074074073 0.7407407407407407 0.17592592592592593 0.7430555555555556 0.1712962962962963
0 0.08101851851851852 0.26851851851851855 0.08333333333333333 0.2708333333333333 0.08333333333333333 0.2800925925925926 0.08101851851851852 0.2824074074074074 0.07175925925925926 0.2824074074074074 0.07175925925925926 0.2777777777777778 0.06944444444444445 0.27546296296296297 0.06944444444444445 0.2708333333333333 0.07175925925925926 0.26851851851851855 0.0787037037037037 0.26851851851851855
0 0.7615740740740741 0.16666666666666666 0.010416666666666666 0.008101851851851851
0 0.4027777777777778 0.5208333333333334 0.41203703703703703 0.5393518518518519 0.41203703703703703 0.5509259259259259 0.40046296296296297 0.5578703703703703 0.3888888888888889 0.5555555555555556 0.38425925925925924 0.5509259259259259 0.37962962962962965 0.5509259259259259 0.3773148148148148 0.5462962962962963 0.3773148148148148 0.5393518518518519 0.3888888888888889 0.5231481481481481 0.3958333333333333 0.5185185185185185 0.40046296296296297 0.5208333333333334
0 0.8888888888888888 0.19675925925925927 0.8912037037037037 0.19907407407407407 0.8912037037037037 0.20601851851851852 0.8796296296296297 0.2037037037037037 0.8796296296296297 0.19907407407407407 0.8865740740740741 0.19675925925925927
0 0.9444444444444444 0.20833333333333334 0.9421296296296297 0.19675925925925927 0.9490740740740741 0.18287037037037038 0.9606481481481481 0.1712962962962963 0.9745370370370371 0.16435185185185186 0.9837962962962963 0.1550925925925926 0.9953703703703703 0.14814814814814814 0.9976851851851852 0.14814814814814814 0.9976851851851852 0.19907407407407407 0.9930555555555556 0.2037037037037037 0.9814814814814815 0.2037037037037037 0.9791666666666666 0.20601851851851852 0.9537037037037037 0.20601851851851852 0.9513888888888888 0.20833333333333334 0.9467592592592593 0.20833333333333334
0 0.5520833333333334 0.44907407407407407 0.010416666666666666 0.016203703703703703
0 0.9398148148148148 0.19907407407407407 0.9421296296296297 0.21064814814814814 0.9351851851851852 0.2152777777777778 0.9236111111111112 0.21296296296296297 0.9236111111111112 0.20833333333333334 0.9375 0.19907407407407407
0 0.9930555555555556 0.29398148148148145 0.015046296296296295 0.020833333333333332
0 0.1574074074074074 0.38657407407407407 0.1597222222222222 0.3888888888888889 0.16203703703703703 0.4050925925925926 0.16435185185185186 0.4074074074074074 0.16203703703703703 0.41898148148148145 0.1574074074074074 0.42592592592592593 0.1527777777777778 0.42592592592592593 0.15046296296296297 0.4236111111111111 0.14583333333333334 0.41203703703703703 0.14583333333333334 0.4050925925925926 0.14351851851851852 0.4027777777777778 0.14583333333333334 0.40046296296296297 0.14583333333333334 0.39351851851851855 0.1550925925925926 0.38657407407407407
0 0.2199074074074074 0.26851851851851855 0.2337962962962963 0.26157407407407407 0.24537037037037038 0.26157407407407407 0.25 0.2662037037037037 0.25 0.2708333333333333 0.2523148148148148 0.27314814814814814 0.2523148148148148 0.2824074074074074 0.24768518518518517 0.28703703703703703 0.23148148148148148 0.2916666666666667 0.2175925925925926 0.30092592592592593 0.2152777777777778 0.2962962962962963 0.2152777777777778 0.2824074074074074 0.2199074074074074 0.2708333333333333
0 0.3611111111111111 0.2962962962962963 0.3680555555555556 0.2962962962962963 0.375 0.3055555555555556 0.375 0.3101851851851852 0.3611111111111111 0.3101851851851852 0.3587962962962963 0.3125 0.3541666666666667 0.3125 0.35185185185185186 0.3101851851851852 0.3611111111111111 0.2986111111111111
0 0.6828703703703703 0.3402777777777778 0.03009259259259259 0.047453703703703706
0 0.2152777777777778 0.4050925925925926 0.2199074074074074 0.4097222222222222 0.2222222222222222 0.41898148148148145 0.2175925925925926 0.4236111111111111 0.21296296296296297 0.4236111111111111 0.21064814814814814 0.42592592592592593 0.2037037037037037 0.42592592592592593 0.2013888888888889 0.4212962962962963 0.2013888888888889 0.41203703703703703 0.21296296296296297 0.4050925925925926
0 0.14583333333333334 0.36342592592592593 0.1388888888888889 0.3773148148148148 0.13194444444444445 0.38425925925925924 0.12962962962962962 0.38425925925925924 0.12962962962962962 0.37037037037037035 0.13657407407407407 0.36342592592592593 0.14351851851851852 0.36342592592592593
0 0.9976851851851852 0.10185185185185185 0.9976851851851852 0.13194444444444445 0.9861111111111112 0.12962962962962962 0.9953703703703703 0.10416666666666667
0 0.2824074074074074 0.2708333333333333 0.2800925925925926 0.2662037037037037 0.2800925925925926 0.24768518518518517 0.2777777777777778 0.24537037037037038 0.2800925925925926 0.23148148148148148 0.30092592592592593 0.20601851851851852 0.3148148148148148 0.19907407407407407 0.32175925925925924 0.19907407407407407 0.32175925925925924 0.21064814814814814 0.32407407407407407 0.21296296296296297 0.32175925925925924 0.25462962962962965 0.3148148148148148 0.26157407407407407 0.30787037037037035 0.2638888888888889 0.2986111111111111 0.2708333333333333 0.2847222222222222 0.2708333333333333
0 0.027777777777777776 0.5740740740740741 0.032407407407407406 0.5787037037037037 0.034722222222222224 0.5879629629629629 0.020833333333333332 0.5972222222222222 0.016203703703703703 0.5972222222222222 0.013888888888888888 0.5925925925925926 0.013888888888888888 0.5810185185185185 0.018518518518518517 0.5740740740740741 0.02546296296296296 0.5740740740740741
0 0.5347222222222222 0.5486111111111112 0.5393518518518519 0.5509259259259259 0.5509259259259259 0.5717592592592593 0.5509259259259259 0.5810185185185185 0.5439814814814815 0.5879629629629629 0.5370370370370371 0.5879629629629629 0.5162037037037037 0.5972222222222222 0.5023148148148148 0.5763888888888888 0.5023148148148148 0.5740740740740741 0.5115740740740741 0.5648148148148148 0.5185185185185185 0.5648148148148148 0.5347222222222222 0.5509259259259259
0 0.9537037037037037 0.23148148148148148 0.9722222222222222 0.23148148148148148 0.9722222222222222 0.23842592592592593 0.9629629629629629 0.24305555555555555 0.9583333333333334 0.24305555555555555 0.9537037037037037 0.2337962962962963
0 0.5601851851851852 0.4583333333333333 0.5601851851851852 0.44907407407407407 0.5625 0.44675925925925924 0.5671296296296297 0.44907407407407407 0.5671296296296297 0.45601851851851855 0.5648148148148148 0.46064814814814814 0.5625 0.4583333333333333
0 0.9398148148148148 0.2708333333333333 0.9513888888888888 0.2800925925925926 0.9444444444444444 0.2916666666666667 0.9421296296296297 0.29398148148148145 0.9351851851851852 0.29398148148148145 0.9305555555555556 0.28935185185185186 0.9305555555555556 0.2800925925925926 0.9351851851851852 0.27314814814814814 0.9375 0.27314814814814814
0 0.9490740740740741 0.2337962962962963 0.9537037037037037 0.24074074074074073 0.9513888888888888 0.24305555555555555 0.9421296296296297 0.24305555555555555 0.9375 0.24074074074074073 0.9375 0.2361111111111111 0.9398148148148148 0.2337962962962963 0.9467592592592593 0.2337962962962963
0 0.016203703703703703 0.2962962962962963 0.020833333333333332 0.28935185185185186 0.027777777777777776 0.28935185185185186 0.027777777777777776 0.2962962962962963 0.02546296296296296 0.2986111111111111 0.018518518518518517 0.2986111111111111
0 0.004629629629629629 0.5069444444444444 0.004629629629629629 0.5 0.011574074074074073 0.4861111111111111 0.013888888888888888 0.4861111111111111 0.020833333333333332 0.49537037037037035 0.023148148148148147 0.5046296296296297 0.018518518518518517 0.5092592592592593 0.009259259259259259 0.5092592592592593 0.006944444444444444 0.5069444444444444
0 0.18981481481481483 0.29398148148148145 0.19212962962962962 0.2962962962962963 0.19212962962962962 0.30092592592592593 0.18518518518518517 0.30787037037037035 0.18055555555555555 0.3055555555555556 0.18055555555555555 0.30092592592592593 0.18287037037037038 0.2962962962962963 0.1875 0.29398148148148145
0 0.9328703703703703 0.11689814814814815 0.06481481481481481 0.037037037037037035
0 0.37037037037037035 0.2222222222222222 0.3726851851851852 0.22453703703703703 0.3726851851851852 0.2337962962962963 0.3680555555555556 0.23842592592592593 0.3587962962962963 0.23842592592592593 0.3541666666666667 0.2361111111111111 0.3541666666666667 0.22916666666666666 0.3611111111111111 0.2222222222222222 0.3680555555555556 0.2222222222222222
0 0.6481481481481481 0.25462962962962965 0.6574074074074074 0.26851851851851855 0.6574074074074074 0.2708333333333333 0.6481481481481481 0.2800925925925926 0.6365740740740741 0.2800925925925926 0.6319444444444444 0.27546296296296297 0.6319444444444444 0.2638888888888889 0.6458333333333334 0.25462962962962965
0 0.9606481481481481 0.2800925925925926 0.9629629629629629 0.2824074074074074 0.9675925925925926 0.2824074074074074 0.9745370370370371 0.28935185185185186 0.9768518518518519 0.3055555555555556 0.9699074074074074 0.3101851851851852 0.9537037037037037 0.3101851851851852 0.9421296296296297 0.30092592592592593 0.9490740740740741 0.28703703703703703 0.9583333333333334 0.2824074074074074
0 0.5115740740740741 0.44907407407407407 0.5162037037037037 0.4513888888888889 0.5185185185185185 0.45601851851851855 0.5185185185185185 0.46296296296296297 0.5115740740740741 0.4722222222222222 0.5069444444444444 0.4722222222222222 0.5023148148148148 0.4652777777777778 0.5023148148148148 0.45601851851851855 0.5046296296296297 0.4513888888888889 0.5092592592592593 0.44907407407407407
0 0.34953703703703703 0.4444444444444444 0.3611111111111111 0.4583333333333333 0.3611111111111111 0.4675925925925926 0.3587962962962963 0.4699074074074074 0.3472222222222222 0.4699074074074074 0.3425925925925926 0.47453703703703703 0.33796296296296297 0.47453703703703703 0.3333333333333333 0.4699074074074074 0.33101851851851855 0.4583333333333333 0.3333333333333333 0.45601851851851855 0.3333333333333333 0.44675925925925924 0.33796296296296297 0.44212962962962965 0.3449074074074074 0.44212962962962965 0.3472222222222222 0.4444444444444444
0 0.08333333333333333 0.4236111111111111 0.08796296296296297 0.4166666666666667 0.09490740740740741 0.4166666666666667 0.09722222222222222 0.41898148148148145 0.09722222222222222 0.42592592592592593 0.09259259259259259 0.42824074074074076 0.08796296296296297 0.42824074074074076 0.08564814814814815 0.42592592592592593
0 0.2337962962962963 0.35185185185185186 0.23148148148148148 0.3472222222222222 0.23148148148148148 0.33796296296296297 0.2361111111111111 0.33101851851851855 0.24305555555555555 0.33101851851851855 0.24768518518518517 0.33564814814814814 0.24768518518518517 0.3402777777777778 0.2361111111111111 0.35185185185185186
0 0.78125 0.2013888888888889 0.008101851851851851 0.009259259259259259
0 0.2604166666666667 0.4722222222222222 0.02662037037037037 0.028935185185185185
0 0.3402777777777778 0.3402777777777778 0.34953703703703703 0.35185185185185186 0.34953703703703703 0.36574074074074076 0.3472222222222222 0.3680555555555556 0.3333333333333333 0.3611111111111111 0.33101851851851855 0.34953703703703703 0.3333333333333333 0.3472222222222222 0.3333333333333333 0.3425925925925926 0.33796296296296297 0.3402777777777778
0 0.8391203703703703 0.17708333333333334 0.03356481481481482 0.04050925925925926
0 0.6018518518518519 0.3148148148148148 0.02199074074074074 0.024305555555555556
0 0.9814814814814815 0.09490740740740741 0.9907407407407407 0.10648148148148148 0.9884259259259259 0.12037037037037036 0.9837962962962963 0.12731481481481483 0.9791666666666666 0.12962962962962962 0.9699074074074074 0.12962962962962962 0.9675925925925926 0.13194444444444445 0.9652777777777778 0.12962962962962962 0.9652777777777778 0.1111111111111111 0.9629629629629629 0.10648148148148148 0.9722222222222222 0.09490740740740741 0.9791666666666666 0.09490740740740741