0 0.32175925925925924 0.10648148148148148 0.32407407407407407 0.1087962962962963 0.3287037037037037 0.1087962962962963 0.33796296296296297 0.12731481481481483 0.33796296296296297 0.1388888888888889 0.33564814814814814 0.1412037037037037 0.33564814814814814 0.14583333333333334 0.33101851851851855 0.14814814814814814 0.32175925925925924 0.1388888888888889 0.3194444444444444 0.1388888888888889 0.3148148148148148 0.13194444444444445 0.3148148148148148 0.1087962962962963 0.3194444444444444 0.10648148148148148
0 0.2569444444444444 0.06828703703703703 0.023148148148148147 0.034722222222222224
0 0.2175925925925926 0.18981481481481483 0.22453703703703703 0.20833333333333334 0.22453703703703703 0.21296296296296297 0.2199074074074074 0.2175925925925926 0.2152777777777778 0.2175925925925926 0.20601851851851852 0.20601851851851852 0.20833333333333334 0.19444444444444445 0.2152777777777778 0.18981481481481483
0 0.5648148148148148 0.3472222222222222 0.5717592592592593 0.3611111111111111 0.5717592592592593 0.3680555555555556 0.5671296296296297 0.375 0.5625 0.3726851851851852 0.5625 0.37037037037037035 0.5555555555555556 0.36574074074074076 0.5532407407407407 0.3611111111111111 0.5555555555555556 0.35185185185185186 0.5625 0.3472222222222222
0 0.5416666666666666 0.3611111111111111 0.5486111111111112 0.3587962962962963 0.5532407407407407 0.36342592592592593 0.5509259259259259 0.3773148148148148 0.5416666666666666 0.37037037037037035 0.5393518518518519 0.36574074074074076 0.5416666666666666 0.36342592592592593
0 0.28703703703703703 0.2638888888888889 0.29398148148148145 0.27546296296296297 0.29398148148148145 0.28703703703703703 0.28935185185185186 0.28935185185185186 0.28935185185185186 0.28703703703703703 0.2824074074074074 0.2824074074074074 0.2800925925925926 0.27314814814814814 0.2847222222222222 0.2662037037037037
0 0.35185185185185186 0.3287037037037037 0.35648148148148145 0.33101851851851855 0.3611111111111111 0.33796296296296297 0.36342592592592593 0.3541666666666667 0.3587962962962963 0.3587962962962963 0.35185185185185186 0.35648148148148145 0.3472222222222222 0.3472222222222222 0.34953703703703703 0.33101851851851855
0 0.9424479166666666 0.7254629629629629 0.94609375 0.7217592592592593 0.95078125 0.7134259259259259 0.9513020833333333 0.7101851851851853 0.94609375 0.7004629629629631 0.94453125 0.7 0.9395833333333333 0.7018518518518518 0.93671875 0.7069444444444444 0.9356770833333333 0.7134259259259259 0.9364583333333334 0.7175925925925926 0.9380208333333334 0.7212962962962963 0.9424479166666666 0.7254629629629629
0 0.9596354166666666 0.7504629629629629 0.9611979166666667 0.7444444444444445 0.9609375 0.7337962962962963 0.9567708333333333 0.7287037037037037 0.9515625 0.7333333333333334 0.9497395833333334 0.7375 0.9510416666666667 0.7444444444444445 0.9565104166666666 0.7518518518518519 0.9596354166666666 0.7504629629629629
0 0.9463541666666666 0.748611111111111 0.9497395833333334 0.7453703703703703 0.94609375 0.7342592592592593 0.940625 0.7254629629629629 0.9356770833333333 0.7203703703703703 0.9322916666666666 0.7203703703703703 0.9291666666666666 0.7273148148148147 0.9286458333333334 0.7310185185185185 0.9309895833333334 0.736574074074074 0.9401041666666666 0.7467592592592593 0.9463541666666666 0.748611111111111
0 0.92890625 0.725925925925926 0.9307291666666666 0.7222222222222222 0.9356770833333333 0.7203703703703703 0.9356770833333333 0.7166666666666667 0.9317708333333333 0.7134259259259259 0.9307291666666666 0.7064814814814815 0.9286458333333334 0.7027777777777778 0.92109375 0.7078703703703704 0.9190104166666666 0.7134259259259259 0.9182291666666667 0.7166666666666667 0.9221354166666667 0.7226851851851852 0.9263020833333334 0.7254629629629629 0.92890625 0.725925925925926
0 0.9997395833333333 0.7611111111111112 0.9997395833333333 0.7416666666666666 0.9901041666666667 0.7453703703703703 0.9856770833333334 0.7509259259259259 0.98359375 0.7569444444444444 0.9838541666666666 0.762037037037037 0.9864583333333333 0.7643518518518518 0.9921875 0.7643518518518518 0.9997395833333333 0.7611111111111112
0 0.98125 0.75 0.9838541666666666 0.7481481481481481 0.9815104166666666 0.7384259259259259 0.9770833333333334 0.7296296296296296 0.9700520833333334 0.7268518518518519 0.9630208333333333 0.7310185185185185 0.9630208333333333 0.7393518518518518 0.96484375 0.7430555555555556 0.9755208333333334 0.748611111111111 0.98125 0.75
0 0.971875 0.7236111111111112 0.9716145833333334 0.7194444444444444 0.9661458333333334 0.7129629629629629 0.96328125 0.7129629629629629 0.9578125 0.7199074074074074 0.9578125 0.7263888888888889 0.96328125 0.7314814814814815 0.9700520833333334 0.7282407407407407 0.971875 0.7236111111111112
0 0.9869791666666666 0.7203703703703703 0.9848958333333334 0.7148148148148148 0.9809895833333334 0.7125 0.9760416666666666 0.7152777777777778 0.9736979166666666 0.7199074074074074 0.97265625 0.7240740740740741 0.9807291666666667 0.7328703703703704 0.9848958333333334 0.7310185185185185 0.9869791666666666 0.7203703703703703
0 0.990625 0.7944444444444444 0.9888020833333334 0.7865740740740741 0.984375 0.7810185185185184 0.98046875 0.7819444444444444 0.9794270833333334 0.7837962962962963 0.9791666666666666 0.7898148148148147 0.9807291666666667 0.7944444444444444 0.9877604166666666 0.8050925925925926 0.990625 0.7944444444444444