0 0.9050925925925926 0.22453703703703703 0.9120370370370371 0.2337962962962963 0.9097222222222222 0.23842592592592593 0.8935185185185185 0.23842592592592593 0.8935185185185185 0.22685185185185186 0.8958333333333334 0.22453703703703703 0.9027777777777778 0.22453703703703703
0 0.0763888888888889 0.25 0.08564814814814815 0.25 0.08796296296296297 0.2523148148148148 0.08796296296296297 0.2638888888888889 0.0763888888888889 0.2638888888888889 0.0763888888888889 0.2523148148148148
0 0.41203703703703703 0.5115740740740741 0.41203703703703703 0.5162037037037037 0.4236111111111111 0.5370370370370371 0.4236111111111111 0.5416666666666666 0.4050925925925926 0.5486111111111112 0.38657407407407407 0.5416666666666666 0.3819444444444444 0.5324074074074074 0.3888888888888889 0.5208333333333334 0.39814814814814814 0.5115740740740741 0.4097222222222222 0.5115740740740741
0 0.9745370370370371 0.1863425925925926 0.052083333333333336 0.059027777777777776
0 0.9386574074074074 0.21180555555555555 0.019675925925925927 0.018518518518518517
0 0.24074074074074073 0.2673611111111111 0.03819444444444445 0.04050925925925926
0 0.37037037037037035 0.2847222222222222 0.37962962962962965 0.2916666666666667 0.3819444444444444 0.2986111111111111 0.37962962962962965 0.30092592592592593 0.36574074074074076 0.30092592592592593 0.3611111111111111 0.30324074074074076 0.3611111111111111 0.2962962962962963 0.3680555555555556 0.28703703703703703
0 0.6898148148148148 0.33912037037037035 0.028935185185185185 0.047453703703703706
0 0.20833333333333334 0.3958333333333333 0.2222222222222222 0.3912037037037037 0.22916666666666666 0.40046296296296297 0.22685185185185186 0.4097222222222222 0.21064814814814814 0.4097222222222222 0.20833333333333334 0.39814814814814814
0 0.7546296296296297 0.1736111111111111 0.018518518518518517 0.011574074074074073
0 0.1550925925925926 0.375 0.16203703703703703 0.3726851851851852 0.1712962962962963 0.3888888888888889 0.1712962962962963 0.40046296296296297 0.16203703703703703 0.41203703703703703 0.1550925925925926 0.4050925925925926 0.1550925925925926 0.40046296296296297 0.1527777777777778 0.39814814814814814 0.1527777777777778 0.37962962962962965 0.1550925925925926 0.3773148148148148
0 0.3263888888888889 0.18518518518518517 0.33101851851851855 0.19212962962962962 0.33101851851851855 0.20833333333333334 0.3333333333333333 0.21064814814814814 0.3333333333333333 0.23148148148148148 0.33101851851851855 0.2337962962962963 0.3287037037037037 0.24537037037037038 0.30324074074074076 0.25925925925925924 0.28935185185185186 0.25925925925925924 0.28703703703703703 0.25462962962962965 0.28703703703703703 0.23842592592592593 0.2847222222222222 0.2361111111111111 0.28703703703703703 0.2199074074074074 0.2916666666666667 0.21296296296296297 0.30787037037037035 0.19444444444444445 0.32407407407407407 0.1875
0 0.5162037037037037 0.5601851851851852 0.5277777777777778 0.5578703703703703 0.5416666666666666 0.5439814814814815 0.5462962962962963 0.5462962962962963 0.5486111111111112 0.5532407407407407 0.5555555555555556 0.5601851851851852 0.5555555555555556 0.5740740740740741 0.5532407407407407 0.5787037037037037 0.5277777777777778 0.5902777777777778 0.5231481481481481 0.5902777777777778 0.5208333333333334 0.5879629629629629 0.5185185185185185 0.5787037037037037 0.5138888888888888 0.5740740740740741 0.5162037037037037 0.5625
0 0.9583333333333334 0.23842592592592593 0.9768518518518519 0.2361111111111111 0.9791666666666666 0.24074074074074073 0.9791666666666666 0.24537037037037038 0.9745370370370371 0.24768518518518517 0.9629629629629629 0.24768518518518517 0.9583333333333334 0.24074074074074073
0 0.5162037037037037 0.44212962962962965 0.5231481481481481 0.44675925925925924 0.5231481481481481 0.46296296296296297 0.5208333333333334 0.4652777777777778 0.5115740740740741 0.4652777777777778 0.5069444444444444 0.46296296296296297 0.5046296296296297 0.4583333333333333 0.5046296296296297 0.4444444444444444 0.5069444444444444 0.44212962962962965 0.5138888888888888 0.44212962962962965
0 0.9768518518518519 0.29398148148148145 0.9837962962962963 0.30324074074074076 0.9837962962962963 0.3125 0.9745370370370371 0.31712962962962965 0.9606481481481481 0.31712962962962965 0.9513888888888888 0.3101851851851852 0.9513888888888888 0.30092592592592593 0.9606481481481481 0.2916666666666667 0.9699074074074074 0.28935185185185186 0.9745370370370371 0.29398148148148145
0 0.032407407407407406 0.26851851851851855 0.034722222222222224 0.27314814814814814 0.032407407407407406 0.2777777777777778 0.023148148148148147 0.2777777777777778 0.02546296296296296 0.2708333333333333 0.03009259259259259 0.26851851851851855
0 0.24768518518518517 0.31712962962962965 0.25462962962962965 0.32175925925925924 0.25462962962962965 0.3287037037037037 0.24768518518518517 0.3333333333333333 0.24074074074074073 0.3425925925925926 0.24074074074074073 0.33796296296296297 0.23842592592592593 0.33564814814814814 0.23842592592592593 0.32407407407407407 0.24074074074074073 0.3194444444444444 0.24537037037037038 0.31712962962962965
0 0.020833333333333332 0.47685185185185186 0.020833333333333332 0.02546296296296296
0 0.9444444444444444 0.24074074074074073 0.9560185185185185 0.23842592592592593 0.9606481481481481 0.24537037037037038 0.9606481481481481 0.24768518518518517 0.9537037037037037 0.24768518518518517 0.9513888888888888 0.25 0.9490740740740741 0.24768518518518517 0.9444444444444444 0.24768518518518517 0.9444444444444444 0.24305555555555555
0 0.19675925925925927 0.2777777777777778 0.19907407407407407 0.2800925925925926 0.19907407407407407 0.28703703703703703 0.18981481481481483 0.29398148148148145 0.18518518518518517 0.29398148148148145 0.18518518518518517 0.28703703703703703 0.1875 0.2824074074074074 0.19444444444444445 0.2777777777777778
0 0.9606481481481481 0.10416666666666667 0.9699074074074074 0.11574074074074074 0.9699074074074074 0.13194444444444445 0.9652777777777778 0.1388888888888889 0.9120370370370371 0.1388888888888889 0.9097222222222222 0.13657407407407407 0.9097222222222222 0.12268518518518519 0.9166666666666666 0.11342592592592593 0.9398148148148148 0.1111111111111111 0.9467592592592593 0.10648148148148148 0.9583333333333334 0.10416666666666667
0 0.375 0.21064814814814814 0.37962962962962965 0.21296296296296297 0.37962962962962965 0.22453703703703703 0.3726851851851852 0.22916666666666666 0.3680555555555556 0.22916666666666666 0.3611111111111111 0.22453703703703703 0.36342592592592593 0.2152777777777778 0.3726851851851852 0.21064814814814814
0 0.6550925925925926 0.2523148148148148 0.6620370370370371 0.2638888888888889 0.6620370370370371 0.2708333333333333 0.6597222222222222 0.27546296296296297 0.6550925925925926 0.2777777777777778 0.6412037037037037 0.2777777777777778 0.6365740740740741 0.27314814814814814 0.6388888888888888 0.26157407407407407 0.6458333333333334 0.25462962962962965 0.6527777777777778 0.2523148148148148
0 0.34953703703703703 0.4305555555555556 0.3541666666666667 0.43287037037037035 0.3680555555555556 0.44907407407407407 0.3680555555555556 0.45601851851851855 0.36574074074074076 0.4583333333333333 0.35185185185185186 0.46064814814814814 0.34953703703703703 0.46296296296296297 0.3425925925925926 0.46296296296296297 0.3402777777777778 0.4583333333333333 0.3402777777777778 0.4375 0.3425925925925926 0.43287037037037035 0.3472222222222222 0.4305555555555556
0 0.09953703703703703 0.39814814814814814 0.10185185185185185 0.40046296296296297 0.10185185185185185 0.4074074074074074 0.09953703703703703 0.4097222222222222 0.09259259259259259 0.4097222222222222 0.09027777777777778 0.4074074074074074 0.09259259259259259 0.40046296296296297 0.09722222222222222 0.39814814814814814
0 0.7881944444444444 0.2025462962962963 0.006944444444444444 0.009259259259259259
0 0.3472222222222222 0.3425925925925926 0.020833333333333332 0.03009259259259259
0 0.8310185185185185 0.19444444444444445 0.8287037037037037 0.18981481481481483 0.8310185185185185 0.18518518518518517 0.8310185185185185 0.16435185185185186 0.8356481481481481 0.1597222222222222 0.8564814814814815 0.1597222222222222 0.8611111111111112 0.16203703703703703 0.8611111111111112 0.18981481481481483 0.8587962962962963 0.19444444444444445 0.8518518518518519 0.19907407407407407 0.8333333333333334 0.19444444444444445
0 0.6076388888888888 0.3113425925925926 0.020833333333333332 0.024305555555555556
0 0.9884259259259259 0.10185185185185185 0.9953703703703703 0.10648148148148148 0.9953703703703703 0.1111111111111111 0.9976851851851852 0.11342592592592593 0.9953703703703703 0.12962962962962962 0.9861111111111112 0.13657407407407407 0.9768518518518519 0.13657407407407407 0.9745370370370371 0.1388888888888889 0.9699074074074074 0.13657407407407407 0.9699074074074074 0.1111111111111111 0.9791666666666666 0.10185185185185185 0.9861111111111112 0.10185185185185185
0 0.13657407407407407 0.3680555555555556 0.13657407407407407 0.35185185185185186 0.14351851851851852 0.3472222222222222 0.15046296296296297 0.3472222222222222 0.15046296296296297 0.34953703703703703 0.14351851851851852 0.36342592592592593 0.1388888888888889 0.3680555555555556
0 0.5578703703703703 0.4513888888888889 0.5555555555555556 0.44907407407407407 0.5555555555555556 0.4398148148148148 0.5601851851851852 0.4375 0.5625 0.44212962962962965 0.5625 0.44907407407407407 0.5601851851851852 0.44907407407407407
0 0.5671296296296297 0.4444444444444444 0.5717592592592593 0.4444444444444444 0.5740740740740741 0.44907407407407407 0.5717592592592593 0.4513888888888889 0.5717592592592593 0.45601851851851855 0.5671296296296297 0.45601851851851855 0.5648148148148148 0.4513888888888889 0.5671296296296297 0.44675925925925924
0 0.02546296296296296 0.5532407407407407 0.037037037037037035 0.5532407407407407 0.041666666666666664 0.5601851851851852 0.03935185185185185 0.5717592592592593 0.034722222222222224 0.5717592592592593 0.027777777777777776 0.5763888888888888 0.020833333333333332 0.5717592592592593 0.020833333333333332 0.5601851851851852 0.02546296296296296 0.5555555555555556