0 0.6755208333333333 0.21481481481481482 0.6799479166666667 0.21296296296296297 0.6822916666666666 0.2013888888888889 0.6822916666666666 0.18518518518518517 0.66640625 0.1824074074074074 0.66015625 0.18564814814814815 0.6596354166666666 0.20231481481481484 0.6611979166666666 0.20925925925925928 0.6703125 0.21435185185185185 0.6755208333333333 0.21481481481481482
0 0.5880208333333333 0.21203703703703702 0.5916666666666667 0.20925925925925928 0.5932291666666666 0.20555555555555555 0.5924479166666666 0.19907407407407407 0.5888020833333334 0.19490740740740742 0.58046875 0.1953703703703704 0.5773437499999999 0.19814814814814813 0.5755208333333334 0.20231481481481484 0.5752604166666666 0.20601851851851852 0.5768229166666666 0.2097222222222222 0.5815104166666667 0.2125 0.5880208333333333 0.21203703703703702
0 0.60546875 0.09490740740740741 0.6065104166666666 0.08796296296296297 0.6044270833333334 0.07916666666666668 0.6052083333333333 0.06759259259259259 0.5919270833333333 0.06712962962962964 0.5885416666666666 0.07083333333333333 0.5880208333333333 0.07361111111111111 0.58828125 0.08425925925925926 0.5916666666666667 0.0962962962962963 0.6 0.0976851851851852 0.60546875 0.09490740740740741
0 0.5783854166666667 0.0712962962962963 0.5786458333333333 0.059722222222222225 0.5776041666666667 0.056018518518518516 0.5744791666666667 0.05416666666666666 0.5643229166666667 0.05925925925925926 0.5598958333333334 0.06666666666666667 0.5596354166666666 0.0712962962962963 0.5614583333333334 0.075 0.5736979166666667 0.07453703703703704 0.5783854166666667 0.0712962962962963
0 0.4635416666666667 0.9995370370370371 0.5182291666666666 0.9995370370370371 0.5252604166666667 0.9875 0.525 0.9763888888888889 0.5234375 0.9666666666666667 0.5138020833333333 0.9393518518518519 0.50625 0.9296296296296297 0.4919270833333333 0.9180555555555556 0.4877604166666667 0.9199074074074074 0.45703125 0.9453703703703703 0.4515625 0.9532407407407407 0.44817708333333334 0.9652777777777778 0.4473958333333333 0.9703703703703703 0.4484375 0.9773148148148147 0.45859375 0.9893518518518518 0.4635416666666667 0.9995370370370371
0 0.5059895833333333 0.8518518518518519 0.5049479166666666 0.8490740740740741 0.5015625 0.8486111111111112 0.4997395833333333 0.8550925925925925 0.4994791666666667 0.8611111111111112 0.5018229166666667 0.862962962962963 0.5052083333333334 0.8587962962962963 0.5059895833333333 0.8518518518518519
0 0.5434895833333333 0.9694444444444444 0.5398437500000001 0.9671296296296297 0.5372395833333333 0.9712962962962963 0.5343749999999999 0.9800925925925925 0.5354166666666667 0.9995370370370371 0.5622395833333333 0.9995370370370371 0.5572916666666666 0.9833333333333334 0.5434895833333333 0.9694444444444444
0 0.5635416666666666 0.9939814814814815 0.5640625 0.9995370370370371 0.5692708333333334 0.9967592592592593 0.57578125 0.9810185185185185 0.5674479166666666 0.9736111111111112 0.5463541666666667 0.9634259259259259 0.5432291666666667 0.9625 0.5411458333333333 0.9643518518518519 0.5401041666666666 0.9675925925925926 0.54140625 0.9699074074074074 0.5580729166666667 0.9833333333333334 0.5635416666666666 0.9939814814814815
0 0.5703125 0.9740740740740741 0.5682291666666667 0.9671296296296297 0.5611979166666666 0.9555555555555556 0.5567708333333333 0.9555555555555556 0.5528645833333333 0.9597222222222223 0.5502604166666667 0.9634259259259259 0.55234375 0.9671296296296297 0.5604166666666667 0.9726851851851852 0.5703125 0.9740740740740741
0 0.578125 0.9722222222222222 0.5786458333333333 0.9648148148148148 0.5833333333333334 0.9523148148148147 0.596875 0.936111111111111 0.5955729166666667 0.925 0.5919270833333333 0.9236111111111112 0.5864583333333333 0.9333333333333333 0.5807291666666666 0.9402777777777778 0.5755208333333334 0.9449074074074074 0.56796875 0.9481481481481482 0.5643229166666667 0.9532407407407407 0.5638020833333334 0.9564814814814815 0.5690104166666666 0.9699074074074074 0.5734374999999999 0.9726851851851852 0.578125 0.9722222222222222
0 0.6231770833333333 0.9875 0.6263020833333334 0.975 0.6299479166666666 0.9685185185185184 0.6309895833333333 0.9569444444444444 0.63359375 0.949537037037037 0.634375 0.9407407407407407 0.6302083333333334 0.9333333333333333 0.6236979166666666 0.9296296296296297 0.61640625 0.9277777777777778 0.6059895833333334 0.9291666666666666 0.6002604166666666 0.9319444444444445 0.5940104166666667 0.9407407407407407 0.5877604166666667 0.9458333333333334 0.5828125000000001 0.9527777777777778 0.5794270833333334 0.9606481481481481 0.5789062500000001 0.9675925925925926 0.58984375 0.9995370370370371 0.6216145833333334 0.9995370370370371 0.6231770833333333 0.9875
0 0.5875 0.9907407407407407 0.5815104166666667 0.9800925925925925 0.5765625 0.9814814814814815 0.5736979166666667 0.9842592592592593 0.57265625 0.9875 0.5708333333333333 0.9944444444444445 0.571875 0.9995370370370371 0.5890624999999999 0.9995370370370371 0.5875 0.9907407407407407
0 0.6265625 0.9296296296296297 0.6296875 0.9324074074074075 0.63359375 0.9319444444444445 0.6388020833333333 0.9078703703703703 0.6393229166666666 0.9004629629629629 0.6385416666666667 0.8967592592592593 0.6299479166666666 0.8898148148148147 0.6177083333333334 0.8856481481481482 0.61328125 0.8875 0.6111979166666667 0.8939814814814815 0.6109375 0.9111111111111112 0.6130208333333333 0.9226851851851853 0.6171875 0.9263888888888888 0.6265625 0.9296296296296297
0 0.6458333333333334 0.9087962962962963 0.6567708333333334 0.9106481481481481 0.6619791666666667 0.9078703703703703 0.66328125 0.8995370370370371 0.6619791666666667 0.8856481481481482 0.659375 0.876388888888889 0.6536458333333334 0.8680555555555556 0.6505208333333333 0.8666666666666666 0.6479166666666666 0.8689814814814815 0.6411458333333334 0.8842592592592593 0.640625 0.8939814814814815 0.6416666666666666 0.9 0.64296875 0.9046296296296297 0.6458333333333334 0.9087962962962963
0 0.6614583333333334 0.8731481481481481 0.6653645833333334 0.8638888888888888 0.66484375 0.8583333333333334 0.6614583333333334 0.8555555555555556 0.6421875 0.8560185185185185 0.6419270833333334 0.8597222222222222 0.64375 0.8643518518518518 0.6578125 0.8731481481481481 0.6614583333333334 0.8731481481481481
0 0.703125 0.8148148148148148 0.703125 0.8101851851851852 0.6994791666666667 0.7958333333333334 0.6973958333333333 0.7930555555555556 0.6953125 0.7930555555555556 0.6921875 0.800462962962963 0.6830729166666666 0.8027777777777778 0.68359375 0.8087962962962962 0.6893229166666667 0.8157407407407407 0.6997395833333334 0.8189814814814815 0.703125 0.8148148148148148
0 0.7106770833333333 0.8699074074074075 0.7098958333333334 0.862962962962963 0.70390625 0.8550925925925925 0.69609375 0.8537037037037037 0.6932291666666667 0.8592592592592593 0.6927083333333334 0.8657407407407407 0.6955729166666667 0.8708333333333333 0.7065104166666666 0.8740740740740741 0.7106770833333333 0.8699074074074075
0 0.6365740740740741 0.9629629629629629 0.6388888888888888 0.9375 0.6481481481481481 0.9305555555555556 0.6504629629629629 0.9305555555555556 0.6504629629629629 0.9421296296296297 0.6527777777777778 0.9444444444444444 0.6550925925925926 0.9606481481481481 0.6527777777777778 0.9629629629629629 0.6388888888888888 0.9629629629629629
0 0.6863425925925926 0.9340277777777778 0.07291666666666667 0.07060185185185185
0 0.6805555555555556 0.9282407407407407 0.6921296296296297 0.9375 0.6921296296296297 0.9398148148148148 0.7106481481481481 0.9606481481481481 0.7152777777777778 0.9722222222222222 0.7222222222222222 0.9814814814814815 0.7245370370370371 0.9976851851851852 0.6712962962962963 0.9976851851851852 0.6689814814814815 0.9953703703703703 0.6689814814814815 0.9768518518518519 0.6643518518518519 0.9652777777777778 0.6666666666666666 0.9629629629629629 0.6643518518518519 0.9537037037037037 0.6666666666666666 0.9513888888888888 0.6689814814814815 0.9398148148148148 0.6736111111111112 0.9328703703703703 0.6782407407407407 0.9305555555555556
0 0.6273148148148148 0.9976851851851852 0.6273148148148148 0.9907407407407407 0.6365740740740741 0.9652777777777778 0.6527777777777778 0.9652777777777778 0.6527777777777778 0.9699074074074074 0.6550925925925926 0.9722222222222222 0.6550925925925926 0.9930555555555556 0.6527777777777778 0.9976851851851852 0.6296296296296297 0.9976851851851852
0 0.7199074074074074 0.9467592592592593 0.7106481481481481 0.9236111111111112 0.7013888888888888 0.9143518518518519 0.7013888888888888 0.9050925925925926 0.7060185185185185 0.8981481481481481 0.7060185185185185 0.8935185185185185 0.7152777777777778 0.8865740740740741 0.7291666666666666 0.9074074074074074 0.7291666666666666 0.9189814814814815 0.7222222222222222 0.9236111111111112 0.7222222222222222 0.9444444444444444
0 0.7337962962962963 0.9236111111111112 0.7523148148148148 0.9490740740740741 0.7523148148148148 0.9560185185185185 0.7453703703703703 0.9652777777777778 0.7453703703703703 0.9699074074074074 0.7407407407407407 0.9768518518518519 0.7268518518518519 0.9629629629629629 0.7268518518518519 0.9583333333333334 0.7245370370370371 0.9560185185185185 0.7245370370370371 0.9236111111111112 0.7268518518518519 0.9212962962962963 0.7314814814814815 0.9236111111111112
0 0.7291666666666666 0.9675925925925926 0.7337962962962963 0.9699074074074074 0.7407407407407407 0.9791666666666666 0.7407407407407407 0.9884259259259259 0.7430555555555556 0.9907407407407407 0.7384259259259259 0.9976851851851852 0.7314814814814815 0.9953703703703703 0.7222222222222222 0.9768518518518519 0.7222222222222222 0.9699074074074074 0.7268518518518519 0.9675925925925926
0 0.7592592592592593 0.9583333333333334 0.7615740740740741 0.9606481481481481 0.7638888888888888 0.9583333333333334 0.7708333333333334 0.9583333333333334 0.7754629629629629 0.9629629629629629 0.7754629629629629 0.9768518518518519 0.7662037037037037 0.9861111111111112 0.7638888888888888 0.9930555555555556 0.7569444444444444 0.9976851851851852 0.7523148148148148 0.9930555555555556 0.7453703703703703 0.9907407407407407 0.7476851851851852 0.9675925925925926 0.7523148148148148 0.9606481481481481 0.7569444444444444 0.9606481481481481
0 0.7615740740740741 0.9282407407407407 0.7662037037037037 0.9328703703703703 0.7731481481481481 0.9490740740740741 0.7731481481481481 0.9583333333333334 0.7569444444444444 0.9583333333333334 0.7546296296296297 0.9560185185185185 0.7546296296296297 0.9398148148148148 0.7615740740740741 0.9305555555555556
0 0.7523148148148148 0.9027777777777778 0.7662037037037037 0.9120370370370371 0.7638888888888888 0.9259259259259259 0.7569444444444444 0.9305555555555556 0.7523148148148148 0.9398148148148148 0.75 0.9143518518518519 0.7476851851851852 0.9120370370370371 0.7523148148148148 0.9050925925925926
0 0.75 0.9120370370370371 0.7476851851851852 0.9143518518518519 0.75 0.9375 0.7407407407407407 0.9328703703703703 0.7337962962962963 0.9236111111111112 0.7337962962962963 0.9166666666666666 0.7476851851851852 0.9120370370370371
0 0.7337962962962963 0.8541666666666666 0.7430555555555556 0.8541666666666666 0.7453703703703703 0.8587962962962963 0.7453703703703703 0.8796296296296297 0.7430555555555556 0.8819444444444444 0.7430555555555556 0.8865740740740741 0.7361111111111112 0.8958333333333334 0.7291666666666666 0.8958333333333334 0.7245370370370371 0.8935185185185185 0.7199074074074074 0.8842592592592593 0.7222222222222222 0.8819444444444444 0.7268518518518519 0.8634259259259259 0.7337962962962963 0.8564814814814815
0 0.7731481481481481 0.7893518518518519 0.7939814814814815 0.8009259259259259 0.7962962962962963 0.8171296296296297 0.7986111111111112 0.8194444444444444 0.7986111111111112 0.8356481481481481 0.7962962962962963 0.8402777777777778 0.7754629629629629 0.8402777777777778 0.7708333333333334 0.8425925925925926 0.7569444444444444 0.8611111111111112 0.7546296296296297 0.8611111111111112 0.7476851851851852 0.8356481481481481 0.7430555555555556 0.8310185185185185 0.7407407407407407 0.8078703703703703 0.7430555555555556 0.8055555555555556 0.7430555555555556 0.7962962962962963 0.7453703703703703 0.7916666666666666 0.75 0.7893518518518519 0.7708333333333334 0.7893518518518519
0 0.7962962962962963 0.8425925925925926 0.8009259259259259 0.8472222222222222 0.8009259259259259 0.8518518518518519 0.8055555555555556 0.8587962962962963 0.8055555555555556 0.8657407407407407 0.7847222222222222 0.8865740740740741 0.7824074074074074 0.8935185185185185 0.7754629629629629 0.8981481481481481 0.7731481481481481 0.8981481481481481 0.7638888888888888 0.8888888888888888 0.7569444444444444 0.875 0.7569444444444444 0.8680555555555556 0.7662037037037037 0.8518518518518519 0.7731481481481481 0.8449074074074074 0.7777777777777778 0.8425925925925926 0.7939814814814815 0.8425925925925926
0 0.7546296296296297 0.875 0.7592592592592593 0.8796296296296297 0.7592592592592593 0.8865740740740741 0.7708333333333334 0.9004629629629629 0.7662037037037037 0.9097222222222222 0.7615740740740741 0.9097222222222222 0.7546296296296297 0.9027777777777778 0.7523148148148148 0.9027777777777778 0.7476851851851852 0.9097222222222222 0.7407407407407407 0.9143518518518519 0.7361111111111112 0.9143518518518519 0.7314814814814815 0.9097222222222222 0.7337962962962963 0.9004629629629629 0.7453703703703703 0.8912037037037037 0.7453703703703703 0.8865740740740741 0.7523148148148148 0.8773148148148148
0 0.8171296296296297 0.9305555555555556 0.8310185185185185 0.9467592592592593 0.8356481481481481 0.9490740740740741 0.8518518518518519 0.9467592592592593 0.8564814814814815 0.9513888888888888 0.8564814814814815 0.9606481481481481 0.8449074074074074 0.9745370370370371 0.8425925925925926 0.9837962962962963 0.8333333333333334 0.9976851851851852 0.7662037037037037 0.9976851851851852 0.7685185185185185 0.9884259259259259 0.7777777777777778 0.9768518518518519 0.7800925925925926 0.9652777777777778 0.7893518518518519 0.9467592592592593 0.8032407407407407 0.9305555555555556 0.8148148148148148 0.9305555555555556
0 0.8217592592592593 0.9305555555555556 0.8194444444444444 0.9282407407407407 0.8055555555555556 0.9259259259259259 0.7962962962962963 0.9351851851851852 0.7962962962962963 0.9375 0.7847222222222222 0.9467592592592593 0.7824074074074074 0.9583333333333334 0.7800925925925926 0.9583333333333334 0.7800925925925926 0.9282407407407407 0.7708333333333334 0.9166666666666666 0.7708333333333334 0.9050925925925926 0.7847222222222222 0.8935185185185185 0.7893518518518519 0.8842592592592593 0.8032407407407407 0.8726851851851852 0.8148148148148148 0.8703703703703703 0.8240740740740741 0.8796296296296297 0.8310185185185185 0.8935185185185185 0.8287037037037037 0.9143518518518519 0.8240740740740741 0.9189814814814815 0.8240740740740741 0.9259259259259259 0.8217592592592593 0.9282407407407407
0 0.8402777777777778 0.8634259259259259 0.8518518518518519 0.8634259259259259 0.8564814814814815 0.8657407407407407 0.8726851851851852 0.8865740740740741 0.8796296296296297 0.9050925925925926 0.8796296296296297 0.9143518518518519 0.8819444444444444 0.9166666666666666 0.8819444444444444 0.9444444444444444 0.8842592592592593 0.9467592592592593 0.8842592592592593 0.9537037037037037 0.8773148148148148 0.9537037037037037 0.8657407407407407 0.9606481481481481 0.8611111111111112 0.9583333333333334 0.8587962962962963 0.9490740740740741 0.8541666666666666 0.9444444444444444 0.8333333333333334 0.9444444444444444 0.8310185185185185 0.9421296296296297 0.8287037037037037 0.9375 0.8287037037037037 0.9212962962962963 0.8333333333333334 0.9097222222222222 0.8333333333333334 0.9004629629629629 0.8356481481481481 0.8981481481481481 0.8356481481481481 0.8796296296296297 0.8379629629629629 0.8773148148148148 0.8379629629629629 0.8680555555555556 0.8402777777777778 0.8657407407407407
0 0.8472222222222222 0.9976851851851852 0.8449074074074074 0.9930555555555556 0.8449074074074074 0.9814814814814815 0.8495370370370371 0.9722222222222222 0.8587962962962963 0.9629629629629629 0.8657407407407407 0.9629629629629629 0.8680555555555556 0.9652777777777778 0.8773148148148148 0.9791666666666666 0.8796296296296297 0.9884259259259259 0.875 0.9953703703703703 0.8495370370370371 0.9976851851851852
0 0.8668981481481481 0.9976851851851852 0.016203703703703703 0.003472222222222222
0 0.8773148148148148 0.9976851851851852 0.8865740740740741 0.9861111111111112 0.8935185185185185 0.9861111111111112 0.8981481481481481 0.9907407407407407 0.8981481481481481 0.9953703703703703 0.9004629629629629 0.9976851851851852 0.8796296296296297 0.9976851851851852
0 0.8865740740740741 0.9560185185185185 0.8912037037037037 0.9629629629629629 0.8912037037037037 0.9722222222222222 0.8888888888888888 0.9745370370370371 0.8912037037037037 0.9791666666666666 0.8888888888888888 0.9837962962962963 0.8819444444444444 0.9837962962962963 0.8796296296296297 0.9768518518518519 0.8726851851851852 0.9699074074074074 0.8726851851851852 0.9606481481481481 0.8773148148148148 0.9560185185185185 0.8842592592592593 0.9560185185185185
0 0.9259259259259259 0.9398148148148148 0.9282407407407407 0.9421296296296297 0.9398148148148148 0.9444444444444444 0.9444444444444444 0.9490740740740741 0.9444444444444444 0.9560185185185185 0.9467592592592593 0.9583333333333334 0.9467592592592593 0.9675925925925926 0.9490740740740741 0.9699074074074074 0.9467592592592593 0.9699074074074074 0.9467592592592593 0.9652777777777778 0.9421296296296297 0.9606481481481481 0.9351851851851852 0.9606481481481481 0.9305555555555556 0.9652777777777778 0.9259259259259259 0.9768518518518519 0.9398148148148148 0.9861111111111112 0.9398148148148148 0.9976851851851852 0.9027777777777778 0.9976851851851852 0.9004629629629629 0.9953703703703703 0.9004629629629629 0.9907407407407407 0.8958333333333334 0.9861111111111112 0.8958333333333334 0.9560185185185185 0.8981481481481481 0.9513888888888888 0.9050925925925926 0.9467592592592593 0.9097222222222222 0.9467592592592593 0.9166666666666666 0.9398148148148148 0.9236111111111112 0.9398148148148148
0 0.9398148148148148 0.9606481481481481 0.9583333333333334 0.9768518518518519 0.9583333333333334 0.9814814814814815 0.9467592592592593 0.9884259259259259 0.9421296296296297 0.9884259259259259 0.9421296296296297 0.9861111111111112 0.9375 0.9837962962962963 0.9305555555555556 0.9745370370370371 0.9305555555555556 0.9675925925925926 0.9328703703703703 0.9629629629629629 0.9375 0.9606481481481481
0 0.9444444444444444 0.9976851851851852 0.9444444444444444 0.9930555555555556 0.9583333333333334 0.9837962962962963 0.9652777777777778 0.9837962962962963 0.9768518518518519 0.9953703703703703 0.9768518518518519 0.9976851851851852 0.9467592592592593 0.9976851851851852
0 0.9814814814814815 0.9976851851851852 0.9814814814814815 0.9930555555555556 0.9837962962962963 0.9907407407407407 0.9907407407407407 0.9907407407407407 0.9976851851851852 0.9976851851851852 0.9837962962962963 0.9976851851851852
0 0.9976851851851852 0.9583333333333334 0.9976851851851852 0.9930555555555556 0.9837962962962963 0.9837962962962963 0.9837962962962963 0.9675925925925926 0.9953703703703703 0.9606481481481481
0 0.9884259259259259 0.8865740740740741 0.9930555555555556 0.8912037037037037 0.9930555555555556 0.8981481481481481 0.9953703703703703 0.9004629629629629 0.9907407407407407 0.9097222222222222 0.9930555555555556 0.9305555555555556 0.9907407407407407 0.9328703703703703 0.9884259259259259 0.9467592592592593 0.9837962962962963 0.9537037037037037 0.9837962962962963 0.9629629629629629 0.9814814814814815 0.9652777777777778 0.9814814814814815 0.9722222222222222 0.9768518518518519 0.9837962962962963 0.9652777777777778 0.9814814814814815 0.9537037037037037 0.9699074074074074 0.9513888888888888 0.9583333333333334 0.9490740740740741 0.9560185185185185 0.9490740740740741 0.9444444444444444 0.9699074074074074 0.9004629629629629 0.9791666666666666 0.8912037037037037 0.9791666666666666 0.8888888888888888 0.9861111111111112 0.8865740740740741
0 0.9976851851851852 0.9027777777777778 0.9976851851851852 0.9259259259259259 0.9907407407407407 0.9166666666666666 0.9953703703703703 0.9050925925925926
0 0.9976851851851852 0.9305555555555556 0.9976851851851852 0.9583333333333334 0.9930555555555556 0.9583333333333334 0.9861111111111112 0.9629629629629629 0.9884259259259259 0.9513888888888888 0.9976851851851852 0.9328703703703703
0 0.9143518518518519 0.9097222222222222 0.9189814814814815 0.9166666666666666 0.9189814814814815 0.9212962962962963 0.9236111111111112 0.9305555555555556 0.9236111111111112 0.9375 0.9212962962962963 0.9398148148148148 0.9189814814814815 0.9375 0.9143518518518519 0.9375 0.9097222222222222 0.9444444444444444 0.9050925925925926 0.9444444444444444 0.8981481481481481 0.9490740740740741 0.8912037037037037 0.9490740740740741 0.8865740740740741 0.9421296296296297 0.8865740740740741 0.9282407407407407 0.8888888888888888 0.9259259259259259 0.8888888888888888 0.9212962962962963 0.8935185185185185 0.9120370370370371 0.9004629629629629 0.9050925925925926 0.9074074074074074 0.9097222222222222 0.9120370370370371 0.9097222222222222
0 0.9305555555555556 0.9050925925925926 0.9398148148148148 0.9212962962962963 0.9328703703703703 0.9305555555555556 0.9328703703703703 0.9375 0.9282407407407407 0.9375 0.9259259259259259 0.9351851851851852 0.9259259259259259 0.9305555555555556 0.9212962962962963 0.9212962962962963 0.9212962962962963 0.9120370370370371 0.9236111111111112 0.9074074074074074 0.9282407407407407 0.9050925925925926
0 0.9490740740740741 0.8703703703703703 0.9583333333333334 0.8703703703703703 0.9606481481481481 0.8726851851851852 0.9722222222222222 0.8703703703703703 0.9768518518518519 0.875 0.9837962962962963 0.8773148148148148 0.9837962962962963 0.8842592592592593 0.9699074074074074 0.8958333333333334 0.9606481481481481 0.9166666666666666 0.9560185185185185 0.9236111111111112 0.9513888888888888 0.9259259259259259 0.9421296296296297 0.9212962962962963 0.9421296296296297 0.9166666666666666 0.9398148148148148 0.9143518518518519 0.9421296296296297 0.9097222222222222 0.9421296296296297 0.8935185185185185 0.9467592592592593 0.8888888888888888 0.9467592592592593 0.8842592592592593 0.9490740740740741 0.8819444444444444 0.9467592592592593 0.875 0.9490740740740741 0.8726851851851852
0 0.9467592592592593 0.9259259259259259 0.9537037037037037 0.9305555555555556 0.9467592592592593 0.9467592592592593 0.9421296296296297 0.9421296296296297 0.9375 0.9421296296296297 0.9351851851851852 0.9398148148148148 0.9351851851851852 0.9282407407407407 0.9375 0.9259259259259259 0.9444444444444444 0.9259259259259259
0 0.9282407407407407 0.8865740740740741 0.9398148148148148 0.8958333333333334 0.9398148148148148 0.9074074074074074 0.9375 0.9097222222222222 0.9351851851851852 0.9097222222222222 0.9305555555555556 0.9027777777777778 0.9259259259259259 0.9027777777777778 0.9189814814814815 0.9074074074074074 0.9120370370370371 0.9027777777777778 0.9027777777777778 0.9027777777777778 0.9004629629629629 0.9004629629629629 0.9027777777777778 0.8981481481481481 0.9027777777777778 0.8888888888888888 0.9074074074074074 0.8842592592592593 0.9259259259259259 0.8865740740740741
0 0.9120370370370371 0.8518518518518519 0.9143518518518519 0.8564814814814815 0.9189814814814815 0.8518518518518519 0.9282407407407407 0.8587962962962963 0.9305555555555556 0.8703703703703703 0.9351851851851852 0.8773148148148148 0.9351851851851852 0.8865740740740741 0.9375 0.8888888888888888 0.9328703703703703 0.8888888888888888 0.9259259259259259 0.8842592592592593 0.9120370370370371 0.8842592592592593 0.9120370370370371 0.8703703703703703 0.9143518518518519 0.8680555555555556 0.9120370370370371 0.8541666666666666
0 0.9097222222222222 0.8634259259259259 0.9097222222222222 0.875 0.9074074074074074 0.8773148148148148 0.9074074074074074 0.8819444444444444 0.9004629629629629 0.8865740740740741 0.8981481481481481 0.9004629629629629 0.8935185185185185 0.9050925925925926 0.8935185185185185 0.9097222222222222 0.8865740740740741 0.9166666666666666 0.8796296296296297 0.9027777777777778 0.8773148148148148 0.8912037037037037 0.8680555555555556 0.8773148148148148 0.8680555555555556 0.8703703703703703 0.875 0.8657407407407407 0.8888888888888888 0.8657407407407407 0.8981481481481481 0.8611111111111112 0.9074074074074074 0.8634259259259259
0 0.8773148148148148 0.8333333333333334 0.8796296296296297 0.8356481481481481 0.8842592592592593 0.8356481481481481 0.8888888888888888 0.8402777777777778 0.8958333333333334 0.8541666666666666 0.8958333333333334 0.8587962962962963 0.8888888888888888 0.8634259259259259 0.8657407407407407 0.8634259259259259 0.8634259259259259 0.8657407407407407 0.8541666666666666 0.8611111111111112 0.8518518518518519 0.8564814814814815 0.8611111111111112 0.8472222222222222 0.8657407407407407 0.8379629629629629 0.875 0.8333333333333334
0 0.8495370370370371 0.7685185185185185 0.8680555555555556 0.7824074074074074 0.8680555555555556 0.7939814814814815 0.8703703703703703 0.7962962962962963 0.8634259259259259 0.8009259259259259 0.8587962962962963 0.8009259259259259 0.8333333333333334 0.8287037037037037 0.8263888888888888 0.8240740740740741 0.8194444444444444 0.8240740740740741 0.8055555555555556 0.8171296296296297 0.8009259259259259 0.8171296296296297 0.8009259259259259 0.8125 0.7986111111111112 0.8101851851851852 0.7986111111111112 0.7916666666666666 0.8009259259259259 0.7893518518518519 0.8009259259259259 0.7824074074074074 0.8078703703703703 0.7685185185185185 0.8125 0.7638888888888888 0.8171296296296297 0.7638888888888888 0.8194444444444444 0.7615740740740741 0.8310185185185185 0.7615740740740741 0.8472222222222222 0.7685185185185185
0 0.8078703703703703 0.8171296296296297 0.8125 0.8217592592592593 0.8263888888888888 0.8240740740740741 0.8310185185185185 0.8287037037037037 0.8287037037037037 0.8518518518518519 0.8194444444444444 0.8587962962962963 0.8148148148148148 0.8587962962962963 0.8055555555555556 0.8541666666666666 0.8009259259259259 0.8425925925925926 0.8009259259259259 0.8310185185185185 0.8055555555555556 0.8194444444444444
0 0.8726851851851852 0.7986111111111112 0.8842592592592593 0.8078703703703703 0.8842592592592593 0.8310185185185185 0.8819444444444444 0.8333333333333334 0.8773148148148148 0.8333333333333334 0.875 0.8310185185185185 0.8680555555555556 0.8333333333333334 0.8587962962962963 0.8472222222222222 0.8472222222222222 0.8587962962962963 0.8402777777777778 0.8587962962962963 0.8379629629629629 0.8611111111111112 0.8356481481481481 0.8611111111111112 0.8310185185185185 0.8541666666666666 0.8310185185185185 0.8402777777777778 0.8333333333333334 0.8379629629629629 0.8333333333333334 0.8333333333333334 0.8634259259259259 0.7986111111111112 0.8703703703703703 0.7986111111111112
0 0.8287037037037037 0.8564814814814815 0.8356481481481481 0.8634259259259259 0.8356481481481481 0.8703703703703703 0.8310185185185185 0.8796296296296297 0.8287037037037037 0.8796296296296297 0.8171296296296297 0.8680555555555556 0.8171296296296297 0.8634259259259259 0.8263888888888888 0.8564814814814815
0 0.8356481481481481 0.8773148148148148 0.8333333333333334 0.8912037037037037 0.8287037037037037 0.8888888888888888 0.8287037037037037 0.8796296296296297 0.8333333333333334 0.8773148148148148
0 0.8078703703703703 0.8587962962962963 0.8148148148148148 0.8611111111111112 0.8148148148148148 0.8657407407407407 0.8078703703703703 0.8657407407407407 0.8078703703703703 0.8611111111111112
0 0.9004629629629629 0.8217592592592593 0.9074074074074074 0.8217592592592593 0.9143518518518519 0.8263888888888888 0.9189814814814815 0.8263888888888888 0.9259259259259259 0.8425925925925926 0.9236111111111112 0.8449074074074074 0.9143518518518519 0.8449074074074074 0.9097222222222222 0.8495370370370371 0.9097222222222222 0.8587962962962963 0.9027777777777778 0.8587962962962963 0.9004629629629629 0.8564814814814815 0.9004629629629629 0.8495370370370371 0.8958333333333334 0.8449074074074074 0.8981481481481481 0.8263888888888888 0.9004629629629629 0.8240740740740741
0 0.9166666666666666 0.8449074074074074 0.9328703703703703 0.8449074074074074 0.9398148148148148 0.8495370370370371 0.9398148148148148 0.8611111111111112 0.9375 0.8611111111111112 0.9351851851851852 0.8587962962962963 0.9305555555555556 0.8587962962962963 0.9259259259259259 0.8518518518518519 0.9189814814814815 0.8518518518518519 0.9166666666666666 0.8472222222222222
0 0.9282407407407407 0.8472222222222222 0.9259259259259259 0.8518518518518519 0.9282407407407407 0.8564814814814815 0.9398148148148148 0.8634259259259259 0.9444444444444444 0.8703703703703703 0.9444444444444444 0.8865740740740741 0.9421296296296297 0.8912037037037037 0.9375 0.8888888888888888 0.9305555555555556 0.8611111111111112 0.9212962962962963 0.8541666666666666 0.9189814814814815 0.8564814814814815 0.9189814814814815 0.8495370370370371 0.9236111111111112 0.8518518518518519 0.9282407407407407 0.8495370370370371
0 0.9560185185185185 0.8564814814814815 0.9629629629629629 0.8611111111111112 0.9652777777777778 0.8657407407407407 0.9629629629629629 0.8703703703703703 0.9583333333333334 0.8680555555555556 0.9444444444444444 0.8680555555555556 0.9421296296296297 0.8564814814814815 0.9444444444444444 0.8541666666666666 0.9513888888888888 0.8541666666666666 0.9537037037037037 0.8564814814814815
0 0.9560185185185185 0.8333333333333334 0.9675925925925926 0.8379629629629629 0.9722222222222222 0.8449074074074074 0.9652777777777778 0.8518518518518519 0.9652777777777778 0.8564814814814815 0.9629629629629629 0.8587962962962963 0.9583333333333334 0.8541666666666666 0.9467592592592593 0.8518518518518519 0.9375 0.8449074074074074 0.9375 0.8402777777777778 0.9398148148148148 0.8379629629629629 0.9467592592592593 0.8379629629629629 0.9537037037037037 0.8333333333333334
0 0.9837962962962963 0.8472222222222222 0.9884259259259259 0.8518518518518519 0.9814814814814815 0.8657407407407407 0.9722222222222222 0.8657407407407407 0.9675925925925926 0.8611111111111112 0.9675925925925926 0.8541666666666666 0.9745370370370371 0.8472222222222222 0.9814814814814815 0.8472222222222222
0 0.9907407407407407 0.8518518518518519 0.9976851851851852 0.8518518518518519 0.9976851851851852 0.8703703703703703 0.9930555555555556 0.875 0.9884259259259259 0.875 0.9837962962962963 0.8703703703703703 0.9837962962962963 0.8634259259259259 0.9907407407407407 0.8541666666666666
0 0.8912037037037037 0.7962962962962963 0.9004629629629629 0.7939814814814815 0.9050925925925926 0.8032407407407407 0.9143518518518519 0.8125 0.9189814814814815 0.8240740740740741 0.9120370370370371 0.8240740740740741 0.9074074074074074 0.8194444444444444 0.9004629629629629 0.8194444444444444 0.8958333333333334 0.8263888888888888 0.8958333333333334 0.8379629629629629 0.8935185185185185 0.8402777777777778 0.8865740740740741 0.8333333333333334 0.8865740740740741 0.8055555555555556 0.8912037037037037 0.7986111111111112
0 0.8703703703703703 0.7870370370370371 0.8842592592592593 0.7870370370370371 0.8912037037037037 0.7916666666666666 0.8865740740740741 0.8009259259259259 0.8819444444444444 0.8009259259259259 0.8773148148148148 0.7986111111111112 0.8703703703703703 0.7893518518518519
0 0.8935185185185185 0.7453703703703703 0.9004629629629629 0.7453703703703703 0.9027777777777778 0.7476851851851852 0.9143518518518519 0.75 0.9259259259259259 0.7685185185185185 0.9259259259259259 0.7754629629629629 0.9212962962962963 0.7800925925925926 0.9143518518518519 0.7824074074074074 0.9097222222222222 0.7870370370370371 0.8981481481481481 0.7870370370370371 0.8935185185185185 0.7754629629629629 0.8935185185185185 0.7476851851851852
0 0.9259259259259259 0.7847222222222222 0.9421296296296297 0.7986111111111112 0.9421296296296297 0.8032407407407407 0.9351851851851852 0.8101851851851852 0.9212962962962963 0.8101851851851852 0.9189814814814815 0.8125 0.9097222222222222 0.8055555555555556 0.9097222222222222 0.7893518518518519 0.9189814814814815 0.7824074074074074 0.9236111111111112 0.7847222222222222
0 0.9421296296296297 0.8125 0.9490740740740741 0.8217592592592593 0.9490740740740741 0.8333333333333334 0.9398148148148148 0.8402777777777778 0.9398148148148148 0.8449074074074074 0.9328703703703703 0.8402777777777778 0.9328703703703703 0.8171296296296297 0.9398148148148148 0.8125
0 0.9189814814814815 0.8148148148148148 0.9236111111111112 0.8125 0.9305555555555556 0.8125 0.9328703703703703 0.8148148148148148 0.9305555555555556 0.8402777777777778 0.9259259259259259 0.8379629629629629 0.9259259259259259 0.8333333333333334 0.9212962962962963 0.8263888888888888 0.9189814814814815 0.8171296296296297
0 0.9351851851851852 0.7488425925925926 0.03125 0.052083333333333336
0 0.9618055555555556 0.7453703703703703 0.03356481481481482 0.041666666666666664
0 0.9513888888888888 0.8217592592592593 0.9745370370370371 0.8287037037037037 0.9745370370370371 0.8425925925925926 0.9722222222222222 0.8425925925925926 0.9699074074074074 0.8379629629629629 0.9606481481481481 0.8333333333333334 0.9513888888888888 0.8333333333333334 0.9513888888888888 0.8240740740740741
0 0.9652777777777778 0.7986111111111112 0.9675925925925926 0.8032407407407407 0.9814814814814815 0.8148148148148148 0.9791666666666666 0.8217592592592593 0.9722222222222222 0.8263888888888888 0.9629629629629629 0.8217592592592593 0.9537037037037037 0.8217592592592593 0.9421296296296297 0.8101851851851852 0.9444444444444444 0.8032407407407407 0.9560185185185185 0.7986111111111112 0.9629629629629629 0.7986111111111112
0 0.8171296296296297 0.7037037037037037 0.8240740740740741 0.7037037037037037 0.8379629629629629 0.7152777777777778 0.8518518518518519 0.7199074074074074 0.8611111111111112 0.7314814814814815 0.8587962962962963 0.7361111111111112 0.8541666666666666 0.7384259259259259 0.8449074074074074 0.7384259259259259 0.8379629629629629 0.7430555555555556 0.8333333333333334 0.7430555555555556 0.8240740740740741 0.7314814814814815 0.8217592592592593 0.7175925925925926 0.8171296296296297 0.7060185185185185
0 0.8206018518518519 0.75 0.028935185185185185 0.02662037037037037
0 0.8263888888888888 0.6736111111111112 0.04282407407407408 0.05324074074074074
0 0.8032407407407407 0.6828703703703703 0.8101851851851852 0.6828703703703703 0.8194444444444444 0.6875 0.8194444444444444 0.6967592592592593 0.8148148148148148 0.7013888888888888 0.8101851851851852 0.7013888888888888 0.8032407407407407 0.6967592592592593 0.8032407407407407 0.6851851851851852
0 0.7962962962962963 0.6504629629629629 0.8009259259259259 0.6550925925925926 0.8009259259259259 0.6620370370370371 0.7986111111111112 0.6643518518518519 0.7893518518518519 0.6643518518518519 0.7847222222222222 0.6620370370370371 0.7847222222222222 0.6527777777777778 0.7870370370370371 0.6504629629629629 0.7939814814814815 0.6504629629629629
0 0.8425925925925926 0.6504629629629629 0.8541666666666666 0.6481481481481481 0.8611111111111112 0.6550925925925926 0.8680555555555556 0.6736111111111112 0.8680555555555556 0.6759259259259259 0.8587962962962963 0.6851851851851852 0.8495370370370371 0.6851851851851852 0.8495370370370371 0.6805555555555556 0.8449074074074074 0.6712962962962963 0.8425925925925926 0.6527777777777778
0 0.8634259259259259 0.6921296296296297 0.8680555555555556 0.6944444444444444 0.8773148148148148 0.7060185185185185 0.8796296296296297 0.7199074074074074 0.8703703703703703 0.7199074074074074 0.8518518518518519 0.7060185185185185 0.8518518518518519 0.6990740740740741 0.8611111111111112 0.6921296296296297
0 0.8703703703703703 0.6805555555555556 0.8819444444444444 0.6851851851851852 0.8865740740740741 0.6921296296296297 0.8865740740740741 0.6990740740740741 0.8796296296296297 0.7037037037037037 0.8773148148148148 0.7037037037037037 0.8773148148148148 0.7013888888888888 0.8680555555555556 0.6921296296296297 0.8611111111111112 0.6921296296296297 0.8634259259259259 0.6828703703703703 0.8680555555555556 0.6805555555555556
0 0.8865740740740741 0.7013888888888888 0.8912037037037037 0.7037037037037037 0.9074074074074074 0.7222222222222222 0.9120370370370371 0.7314814814814815 0.9097222222222222 0.7430555555555556 0.8981481481481481 0.7430555555555556 0.8912037037037037 0.7337962962962963 0.8865740740740741 0.7314814814814815 0.8819444444444444 0.7222222222222222 0.8819444444444444 0.7060185185185185 0.8842592592592593 0.7037037037037037
0 0.9120370370370371 0.7013888888888888 0.9212962962962963 0.7060185185185185 0.9259259259259259 0.7129629629629629 0.9259259259259259 0.7245370370370371 0.9212962962962963 0.7314814814814815 0.9143518518518519 0.7314814814814815 0.9004629629629629 0.7106481481481481 0.9004629629629629 0.7037037037037037 0.9027777777777778 0.7013888888888888 0.9097222222222222 0.7013888888888888
0 0.9074074074074074 0.6967592592592593 0.9143518518518519 0.6898148148148148 0.9212962962962963 0.6898148148148148 0.9328703703703703 0.7060185185185185 0.9305555555555556 0.7152777777777778 0.9259259259259259 0.7129629629629629 0.9259259259259259 0.7083333333333334 0.9212962962962963 0.7037037037037037 0.9097222222222222 0.6990740740740741
0 0.9259259259259259 0.6689814814814815 0.9328703703703703 0.6736111111111112 0.9351851851851852 0.6805555555555556 0.9398148148148148 0.6851851851851852 0.9398148148148148 0.7013888888888888 0.9375 0.7037037037037037 0.9351851851851852 0.7037037037037037 0.9259259259259259 0.6944444444444444 0.9259259259259259 0.6921296296296297 0.9143518518518519 0.6828703703703703 0.9166666666666666 0.6736111111111112 0.9236111111111112 0.6689814814814815
0 0.9375 0.7199074074074074 0.9421296296296297 0.7106481481481481 0.9513888888888888 0.7129629629629629 0.9560185185185185 0.7175925925925926 0.9560185185185185 0.7245370370370371 0.9467592592592593 0.7291666666666666 0.9398148148148148 0.7199074074074074
0 0.9583333333333334 0.7245370370370371 0.9629629629629629 0.7175925925925926 0.9722222222222222 0.7175925925925926 0.9745370370370371 0.7152777777777778 0.9861111111111112 0.7152777777777778 0.9884259259259259 0.7175925925925926 0.9930555555555556 0.7175925925925926 0.9976851851851852 0.7222222222222222 0.9976851851851852 0.7337962962962963 0.9884259259259259 0.7314814814814815 0.9814814814814815 0.7407407407407407 0.9791666666666666 0.7407407407407407 0.9652777777777778 0.7245370370370371 0.9606481481481481 0.7245370370370371
0 0.9143518518518519 0.5439814814814815 0.9143518518518519 0.5486111111111112 0.9166666666666666 0.5509259259259259 0.9143518518518519 0.5555555555555556 0.9097222222222222 0.5555555555555556 0.9004629629629629 0.5486111111111112 0.9004629629629629 0.5439814814814815 0.9027777777777778 0.5416666666666666 0.9097222222222222 0.5416666666666666 0.9120370370370371 0.5439814814814815
0 0.8981481481481481 0.5625 0.9050925925925926 0.5601851851851852 0.9120370370370371 0.5694444444444444 0.9097222222222222 0.5740740740740741 0.9050925925925926 0.5740740740740741 0.8958333333333334 0.5671296296296297 0.8981481481481481 0.5648148148148148
0 0.8796296296296297 0.5578703703703703 0.8842592592592593 0.5601851851851852 0.8819444444444444 0.5648148148148148 0.8680555555555556 0.5648148148148148 0.8680555555555556 0.5601851851851852 0.8703703703703703 0.5578703703703703 0.8773148148148148 0.5578703703703703
0 0.9745370370370371 0.7743055555555556 0.034722222222222224 0.023148148148148147
0 0.9560185185185185 0.7662037037037037 0.9606481481481481 0.7685185185185185 0.9560185185185185 0.7754629629629629 0.9421296296296297 0.7800925925925926 0.9375 0.7893518518518519 0.9351851851851852 0.7870370370370371 0.9398148148148148 0.7847222222222222 0.9421296296296297 0.7754629629629629 0.9513888888888888 0.7662037037037037 0.9537037037037037 0.7662037037037037
0 0.9560185185185185 0.7800925925925926 0.9606481481481481 0.7847222222222222 0.9606481481481481 0.7962962962962963 0.9560185185185185 0.7962962962962963 0.9467592592592593 0.8009259259259259 0.9421296296296297 0.7986111111111112 0.9421296296296297 0.7893518518518519 0.9513888888888888 0.7800925925925926 0.9537037037037037 0.7800925925925926
0 0.9768518518518519 0.8009259259259259 0.9837962962962963 0.8078703703703703 0.9884259259259259 0.8078703703703703 0.9976851851851852 0.8148148148148148 0.9976851851851852 0.8217592592592593 0.9907407407407407 0.8217592592592593 0.9884259259259259 0.8263888888888888 0.9814814814814815 0.8217592592592593 0.9675925925925926 0.8240740740740741 0.9652777777777778 0.8217592592592593 0.9513888888888888 0.8194444444444444 0.9421296296296297 0.8101851851851852 0.9444444444444444 0.8032407407407407 0.9560185185185185 0.7986111111111112 0.9675925925925926 0.7986111111111112 0.9699074074074074 0.8009259259259259 0.9745370370370371 0.8009259259259259
0 0.9814814814814815 0.7870370370370371 0.9907407407407407 0.7939814814814815 0.9907407407407407 0.8032407407407407 0.9930555555555556 0.8055555555555556 0.9837962962962963 0.8055555555555556 0.9768518518518519 0.7986111111111112 0.9768518518518519 0.7916666666666666 0.9791666666666666 0.7893518518518519
0 0.9652777777777778 0.7847222222222222 0.9791666666666666 0.7777777777777778 0.9907407407407407 0.7777777777777778 0.9907407407407407 0.7893518518518519 0.9884259259259259 0.7916666666666666 0.9814814814814815 0.7870370370370371 0.9745370370370371 0.7962962962962963 0.9675925925925926 0.7962962962962963 0.9652777777777778 0.7939814814814815 0.9652777777777778 0.7870370370370371
0 0.9699074074074074 0.7638888888888888 0.9745370370370371 0.7523148148148148 0.9791666666666666 0.7476851851851852 0.9907407407407407 0.7476851851851852 0.9930555555555556 0.75 0.9907407407407407 0.7546296296296297 0.9907407407407407 0.7638888888888888 0.9722222222222222 0.7638888888888888
0 0.9930555555555556 0.7337962962962963 0.9976851851851852 0.7361111111111112 0.9976851851851852 0.7453703703703703 0.9930555555555556 0.7476851851851852 0.9814814814814815 0.7453703703703703 0.9837962962962963 0.7384259259259259 0.9907407407407407 0.7337962962962963
0 0.9976851851851852 0.7731481481481481 0.9907407407407407 0.7615740740740741 0.9930555555555556 0.7523148148148148 0.9976851851851852 0.75 0.9976851851851852 0.7708333333333334
0 0.9768518518518519 0.8240740740740741 0.9814814814814815 0.8240740740740741 0.9884259259259259 0.8287037037037037 0.9907407407407407 0.8333333333333334 0.9907407407407407 0.8472222222222222 0.9861111111111112 0.8472222222222222 0.9814814814814815 0.8402777777777778 0.9768518518518519 0.8425925925925926 0.9745370370370371 0.8379629629629629 0.9768518518518519 0.8356481481481481 0.9768518518518519 0.8263888888888888
0 0.25925925925925924 0.12037037037037036 0.006944444444444444 0.009259259259259259
0 0.12962962962962962 0 0.14351851851851852 0 0.1388888888888889 0.004629629629629629 0.12962962962962962 0.004629629629629629 0.12962962962962962 0.0023148148148148147
0 0.3795299490740741 0.05715509259259259 0.3779440115740741 0.05715509259259259 0.3779440115740741 0.057187499999999995 0.3795299490740741 0.057187499999999995 0.3795299490740741 0.05715509259259259
0 0.3784722222222222 0.056712962962962965 0.006944444444444444 0.009259259259259259
0 0.3854166666666667 0.046296296296296294 0.004629629629629629 0.006944444444444444
0 0.2569444444444444 0.5208333333333334 0.25925925925925924 0.5231481481481481 0.25925925925925924 0.5347222222222222 0.2523148148148148 0.5416666666666666 0.24768518518518517 0.5416666666666666 0.24768518518518517 0.5300925925925926 0.25 0.5254629629629629 0.25462962962962965 0.5231481481481481
0 0.06944444444444445 0 0.09259259259259259 0 0.09259259259259259 0.009259259259259259 0.08101851851851852 0.013888888888888888 0.07175925925925926 0.013888888888888888 0.06944444444444445 0.011574074074074073 0.06944444444444445 0.0023148148148148147
0 0.09722222222222222 0 0.1087962962962963 0 0.10648148148148148 0.009259259259259259 0.10185185185185185 0.011574074074074073 0.09490740740740741 0.011574074074074073 0.09722222222222222 0.0023148148148148147
0 0.04398148148148148 0 0.05555555555555555 0 0.05787037037037037 0.011574074074074073 0.06018518518518518 0.013888888888888888 0.06018518518518518 0.018518518518518517 0.05787037037037037 0.020833333333333332 0.05324074074074074 0.020833333333333332 0.04398148148148148 0.0023148148148148147
0 0.05555555555555555 0 0.06712962962962964 0 0.06712962962962964 0.006944444444444444 0.06944444444444445 0.009259259259259259 0.06712962962962964 0.013888888888888888 0.06018518518518518 0.013888888888888888 0.05555555555555555 0.0023148148148148147
0 0.013888888888888888 0 0.037037037037037035 0 0.037037037037037035 0.009259259259259259 0.034722222222222224 0.011574074074074073 0.02546296296296296 0.011574074074074073 0.018518518518518517 0.018518518518518517 0.016203703703703703 0.018518518518518517 0.016203703703703703 0.004629629629629629 0.013888888888888888 0.0023148148148148147
0 0.041666666666666664 0.004629629629629629 0.046296296296296294 0.009259259259259259 0.04861111111111111 0.020833333333333332 0.04398148148148148 0.020833333333333332 0.037037037037037035 0.013888888888888888 0.037037037037037035 0.009259259259259259 0.03935185185185185 0.006944444444444444
0 0 0 0.013888888888888888 0 0.013888888888888888 0.009259259259259259 0.016203703703703703 0.011574074074074073 0.016203703703703703 0.018518518518518517 0.011574074074074073 0.020833333333333332 0 0.020833333333333332 0 0.0023148148148148147
0 0.19635416666666666 0.11527777777777777 0.19296875 0.11157407407407408 0.18567708333333335 0.11157407407407408 0.17760416666666665 0.11898148148148148 0.17838541666666666 0.12175925925925926 0.18307291666666667 0.12314814814814816 0.19296875 0.11990740740740741 0.19635416666666666 0.11527777777777777
0 0.16536458333333334 0.1574074074074074 0.16458333333333333 0.15324074074074076 0.15572916666666667 0.15185185185185185 0.15546875 0.15416666666666665 0.1578125 0.15925925925925924 0.16171875 0.16064814814814815 0.16536458333333334 0.1574074074074074
0 0.171875 0.14027777777777778 0.16354166666666667 0.14444444444444443 0.16145833333333334 0.14351851851851852 0.1640625 0.15046296296296297 0.16822916666666665 0.15046296296296297 0.175 0.1439814814814815 0.171875 0.14027777777777778