0 0.42592592592592593 0.5879629629629629 0.42824074074074076 0.5925925925925926 0.42824074074074076 0.6203703703703703 0.4212962962962963 0.6296296296296297 0.4166666666666667 0.6296296296296297 0.41435185185185186 0.6319444444444444 0.4050925925925926 0.6319444444444444 0.4027777777777778 0.6273148148148148 0.4050925925925926 0.5949074074074074 0.41203703703703703 0.5879629629629629 0.4236111111111111 0.5879629629629629
0 0.7326388888888888 0.8321759259259259 0.018518518518518517 0.03587962962962963
0 0.5763888888888888 0.7222222222222222 0.5810185185185185 0.7314814814814815 0.5763888888888888 0.7430555555555556 0.5717592592592593 0.7407407407407407 0.5717592592592593 0.7361111111111112 0.5694444444444444 0.7337962962962963 0.5694444444444444 0.7245370370370371 0.5740740740740741 0.7222222222222222
0 0.5601851851851852 0.2337962962962963 0.5648148148148148 0.2361111111111111 0.5717592592592593 0.24537037037037038 0.5694444444444444 0.2569444444444444 0.5625 0.2569444444444444 0.5462962962962963 0.25 0.5462962962962963 0.2337962962962963 0.5486111111111112 0.23148148148148148 0.5555555555555556 0.23148148148148148 0.5578703703703703 0.2337962962962963
0 0.5694444444444444 0.34953703703703703 0.5717592592592593 0.35185185185185186 0.5717592592592593 0.3726851851851852 0.5694444444444444 0.3773148148148148 0.5648148148148148 0.37962962962962965 0.5601851851851852 0.3773148148148148 0.5578703703703703 0.3611111111111111 0.5601851851851852 0.3587962962962963 0.5601851851851852 0.3541666666666667 0.5671296296296297 0.34953703703703703
0 0.4837962962962963 0.8055555555555556 0.48842592592592593 0.8078703703703703 0.49537037037037035 0.8171296296296297 0.49537037037037035 0.8217592592592593 0.5 0.8310185185185185 0.5 0.8402777777777778 0.49074074074074076 0.8495370370370371 0.48842592592592593 0.8495370370370371 0.48842592592592593 0.8449074074074074 0.48148148148148145 0.8402777777777778 0.48148148148148145 0.8263888888888888 0.4791666666666667 0.8240740740740741 0.4791666666666667 0.8101851851851852 0.48148148148148145 0.8078703703703703
0 0.5208333333333334 0.8472222222222222 0.5231481481481481 0.8518518518518519 0.5231481481481481 0.8611111111111112 0.5208333333333334 0.8657407407407407 0.5162037037037037 0.8680555555555556 0.5046296296296297 0.8680555555555556 0.5 0.8657407407407407 0.4976851851851852 0.8611111111111112 0.4976851851851852 0.8495370370370371 0.5046296296296297 0.8449074074074074 0.5162037037037037 0.8449074074074074 0.5185185185185185 0.8472222222222222
0 0.6203703703703703 0.4351851851851852 0.6226851851851852 0.44675925925925924 0.625 0.44907407407407407 0.625 0.46296296296296297 0.6226851851851852 0.4652777777777778 0.6226851851851852 0.4699074074074074 0.6180555555555556 0.47453703703703703 0.6087962962962963 0.47453703703703703 0.6041666666666666 0.4699074074074074 0.6041666666666666 0.44907407407407407 0.6064814814814815 0.4444444444444444 0.6157407407407407 0.4351851851851852 0.6180555555555556 0.4351851851851852
0 0.7118055555555556 0.7233796296296297 0.03819444444444445 0.04398148148148148
0 0.9375 0 0.9421296296296297 0.004629629629629629 0.9467592592592593 0.004629629629629629 0.9513888888888888 0 0.9814814814814815 0 0.9837962962962963 0.0023148148148148147 0.9953703703703703 0.0023148148148148147 0.9976851851851852 0.004629629629629629 0.9976851851851852 0.14351851851851852 0.9675925925925926 0.17592592592592593 0.9652777777777778 0.18287037037037038 0.9537037037037037 0.19212962962962962 0.9490740740740741 0.18981481481481483 0.9351851851851852 0.1736111111111111 0.9305555555555556 0.16435185185185186 0.9282407407407407 0.15046296296296297 0.9212962962962963 0.1412037037037037 0.9212962962962963 0.13657407407407407 0.9166666666666666 0.12731481481481483 0.9166666666666666 0.11574074074074074 0.9050925925925926 0.09027777777777778 0.9050925925925926 0.07407407407407407 0.9027777777777778 0.07175925925925926 0.9027777777777778 0.05787037037037037 0.9004629629629629 0.05555555555555555 0.9004629629629629 0.032407407407407406 0.9143518518518519 0.013888888888888888 0.9166666666666666 0.0023148148148148147 0.9189814814814815 0 0.9351851851851852 0
0 0.9074074074074074 0.8009259259259259 0.9074074074074074 0.8171296296296297 0.9097222222222222 0.8194444444444444 0.9097222222222222 0.8287037037037037 0.9120370370370371 0.8310185185185185 0.9143518518518519 0.8472222222222222 0.9166666666666666 0.8495370370370371 0.9166666666666666 0.8657407407407407 0.9143518518518519 0.8680555555555556 0.9120370370370371 0.8796296296296297 0.9050925925925926 0.8888888888888888 0.8981481481481481 0.8888888888888888 0.8958333333333334 0.8865740740740741 0.8912037037037037 0.8703703703703703 0.8842592592592593 0.8611111111111112 0.8842592592592593 0.8518518518518519 0.8865740740740741 0.8495370370370371 0.8865740740740741 0.8402777777777778 0.8888888888888888 0.8379629629629629 0.8865740740740741 0.8333333333333334 0.8888888888888888 0.8310185185185185 0.8888888888888888 0.8032407407407407 0.8912037037037037 0.8009259259259259 0.8912037037037037 0.7962962962962963 0.8935185185185185 0.7939814814814815 0.9004629629629629 0.7939814814814815 0.9050925925925926 0.8009259259259259