0 0.9421296296296297 0.04398148148148148 0.9537037037037037 0.037037037037037035 0.9675925925925926 0.03935185185185185 0.9699074074074074 0.04398148148148148 0.9537037037037037 0.05555555555555555 0.9513888888888888 0.05324074074074074 0.9467592592592593 0.05324074074074074 0.9421296296296297 0.046296296296296294
0 0.9930555555555556 0.05787037037037037 0.013888888888888888 0.017361111111111112
0 0.9259259259259259 0.03935185185185185 0.9351851851851852 0.046296296296296294 0.9398148148148148 0.05324074074074074 0.9259259259259259 0.05324074074074074 0.9143518518518519 0.04861111111111111 0.9143518518518519 0.04398148148148148 0.9236111111111112 0.03935185185185185
0 0.8842592592592593 0.004629629629629629 0.8888888888888888 0.013888888888888888 0.8819444444444444 0.023148148148148147 0.8657407407407407 0.023148148148148147 0.8564814814814815 0.018518518518518517 0.8564814814814815 0.006944444444444444 0.8634259259259259 0 0.8796296296296297 0 0.8819444444444444 0.004629629629629629
0 0.7962962962962963 0.2199074074074074 0.8032407407407407 0.2222222222222222 0.8125 0.23148148148148148 0.8125 0.24074074074074073 0.8148148148148148 0.24305555555555555 0.8125 0.25462962962962965 0.8078703703703703 0.25925925925925924 0.8032407407407407 0.25925925925925924 0.7962962962962963 0.25462962962962965 0.7939814814814815 0.25 0.7962962962962963 0.2222222222222222
0 0.5787037037037037 0.2361111111111111 0.5856481481481481 0.23842592592592593 0.5949074074074074 0.24537037037037038 0.6134259259259259 0.25 0.6203703703703703 0.25462962962962965 0.6319444444444444 0.25462962962962965 0.6365740740740741 0.26157407407407407 0.6365740740740741 0.27546296296296297 0.6319444444444444 0.2800925925925926 0.6180555555555556 0.2824074074074074 0.5972222222222222 0.27314814814814814 0.5810185185185185 0.26157407407407407 0.5787037037037037 0.23842592592592593
0 0.5011574074074074 0.03009259259259259 0.01273148148148148 0.017361111111111112
0 0.7824074074074074 0.21296296296296297 0.7939814814814815 0.2152777777777778 0.8125 0.23148148148148148 0.8125 0.23842592592592593 0.8148148148148148 0.24074074074074073 0.8148148148148148 0.25 0.8125 0.25462962962962965 0.8078703703703703 0.25925925925925924 0.7986111111111112 0.2569444444444444 0.7870370370370371 0.24305555555555555 0.7847222222222222 0.2152777777777778
0 0.9976851851851852 0.09953703703703703 0.9976851851851852 0.1111111111111111 0.9861111111111112 0.10648148148148148 0.9907407407407407 0.10185185185185185 0.9953703703703703 0.10185185185185185
0 0.5300925925925926 0.02546296296296296 0.5324074074074074 0.03009259259259259 0.5324074074074074 0.04398148148148148 0.5277777777777778 0.046296296296296294 0.5208333333333334 0.046296296296296294 0.5208333333333334 0.032407407407407406 0.5231481481481481 0.027777777777777776 0.5277777777777778 0.02546296296296296
0 0.9745370370370371 0.011574074074074073 0.9814814814814815 0.011574074074074073 0.9953703703703703 0.03009259259259259 0.9953703703703703 0.03935185185185185 0.9884259259259259 0.032407407407407406 0.9768518518518519 0.027777777777777776 0.9699074074074074 0.020833333333333332 0.9629629629629629 0.02546296296296296 0.9629629629629629 0.023148148148148147 0.9652777777777778 0.023148148148148147 0.9745370370370371 0.013888888888888888
0 0.9375 0.004629629629629629 0.9398148148148148 0.006944444444444444 0.9398148148148148 0.016203703703703703 0.9305555555555556 0.018518518518518517 0.9236111111111112 0.032407407407407406 0.9143518518518519 0.03009259259259259 0.9120370370370371 0.027777777777777776 0.9120370370370371 0.020833333333333332 0.9166666666666666 0.011574074074074073 0.9282407407407407 0.004629629629629629 0.9351851851851852 0.004629629629629629
0 0.9050925925925926 0.03009259259259259 0.9074074074074074 0.032407407407407406 0.9189814814814815 0.034722222222222224 0.9212962962962963 0.03935185185185185 0.9143518518518519 0.04398148148148148 0.9050925925925926 0.04398148148148148 0.9027777777777778 0.041666666666666664 0.9027777777777778 0.032407407407407406
0 0.3449074074074074 0.26157407407407407 0.3587962962962963 0.26851851851851855 0.36574074074074076 0.26851851851851855 0.3680555555555556 0.2708333333333333 0.37962962962962965 0.27314814814814814 0.3912037037037037 0.2847222222222222 0.41203703703703703 0.29398148148148145 0.41898148148148145 0.30324074074074076 0.42592592592592593 0.3055555555555556 0.4398148148148148 0.3194444444444444 0.44212962962962965 0.33101851851851855 0.41898148148148145 0.3611111111111111 0.41898148148148145 0.375 0.4097222222222222 0.38657407407407407 0.3958333333333333 0.38425925925925924 0.37037037037037035 0.3680555555555556 0.3541666666666667 0.35185185185185186 0.3472222222222222 0.3425925925925926 0.3425925925925926 0.33101851851851855 0.33796296296296297 0.3263888888888889 0.33564814814814814 0.3125 0.3333333333333333 0.3101851851851852 0.3333333333333333 0.2777777777777778 0.33796296296296297 0.2708333333333333 0.33796296296296297 0.2638888888888889 0.3425925925925926 0.26157407407407407
0 0.9907407407407407 0.015046296296296295 0.018518518518518517 0.03009259259259259
0 0.4212962962962963 0.11574074074074074 0.4305555555555556 0.11574074074074074 0.43287037037037035 0.11342592592592593 0.44212962962962965 0.11574074074074074 0.44907407407407407 0.12268518518518519 0.4513888888888889 0.13425925925925927 0.4537037037037037 0.13657407407407407 0.4537037037037037 0.15046296296296297 0.4513888888888889 0.1550925925925926 0.4398148148148148 0.16666666666666666 0.4305555555555556 0.16666666666666666 0.42592592592592593 0.16435185185185186 0.4166666666666667 0.1574074074074074 0.41435185185185186 0.1527777777777778 0.41435185185185186 0.125 0.4212962962962963 0.11805555555555555
0 0.9722222222222222 0.04861111111111111 0.9814814814814815 0.06018518518518518 0.9768518518518519 0.05787037037037037 0.9745370370370371 0.06018518518518518 0.9675925925925926 0.06018518518518518 0.9583333333333334 0.06712962962962964 0.9537037037037037 0.06712962962962964 0.9513888888888888 0.06481481481481481 0.9513888888888888 0.06018518518518518 0.9583333333333334 0.05324074074074074 0.9699074074074074 0.04861111111111111
0 0.9074074074074074 0 0.9259259259259259 0 0.9259259259259259 0.004629629629629629 0.9189814814814815 0.009259259259259259 0.9074074074074074 0.006944444444444444 0.9074074074074074 0.0023148148148148147
0 0.9814814814814815 0.06018518518518518 0.9837962962962963 0.0625 0.9837962962962963 0.07407407407407407 0.9745370370370371 0.08101851851851852 0.9652777777777778 0.08101851851851852 0.9606481481481481 0.0787037037037037 0.9583333333333334 0.0763888888888889 0.9583333333333334 0.06944444444444445 0.9652777777777778 0.0625 0.9791666666666666 0.06018518518518518
0 0.5555555555555556 0.018518518518518517 0.5555555555555556 0.027777777777777776 0.5509259259259259 0.03009259259259259 0.5486111111111112 0.03009259259259259 0.5462962962962963 0.02546296296296296 0.5486111111111112 0.020833333333333332 0.5532407407407407 0.018518518518518517
0 0.9444444444444444 0.10648148148148148 0.9490740740740741 0.1087962962962963 0.9537037037037037 0.12037037037037036 0.9513888888888888 0.13425925925925927 0.9444444444444444 0.13425925925925927 0.9375 0.12731481481481483 0.9328703703703703 0.11805555555555555 0.9328703703703703 0.1087962962962963 0.9351851851851852 0.10648148148148148 0.9421296296296297 0.10648148148148148
0 0.90625 0.019675925925925927 0.018518518518518517 0.019675925925925927
0 0.9421296296296297 0.04861111111111111 0.9375 0.04398148148148148 0.9305555555555556 0.041666666666666664 0.9259259259259259 0.034722222222222224 0.9282407407407407 0.023148148148148147 0.9305555555555556 0.020833333333333332 0.9398148148148148 0.016203703703703703 0.9467592592592593 0.016203703703703703 0.9537037037037037 0.023148148148148147 0.9537037037037037 0.03009259259259259 0.9421296296296297 0.046296296296296294
0 0.9375 0 0.9560185185185185 0 0.9490740740740741 0.006944444444444444 0.9490740740740741 0.011574074074074073 0.9421296296296297 0.011574074074074073 0.9421296296296297 0.006944444444444444 0.9375 0.0023148148148148147
0 0.9537037037037037 0 0.9560185185185185 0.0023148148148148147 0.9583333333333334 0 0.9652777777777778 0 0.9745370370370371 0.006944444444444444 0.9699074074074074 0.016203703703703703 0.9560185185185185 0.023148148148148147 0.9467592592592593 0.011574074074074073 0.9537037037037037 0.0023148148148148147
0 0.8935185185185185 0.027777777777777776 0.9004629629629629 0.032407407407407406 0.9004629629629629 0.041666666666666664 0.9027777777777778 0.04398148148148148 0.9004629629629629 0.04861111111111111 0.8888888888888888 0.05092592592592592 0.8842592592592593 0.046296296296296294 0.8842592592592593 0.034722222222222224 0.8865740740740741 0.03009259259259259 0.8912037037037037 0.03009259259259259