0 0.24305555555555555 0.25 0.2569444444444444 0.25 0.25925925925925924 0.24768518518518517 0.2708333333333333 0.24768518518518517 0.27314814814814814 0.25 0.2708333333333333 0.2638888888888889 0.2662037037037037 0.26851851851851855 0.2523148148148148 0.26851851851851855 0.24305555555555555 0.2638888888888889 0.24074074074074073 0.25925925925925924 0.24305555555555555 0.2523148148148148
0 0.6111111111111112 0.09027777777777778 0.034722222222222224 0.04513888888888889
0 0.4652777777777778 0.03935185185185185 0.4699074074074074 0.04398148148148148 0.4699074074074074 0.05555555555555555 0.46296296296296297 0.05555555555555555 0.4583333333333333 0.05092592592592592 0.46064814814814814 0.041666666666666664 0.46296296296296297 0.041666666666666664
0 0.5694444444444444 0.3333333333333333 0.5694444444444444 0.32175925925925924 0.5717592592592593 0.3194444444444444 0.5763888888888888 0.32175925925925924 0.5763888888888888 0.3333333333333333 0.5717592592592593 0.3333333333333333
0 0.13425925925925927 0.3472222222222222 0.14351851851851852 0.3541666666666667 0.14351851851851852 0.39814814814814814 0.1412037037037037 0.4027777777777778 0.125 0.4166666666666667 0.09722222222222222 0.4166666666666667 0.08101851851851852 0.4097222222222222 0.06944444444444445 0.3912037037037037 0.06712962962962964 0.375 0.08333333333333333 0.36574074074074076 0.08796296296296297 0.36574074074074076 0.09722222222222222 0.35648148148148145 0.10648148148148148 0.3425925925925926 0.11805555555555555 0.3425925925925926 0.12037037037037036 0.3449074074074074 0.13194444444444445 0.3472222222222222
0 0.23842592592592593 0.06018518518518518 0.24305555555555555 0.06712962962962964 0.24305555555555555 0.09722222222222222 0.24074074074074073 0.09953703703703703 0.24074074074074073 0.11574074074074074 0.2337962962962963 0.12268518518518519 0.2175925925925926 0.12962962962962962 0.21296296296296297 0.12962962962962962 0.20833333333333334 0.12037037037037036 0.20601851851851852 0.09027777777777778 0.2037037037037037 0.08796296296296297 0.2037037037037037 0.06944444444444445 0.20601851851851852 0.06481481481481481 0.2152777777777778 0.0625 0.2222222222222222 0.05787037037037037 0.2337962962962963 0.05787037037037037 0.2361111111111111 0.06018518518518518
0 0.5254629629629629 0.18518518518518517 0.5254629629629629 0.18055555555555555 0.5300925925925926 0.17592592592592593 0.5347222222222222 0.17824074074074073 0.5347222222222222 0.18287037037037038 0.5324074074074074 0.18518518518518517 0.5277777777777778 0.18518518518518517
0 0.35648148148148145 0.2175925925925926 0.3587962962962963 0.2222222222222222 0.3587962962962963 0.2337962962962963 0.3541666666666667 0.23842592592592593 0.34953703703703703 0.23842592592592593 0.3472222222222222 0.24074074074074073 0.33796296296296297 0.2337962962962963 0.33564814814814814 0.2222222222222222 0.3425925925925926 0.2175925925925926 0.3541666666666667 0.2175925925925926
0 0.07175925925925926 0.6782407407407407 0.08333333333333333 0.6898148148148148 0.08333333333333333 0.7013888888888888 0.08101851851851852 0.7060185185185185 0.0763888888888889 0.7083333333333334 0.04861111111111111 0.7083333333333334 0.046296296296296294 0.7060185185185185 0.04861111111111111 0.6967592592592593 0.05555555555555555 0.6851851851851852 0.0625 0.6782407407407407 0.06944444444444445 0.6782407407407407
0 0.5277777777777778 0.5625 0.5300925925925926 0.5648148148148148 0.5300925925925926 0.5694444444444444 0.5254629629629629 0.5787037037037037 0.5185185185185185 0.5879629629629629 0.5092592592592593 0.5949074074074074 0.5023148148148148 0.5949074074074074 0.5 0.5925925925925926 0.5023148148148148 0.5763888888888888 0.5138888888888888 0.5625 0.5254629629629629 0.5625
0 0.6504629629629629 0 0.6689814814814815 0 0.6736111111111112 0.004629629629629629 0.6736111111111112 0.009259259259259259 0.6759259259259259 0.011574074074074073 0.6736111111111112 0.016203703703703703 0.6504629629629629 0.016203703703703703 0.6481481481481481 0.013888888888888888 0.6504629629629629 0.0023148148148148147
0 0.9421296296296297 0.7569444444444444 0.02662037037037037 0.02546296296296296
0 0.3333333333333333 0.13425925925925927 0.33564814814814814 0.13657407407407407 0.33564814814814814 0.1412037037037037 0.3287037037037037 0.14814814814814814 0.32407407407407407 0.14814814814814814 0.32175925925925924 0.14583333333333334 0.32175925925925924 0.13657407407407407 0.32407407407407407 0.13425925925925927 0.33101851851851855 0.13425925925925927
0 0.20601851851851852 0.034722222222222224 0.21296296296296297 0.032407407407407406 0.2222222222222222 0.041666666666666664 0.22453703703703703 0.041666666666666664 0.22916666666666666 0.04861111111111111 0.22916666666666666 0.05324074074074074 0.22685185185185186 0.05555555555555555 0.2222222222222222 0.05555555555555555 0.2037037037037037 0.06481481481481481 0.2013888888888889 0.0625 0.19907407407407407 0.05092592592592592 0.20601851851851852 0.037037037037037035
0 0.3912037037037037 0.4212962962962963 0.3912037037037037 0.4537037037037037 0.3726851851851852 0.4722222222222222 0.36574074074074076 0.4699074074074074 0.3541666666666667 0.4583333333333333 0.35648148148148145 0.42824074074074076 0.3611111111111111 0.4212962962962963 0.3726851851851852 0.4212962962962963 0.375 0.41898148148148145 0.38657407407407407 0.41898148148148145 0.3888888888888889 0.4212962962962963
0 0.6851851851851852 0.6018518518518519 0.6921296296296297 0.6018518518518519 0.6921296296296297 0.6041666666666666 0.6990740740740741 0.6087962962962963 0.7013888888888888 0.6203703703703703 0.7037037037037037 0.6226851851851852 0.7037037037037037 0.6319444444444444 0.6921296296296297 0.6342592592592593 0.6805555555555556 0.6226851851851852 0.6805555555555556 0.6134259259259259 0.6851851851851852 0.6041666666666666
0 0.3888888888888889 0.1875 0.3888888888888889 0.19907407407407407 0.38425925925925924 0.2013888888888889 0.375 0.2013888888888889 0.37037037037037035 0.19675925925925927 0.37037037037037035 0.19212962962962962 0.375 0.1875 0.38657407407407407 0.1875
0 0.7453703703703703 0.16435185185185186 0.7476851851851852 0.16666666666666666 0.7476851851851852 0.17592592592592593 0.7453703703703703 0.17824074074074073 0.7430555555555556 0.19907407407407407 0.7384259259259259 0.20833333333333334 0.7314814814814815 0.21296296296296297 0.7199074074074074 0.21296296296296297 0.7129629629629629 0.20601851851851852 0.7129629629629629 0.19675925925925927 0.7199074074074074 0.1875 0.7245370370370371 0.17592592592592593 0.7291666666666666 0.1712962962962963 0.7430555555555556 0.16666666666666666