0 0.6851851851851852 0 0.7060185185185185 0 0.7083333333333334 0.004629629629629629 0.7060185185185185 0.006944444444444444 0.7060185185185185 0.011574074074074073 0.6851851851851852 0.011574074074074073 0.6828703703703703 0.006944444444444444 0.6851851851851852 0.0023148148148148147
0 0.9675925925925926 0.009259259259259259 0.9699074074074074 0.011574074074074073 0.9699074074074074 0.020833333333333332 0.9652777777777778 0.02546296296296296 0.9560185185185185 0.02546296296296296 0.9537037037037037 0.023148148148148147 0.9537037037037037 0.013888888888888888 0.9583333333333334 0.009259259259259259 0.9652777777777778 0.009259259259259259
0 0.18287037037037038 0.07175925925925926 0.18055555555555555 0.06712962962962964 0.18055555555555555 0.05787037037037037 0.18287037037037038 0.05555555555555555 0.18518518518518517 0.04398148148148148 0.18981481481481483 0.03935185185185185 0.20601851851851852 0.034722222222222224 0.2199074074074074 0.02546296296296296 0.22685185185185186 0.02546296296296296 0.2337962962962963 0.034722222222222224 0.2337962962962963 0.03935185185185185 0.2361111111111111 0.041666666666666664 0.2361111111111111 0.05555555555555555 0.23842592592592593 0.05787037037037037 0.2361111111111111 0.06481481481481481 0.23148148148148148 0.06712962962962964 0.2222222222222222 0.06712962962962964 0.2199074074074074 0.06944444444444445 0.18981481481481483 0.06944444444444445 0.18518518518518517 0.07175925925925926
0 0.36574074074074076 0.018518518518518517 0.37037037037037035 0.020833333333333332 0.3773148148148148 0.03009259259259259 0.37962962962962965 0.05324074074074074 0.37037037037037035 0.05787037037037037 0.3449074074074074 0.05787037037037037 0.3425925925925926 0.06018518518518518 0.33564814814814814 0.06018518518518518 0.33101851851851855 0.05555555555555555 0.33101851851851855 0.05092592592592592 0.3287037037037037 0.04861111111111111 0.3287037037037037 0.032407407407407406 0.3333333333333333 0.02546296296296296 0.3425925925925926 0.020833333333333332 0.36342592592592593 0.018518518518518517
0 0.8703703703703703 0.004629629629629629 0.8726851851851852 0.009259259259259259 0.8726851851851852 0.018518518518518517 0.8703703703703703 0.023148148148148147 0.8611111111111112 0.023148148148148147 0.8587962962962963 0.020833333333333332 0.8587962962962963 0.011574074074074073 0.8680555555555556 0.004629629629629629
0 0.12962962962962962 0.12731481481481483 0.13657407407407407 0.13194444444444445 0.13657407407407407 0.14583333333333334 0.125 0.1550925925925926 0.12037037037037036 0.1550925925925926 0.11805555555555555 0.1527777777777778 0.11574074074074074 0.14814814814814814 0.11574074074074074 0.13657407407407407 0.12037037037037036 0.12962962962962962 0.12731481481481483 0.12731481481481483
0 0.44560185185185186 0.05439814814814815 0.018518518518518517 0.020833333333333332
0 0.3101851851851852 0.027777777777777776 0.31712962962962965 0.037037037037037035 0.31712962962962965 0.046296296296296294 0.3148148148148148 0.04861111111111111 0.3101851851851852 0.04861111111111111 0.30787037037037035 0.046296296296296294 0.28703703703703703 0.04861111111111111 0.2847222222222222 0.046296296296296294 0.28703703703703703 0.037037037037037035 0.2916666666666667 0.03009259259259259 0.30787037037037035 0.027777777777777776
0 0.03356481481481482 0.3460648148148148 0.018518518518518517 0.02662037037037037
0 0 0.3611111111111111 0 0.3472222222222222 0.009259259259259259 0.3402777777777778 0.016203703703703703 0.3449074074074074 0.018518518518518517 0.3541666666666667 0.016203703703703703 0.3587962962962963 0.009259259259259259 0.36342592592592593 0.004629629629629629 0.36342592592592593 0.0023148148148148147 0.3611111111111111
0 0.1550925925925926 0.034722222222222224 0.16666666666666666 0.03935185185185185 0.1712962962962963 0.05092592592592592 0.1712962962962963 0.0625 0.1597222222222222 0.06481481481481481 0.1574074074074074 0.06712962962962964 0.14814814814814814 0.06712962962962964 0.14583333333333334 0.06481481481481481 0.14583333333333334 0.03935185185185185 0.14814814814814814 0.037037037037037035 0.1527777777777778 0.037037037037037035
0 0.4722222222222222 0.12962962962962962 0.49537037037037035 0.14814814814814814 0.49537037037037035 0.1597222222222222 0.4861111111111111 0.16435185185185186 0.47685185185185186 0.16435185185185186 0.4722222222222222 0.16898148148148148 0.46064814814814814 0.16898148148148148 0.4583333333333333 0.1712962962962963 0.4537037037037037 0.16898148148148148 0.4537037037037037 0.14583333333333334 0.45601851851851855 0.14351851851851852 0.45601851851851855 0.13657407407407407 0.46296296296296297 0.12962962962962962 0.4699074074074074 0.12962962962962962
0 0.3773148148148148 0.0763888888888889 0.37962962962962965 0.08101851851851852 0.37962962962962965 0.08796296296296297 0.3773148148148148 0.09027777777777778 0.36574074074074076 0.08796296296296297 0.3680555555555556 0.0763888888888889 0.37037037037037035 0.07407407407407407 0.375 0.0763888888888889
0 0.26851851851851855 0.07175925925925926 0.27314814814814814 0.08101851851851852 0.2708333333333333 0.08564814814814815 0.2569444444444444 0.08564814814814815 0.25462962962962965 0.08333333333333333 0.24537037037037038 0.08333333333333333 0.24305555555555555 0.08101851851851852 0.24537037037037038 0.07407407407407407 0.25 0.07175925925925926 0.25925925925925924 0.07175925925925926 0.26157407407407407 0.06944444444444445 0.2662037037037037 0.07175925925925926
0 0 0.12268518518518519 0.0023148148148148147 0.12268518518518519 0.0023148148148148147 0.12731481481481483 0.006944444444444444 0.13657407407407407 0.006944444444444444 0.14351851851851852 0.009259259259259259 0.14583333333333334 0.009259259259259259 0.1574074074074074 0 0.16435185185185186 0 0.125
0 0.041666666666666664 0.12268518518518519 0.041666666666666664 0.11574074074074074 0.04861111111111111 0.10648148148148148 0.05324074074074074 0.1087962962962963 0.05555555555555555 0.12037037037037036 0.05324074074074074 0.12268518518518519 0.04398148148148148 0.12268518518518519
0 0.8171296296296297 0 0.8217592592592593 0 0.8217592592592593 0.004629629629629629 0.8240740740740741 0.006944444444444444 0.8217592592592593 0.018518518518518517 0.8194444444444444 0.020833333333333332 0.8101851851851852 0.020833333333333332 0.8078703703703703 0.018518518518518517 0.8101851851851852 0.009259259259259259 0.8171296296296297 0.0023148148148148147