0 0.8321759259259259 0.10416666666666667 0.009259259259259259 0.011574074074074073
0 0.4675925925925926 0.08564814814814815 0.4699074074074074 0.08564814814814815 0.47453703703703703 0.09259259259259259 0.4722222222222222 0.09490740740740741 0.4675925925925926 0.09490740740740741 0.4675925925925926 0.08796296296296297
0 0.8009259259259259 0.018518518518518517 0.8078703703703703 0.018518518518518517 0.8078703703703703 0.03935185185185185 0.8009259259259259 0.03935185185185185 0.7986111111111112 0.037037037037037035 0.7986111111111112 0.023148148148148147 0.8009259259259259 0.020833333333333332
0 0.6342592592592593 0.3263888888888889 0.6504629629629629 0.3402777777777778 0.6574074074074074 0.35648148148148145 0.6550925925925926 0.3773148148148148 0.6527777777777778 0.3819444444444444 0.6435185185185185 0.3888888888888889 0.6296296296296297 0.3888888888888889 0.6180555555555556 0.38425925925925924 0.6087962962962963 0.37037037037037035 0.6087962962962963 0.35185185185185186 0.6134259259259259 0.3402777777777778 0.6319444444444444 0.3263888888888889
0 0.5439814814814815 0.2337962962962963 0.5555555555555556 0.2337962962962963 0.5625 0.23842592592592593 0.5625 0.24768518518518517 0.5601851851851852 0.25 0.5555555555555556 0.24768518518518517 0.5439814814814815 0.25 0.5416666666666666 0.24768518518518517 0.5416666666666666 0.23842592592592593 0.5439814814814815 0.2361111111111111
0 0.7384259259259259 0.30787037037037035 0.7407407407407407 0.3101851851851852 0.75 0.3101851851851852 0.7546296296296297 0.3148148148148148 0.7546296296296297 0.32407407407407407 0.7291666666666666 0.32407407407407407 0.7268518518518519 0.32175925925925924 0.7222222222222222 0.32175925925925924 0.7199074074074074 0.31712962962962965 0.7268518518518519 0.3101851851851852 0.7361111111111112 0.30787037037037035
0 0.9976851851851852 0.009259259259259259 0.9976851851851852 0.03009259259259259 0.9791666666666666 0.04861111111111111 0.9745370370370371 0.04861111111111111 0.9745370370370371 0.04398148148148148 0.9953703703703703 0.011574074074074073
0 0.7476851851851852 0.032407407407407406 0.7476851851851852 0.013888888888888888 0.75 0.011574074074074073 0.7569444444444444 0.011574074074074073 0.7615740740740741 0.018518518518518517 0.7615740740740741 0.03009259259259259 0.75 0.032407407407407406
0 0.6712962962962963 0.03009259259259259 0.6759259259259259 0.037037037037037035 0.6759259259259259 0.04398148148148148 0.6620370370370371 0.04398148148148148 0.6597222222222222 0.046296296296296294 0.6574074074074074 0.046296296296296294 0.6597222222222222 0.04398148148148148 0.6597222222222222 0.037037037037037035 0.6689814814814815 0.03009259259259259
0 0.20601851851851852 0.12268518518518519 0.21064814814814814 0.12731481481481483 0.21064814814814814 0.13425925925925927 0.2152777777777778 0.1412037037037037 0.2152777777777778 0.14814814814814814 0.20601851851851852 0.14814814814814814 0.2037037037037037 0.13657407407407407 0.2013888888888889 0.13425925925925927 0.2013888888888889 0.12731481481481483 0.2037037037037037 0.125
0 0.6805555555555556 0.004629629629629629 0.6805555555555556 0.023148148148148147 0.6759259259259259 0.023148148148148147 0.6736111111111112 0.020833333333333332 0.6736111111111112 0.006944444444444444 0.6782407407407407 0.004629629629629629
0 0.41435185185185186 0.1087962962962963 0.41898148148148145 0.1111111111111111 0.42592592592592593 0.12037037037037036 0.42592592592592593 0.14351851851851852 0.4236111111111111 0.14814814814814814 0.40046296296296297 0.14814814814814814 0.3958333333333333 0.1412037037037037 0.3958333333333333 0.13194444444444445 0.39351851851851855 0.12962962962962962 0.3958333333333333 0.11342592592592593 0.4050925925925926 0.1087962962962963 0.41203703703703703 0.1087962962962963
0 0.5185185185185185 0.12731481481481483 0.5254629629629629 0.13194444444444445 0.5254629629629629 0.1388888888888889 0.5277777777777778 0.1412037037037037 0.5254629629629629 0.14814814814814814 0.5115740740740741 0.14814814814814814 0.5115740740740741 0.12962962962962962 0.5162037037037037 0.12731481481481483
0 0.6273148148148148 0.009259259259259259 0.6365740740740741 0.013888888888888888 0.6365740740740741 0.018518518518518517 0.6296296296296297 0.02546296296296296 0.625 0.02546296296296296 0.6157407407407407 0.016203703703703703 0.6157407407407407 0.011574074074074073 0.6180555555555556 0.009259259259259259 0.625 0.009259259259259259
0 0.3425925925925926 0.24768518518518517 0.3472222222222222 0.24537037037037038 0.3541666666666667 0.24768518518518517 0.3587962962962963 0.25462962962962965 0.3587962962962963 0.25925925925925924 0.36342592592592593 0.26157407407407407 0.3726851851851852 0.27314814814814814 0.3726851851851852 0.2824074074074074 0.37037037037037035 0.2847222222222222 0.36342592592592593 0.2847222222222222 0.3541666666666667 0.28935185185185186 0.3425925925925926 0.28703703703703703 0.33796296296296297 0.2800925925925926 0.33796296296296297 0.2569444444444444 0.3425925925925926 0.25
0 0.1111111111111111 0.25925925925925924 0.03587962962962963 0.04282407407407408
0 0.9884259259259259 0.13425925925925927 0.9907407407407407 0.1388888888888889 0.9907407407407407 0.15046296296296297 0.9884259259259259 0.1527777777777778 0.9884259259259259 0.1574074074074074 0.9837962962962963 0.16435185185185186 0.9791666666666666 0.16435185185185186 0.9768518518518519 0.16666666666666666 0.9629629629629629 0.16203703703703703 0.9560185185185185 0.1550925925925926 0.9560185185185185 0.15046296296296297 0.9699074074074074 0.13657407407407407 0.9861111111111112 0.13425925925925927
0 0.6180555555555556 0.016203703703703703 0.625 0.02546296296296296 0.6226851851851852 0.03009259259259259 0.6064814814814815 0.03009259259259259 0.6041666666666666 0.027777777777777776 0.6041666666666666 0.02546296296296296 0.6134259259259259 0.016203703703703703 0.6157407407407407 0.016203703703703703
0 0.6342592592592593 0.04861111111111111 0.6342592592592593 0.037037037037037035 0.6412037037037037 0.027777777777777776 0.6504629629629629 0.034722222222222224 0.6527777777777778 0.046296296296296294 0.6481481481481481 0.04861111111111111 0.6365740740740741 0.04861111111111111
0 0.2962962962962963 0.08101851851851852 0.30092592592592593 0.08564814814814815 0.30092592592592593 0.09259259259259259 0.30324074074074076 0.09490740740740741 0.30092592592592593 0.09722222222222222 0.28703703703703703 0.09490740740740741 0.28703703703703703 0.08564814814814815 0.29398148148148145 0.08101851851851852
0 0.046296296296296294 0.12962962962962962 0.05787037037037037 0.13194444444444445 0.05787037037037037 0.14351851851851852 0.04861111111111111 0.14351851851851852 0.046296296296296294 0.1412037037037037 0.046296296296296294 0.13194444444444445
0 0.16435185185185186 0.10648148148148148 0.1574074074074074 0.09722222222222222 0.1574074074074074 0.08796296296296297 0.16203703703703703 0.08564814814814815 0.16666666666666666 0.09490740740740741 0.16666666666666666 0.10185185185185185 0.16435185185185186 0.10416666666666667
0 0.1412037037037037 0.09722222222222222 0.14583333333333334 0.09490740740740741 0.1574074074074074 0.09490740740740741 0.1597222222222222 0.09953703703703703 0.16435185185185186 0.10185185185185185 0.16435185185185186 0.11342592592592593 0.16203703703703703 0.11574074074074074 0.1550925925925926 0.11574074074074074 0.1412037037037037 0.12268518518518519 0.13657407407407407 0.12268518518518519 0.13657407407407407 0.10648148148148148 0.1412037037037037 0.09953703703703703
0 0.7569444444444444 0 0.7638888888888888 0 0.7638888888888888 0.004629629629629629 0.7615740740740741 0.006944444444444444 0.7592592592592593 0.006944444444444444 0.7569444444444444 0.0023148148148148147
0 0.2523148148148148 0.16203703703703703 0.013888888888888888 0.013888888888888888
0 0.9097222222222222 0.05092592592592592 0.9097222222222222 0.041666666666666664 0.9212962962962963 0.027777777777777776 0.9282407407407407 0.027777777777777776 0.9282407407407407 0.037037037037037035 0.9212962962962963 0.04861111111111111 0.9120370370370371 0.05092592592592592