0 0.9814814814814815 0.020833333333333332 0.9861111111111112 0.02546296296296296 0.9861111111111112 0.04398148148148148 0.9814814814814815 0.05324074074074074 0.9768518518518519 0.05324074074074074 0.9699074074074074 0.04861111111111111 0.9606481481481481 0.037037037037037035 0.9629629629629629 0.034722222222222224 0.9629629629629629 0.03009259259259259 0.9675925925925926 0.02546296296296296 0.9791666666666666 0.020833333333333332
0 0.9212962962962963 0.032407407407407406 0.9328703703703703 0.032407407407407406 0.9351851851851852 0.037037037037037035 0.9351851851851852 0.05092592592592592 0.9236111111111112 0.05324074074074074 0.9189814814814815 0.05092592592592592 0.9189814814814815 0.046296296296296294 0.9166666666666666 0.04398148148148148 0.9212962962962963 0.034722222222222224
0 0.6018518518518519 0.22685185185185186 0.6180555555555556 0.23842592592592593 0.6365740740740741 0.24305555555555555 0.6435185185185185 0.25 0.6458333333333334 0.24768518518518517 0.6550925925925926 0.24768518518518517 0.6597222222222222 0.25925925925925924 0.6597222222222222 0.26851851851851855 0.6574074074074074 0.27314814814814814 0.6527777777777778 0.27546296296296297 0.6388888888888888 0.27546296296296297 0.6157407407407407 0.2638888888888889 0.6064814814814815 0.2569444444444444 0.6018518518518519 0.25 0.6018518518518519 0.22916666666666666
0 0.8078703703703703 0.2152777777777778 0.8125 0.21296296296296297 0.8217592592592593 0.2175925925925926 0.8310185185185185 0.22685185185185186 0.8333333333333334 0.22685185185185186 0.8379629629629629 0.2337962962962963 0.8402777777777778 0.2569444444444444 0.8310185185185185 0.2638888888888889 0.8263888888888888 0.26157407407407407 0.8148148148148148 0.25 0.8101851851851852 0.24074074074074073 0.8101851851851852 0.2175925925925926
0 0.9976851851851852 0.006944444444444444 0.9976851851851852 0.03009259259259259 0.9907407407407407 0.03009259259259259 0.9884259259259259 0.023148148148148147 0.9814814814814815 0.018518518518518517 0.9861111111111112 0.011574074074074073 0.9953703703703703 0.009259259259259259
0 0.5532407407407407 0.009259259259259259 0.5601851851851852 0.018518518518518517 0.5555555555555556 0.03009259259259259 0.5509259259259259 0.032407407407407406 0.5462962962962963 0.027777777777777776 0.5462962962962963 0.020833333333333332 0.5509259259259259 0.011574074074074073
0 0.9351851851851852 0.032407407407407406 0.9421296296296297 0.032407407407407406 0.9537037037037037 0.03935185185185185 0.9583333333333334 0.03935185185185185 0.9606481481481481 0.04398148148148148 0.9398148148148148 0.04861111111111111 0.9375 0.046296296296296294 0.9351851851851852 0.034722222222222224
0 0.36574074074074076 0.24074074074074073 0.38425925925925924 0.25 0.39814814814814814 0.2523148148148148 0.41435185185185186 0.26851851851851855 0.42824074074074076 0.27546296296296297 0.43287037037037035 0.27546296296296297 0.46064814814814814 0.3055555555555556 0.46064814814814814 0.3148148148148148 0.4537037037037037 0.3194444444444444 0.44907407407407407 0.33101851851851855 0.44212962962962965 0.33796296296296297 0.4351851851851852 0.35185185185185186 0.4351851851851852 0.36342592592592593 0.42824074074074076 0.3680555555555556 0.4166666666666667 0.36574074074074076 0.4027777777777778 0.35185185185185186 0.3888888888888889 0.3472222222222222 0.3680555555555556 0.32407407407407407 0.3541666666666667 0.28935185185185186 0.3541666666666667 0.2523148148148148 0.3587962962962963 0.24305555555555555 0.36342592592592593 0.24074074074074073
0 0.5833333333333334 0.004629629629629629 0.5833333333333334 0.011574074074074073 0.5787037037037037 0.016203703703703703 0.5740740740740741 0.016203703703703703 0.5740740740740741 0.009259259259259259 0.5810185185185185 0.004629629629629629
0 0.9768518518518519 0.1111111111111111 0.9861111111111112 0.12731481481481483 0.9861111111111112 0.1412037037037037 0.9837962962962963 0.14351851851851852 0.9768518518518519 0.1412037037037037 0.9699074074074074 0.13425925925925927 0.9652777777777778 0.12268518518518519 0.9675925925925926 0.12037037037037036 0.9675925925925926 0.11574074074074074 0.9745370370370371 0.1111111111111111
0 0.9444444444444444 0 0.9606481481481481 0 0.9629629629629629 0.0023148148148148147 0.9629629629629629 0.006944444444444444 0.9560185185185185 0.011574074074074073 0.9444444444444444 0.009259259259259259 0.9444444444444444 0.0023148148148148147
0 0.9814814814814815 0.013888888888888888 0.9814814814814815 0.011574074074074073 0.9768518518518519 0.009259259259259259 0.9722222222222222 0.0023148148148148147 0.9745370370370371 0 0.9953703703703703 0 0.9976851851851852 0.004629629629629629 0.9953703703703703 0.006944444444444444 0.9907407407407407 0.006944444444444444 0.9837962962962963 0.011574074074074073
0 0.9097222222222222 0 0.9236111111111112 0.011574074074074073 0.9236111111111112 0.016203703703703703 0.9120370370370371 0.02546296296296296 0.8981481481481481 0.02546296296296296 0.8888888888888888 0.020833333333333332 0.8888888888888888 0.009259259259259259 0.8912037037037037 0.004629629629629629 0.8958333333333334 0 0.9074074074074074 0
0 0.9618055555555556 0.023148148148148147 0.03587962962962963 0.03009259259259259