0 0.2349537037037037 0.5625 0.023148148148148147 0.02546296296296296
0 0.16666666666666666 0.3888888888888889 0.16898148148148148 0.3888888888888889 0.18055555555555555 0.40046296296296297 0.1875 0.41898148148148145 0.18981481481481483 0.43287037037037035 0.19907407407407407 0.4537037037037037 0.19675925925925927 0.4583333333333333 0.18518518518518517 0.4583333333333333 0.18287037037037038 0.45601851851851855 0.1712962962962963 0.45601851851851855 0.16666666666666666 0.4513888888888889 0.16666666666666666 0.3912037037037037
0 0.05787037037037037 0.42824074074074076 0.0625 0.42824074074074076 0.06481481481481481 0.42592592592592593 0.0763888888888889 0.42824074074074076 0.0787037037037037 0.43287037037037035 0.0763888888888889 0.44212962962962965 0.08101851851851852 0.4537037037037037 0.08101851851851852 0.46296296296296297 0.08564814814814815 0.4722222222222222 0.08564814814814815 0.49074074074074076 0.08101851851851852 0.49074074074074076 0.08101851851851852 0.48842592592592593 0.07175925925925926 0.4791666666666667 0.06481481481481481 0.47685185185185186 0.05324074074074074 0.4513888888888889 0.05555555555555555 0.44675925925925924 0.05555555555555555 0.43287037037037035 0.05787037037037037 0.4305555555555556
0 0.11574074074074074 0.1712962962962963 0.11805555555555555 0.1736111111111111 0.11805555555555555 0.18055555555555555 0.12268518518518519 0.1875 0.12268518518518519 0.2013888888888889 0.125 0.2037037037037037 0.125 0.2361111111111111 0.12268518518518519 0.23842592592592593 0.12268518518518519 0.24305555555555555 0.12037037037037036 0.24537037037037038 0.11342592592592593 0.24537037037037038 0.10416666666666667 0.2523148148148148 0.09722222222222222 0.25462962962962965 0.09490740740740741 0.25925925925925924 0.09027777777777778 0.26157407407407407 0.07175925925925926 0.2800925925925926 0.07175925925925926 0.2824074074074074 0.06018518518518518 0.2916666666666667 0.06018518518518518 0.29398148148148145 0.04861111111111111 0.2962962962962963 0.046296296296296294 0.2986111111111111 0.041666666666666664 0.2986111111111111 0.034722222222222224 0.29398148148148145 0.034722222222222224 0.28935185185185186 0.032407407407407406 0.28703703703703703 0.032407407407407406 0.27546296296296297 0.03009259259259259 0.27314814814814814 0.03009259259259259 0.25925925925925924 0.027777777777777776 0.2569444444444444 0.027777777777777776 0.23842592592592593 0.032407407407407406 0.22685185185185186 0.04861111111111111 0.21064814814814814 0.06018518518518518 0.18981481481481483 0.06944444444444445 0.18055555555555555 0.08101851851851852 0.18055555555555555 0.08333333333333333 0.17824074074074073 0.08796296296296297 0.18055555555555555 0.09027777777777778 0.17824074074074073 0.09953703703703703 0.17824074074074073 0.10648148148148148 0.1736111111111111 0.11342592592592593 0.1736111111111111
0 0.3680555555555556 0.42592592592592593 0.3726851851851852 0.4305555555555556 0.37962962962962965 0.4444444444444444 0.37962962962962965 0.44907407407407407 0.3819444444444444 0.4513888888888889 0.3819444444444444 0.45601851851851855 0.37962962962962965 0.4583333333333333 0.375 0.45601851851851855 0.35185185185185186 0.45601851851851855 0.34953703703703703 0.4537037037037037 0.34953703703703703 0.4444444444444444 0.3587962962962963 0.4305555555555556 0.36574074074074076 0.42592592592592593
0 0.42824074074074076 0.6967592592592593 0.43287037037037035 0.6990740740740741 0.4351851851851852 0.7037037037037037 0.4351851851851852 0.7152777777777778 0.43287037037037035 0.7175925925925926 0.4305555555555556 0.7384259259259259 0.41898148148148145 0.7592592592592593 0.41435185185185186 0.7615740740740741 0.4097222222222222 0.7615740740740741 0.4074074074074074 0.7569444444444444 0.4027777777777778 0.7569444444444444 0.39351851851851855 0.7430555555555556 0.39351851851851855 0.7129629629629629 0.39814814814814814 0.7037037037037037 0.4074074074074074 0.6944444444444444 0.41898148148148145 0.6944444444444444 0.4212962962962963 0.6967592592592593 0.42592592592592593 0.6967592592592593
0 0.6342592592592593 0.3726851851851852 0.6388888888888888 0.37962962962962965 0.6388888888888888 0.38425925925925924 0.6342592592592593 0.39351851851851855 0.625 0.4027777777777778 0.6134259259259259 0.4027777777777778 0.6087962962962963 0.40046296296296297 0.6064814814814815 0.38657407407407407 0.6203703703703703 0.375 0.6319444444444444 0.3726851851851852
0 0.6770833333333334 0.3275462962962963 0.037037037037037035 0.04398148148148148
0 0.8379629629629629 0.27546296296296297 0.8402777777777778 0.2777777777777778 0.8379629629629629 0.2800925925925926 0.8310185185185185 0.2800925925925926 0.8125 0.28703703703703703 0.8055555555555556 0.28703703703703703 0.8101851851851852 0.2800925925925926 0.8194444444444444 0.27546296296296297 0.8356481481481481 0.27546296296296297
0 0.8819444444444444 0.20833333333333334 0.9166666666666666 0.20833333333333334 0.9189814814814815 0.21296296296296297 0.9166666666666666 0.2152777777777778 0.9189814814814815 0.2199074074074074 0.9166666666666666 0.22453703703703703 0.9189814814814815 0.22685185185185186 0.9189814814814815 0.2361111111111111 0.9212962962962963 0.23842592592592593 0.9189814814814815 0.24074074074074073 0.9189814814814815 0.24768518518518517 0.9097222222222222 0.2523148148148148 0.9004629629629629 0.2523148148148148 0.8981481481481481 0.25 0.8935185185185185 0.2523148148148148 0.8912037037037037 0.25 0.8842592592592593 0.25 0.8796296296296297 0.24537037037037038 0.8796296296296297 0.21296296296296297 0.8819444444444444 0.21064814814814814
0 0.7615740740740741 0.23148148148148148 0.7638888888888888 0.23148148148148148 0.7662037037037037 0.2361111111111111 0.7662037037037037 0.24074074074074073 0.7615740740740741 0.24537037037037038 0.7592592592592593 0.24074074074074073 0.7615740740740741 0.2337962962962963
0 0.9953703703703703 0.2708333333333333 0.9976851851851852 0.2708333333333333 0.9976851851851852 0.2847222222222222 0.9953703703703703 0.28703703703703703 0.9907407407407407 0.2847222222222222 0.9907407407407407 0.2800925925925926 0.9953703703703703 0.27314814814814814