0 0.3287037037037037 0.8391203703703703 0.02662037037037037 0.05092592592592592
0 0.6018518518518519 0.75 0.6064814814814815 0.7569444444444444 0.6064814814814815 0.7685185185185185 0.5972222222222222 0.7800925925925926 0.5879629629629629 0.7847222222222222 0.5833333333333334 0.7847222222222222 0.5810185185185185 0.7731481481481481 0.5787037037037037 0.7708333333333334 0.5810185185185185 0.7546296296296297 0.5949074074074074 0.7476851851851852 0.5995370370370371 0.75
0 0.5046296296296297 0.39351851851851855 0.5092592592592593 0.39814814814814814 0.5092592592592593 0.4097222222222222 0.5069444444444444 0.41435185185185186 0.5023148148148148 0.4166666666666667 0.48842592592592593 0.4166666666666667 0.4837962962962963 0.41203703703703703 0.4837962962962963 0.4027777777777778 0.49074074074074076 0.3958333333333333 0.5023148148148148 0.39351851851851855
0 0.6736111111111112 0.9004629629629629 0.6898148148148148 0.9097222222222222 0.6967592592592593 0.9282407407407407 0.6944444444444444 0.9305555555555556 0.6944444444444444 0.9351851851851852 0.6898148148148148 0.9398148148148148 0.6782407407407407 0.9444444444444444 0.6689814814814815 0.9444444444444444 0.6643518518518519 0.9421296296296297 0.6550925925925926 0.9259259259259259 0.6550925925925926 0.9097222222222222 0.6643518518518519 0.9004629629629629 0.6712962962962963 0.9004629629629629
0 0.5740740740740741 0.7569444444444444 0.5787037037037037 0.7662037037037037 0.5787037037037037 0.7777777777777778 0.5856481481481481 0.7916666666666666 0.5856481481481481 0.7986111111111112 0.5787037037037037 0.8032407407407407 0.5671296296296297 0.8009259259259259 0.5416666666666666 0.7754629629629629 0.5416666666666666 0.7685185185185185 0.5509259259259259 0.7569444444444444 0.5555555555555556 0.7569444444444444 0.5578703703703703 0.7546296296296297 0.5694444444444444 0.7546296296296297 0.5717592592592593 0.7569444444444444
0 0.32175925925925924 0.8229166666666666 0.03125 0.027777777777777776
0 0.5833333333333334 0.06712962962962964 0.5717592592592593 0.04861111111111111 0.5717592592592593 0.032407407407407406 0.5833333333333334 0.02546296296296296 0.5949074074074074 0.02546296296296296 0.6041666666666666 0.037037037037037035 0.6041666666666666 0.04861111111111111 0.5995370370370371 0.06018518518518518 0.5925925925925926 0.06712962962962964 0.5879629629629629 0.06944444444444445 0.5856481481481481 0.06712962962962964
0 0.6458333333333334 0.3587962962962963 0.6620370370370371 0.3541666666666667 0.6736111111111112 0.36342592592592593 0.6736111111111112 0.375 0.6643518518518519 0.38657407407407407 0.6597222222222222 0.38657407407407407 0.6574074074074074 0.3888888888888889 0.6458333333333334 0.3888888888888889 0.6388888888888888 0.37962962962962965 0.6412037037037037 0.36574074074074076 0.6458333333333334 0.3611111111111111
0 0.7106481481481481 0.9722222222222222 0.7199074074074074 0.9930555555555556 0.7175925925925926 0.9976851851851852 0.6851851851851852 0.9976851851851852 0.6851851851851852 0.9791666666666666 0.6944444444444444 0.9722222222222222 0.7013888888888888 0.9722222222222222 0.7037037037037037 0.9699074074074074 0.7083333333333334 0.9722222222222222
0 0.28703703703703703 0.7430555555555556 0.2962962962962963 0.75 0.2986111111111111 0.7592592592592593 0.2847222222222222 0.7685185185185185 0.26851851851851855 0.7685185185185185 0.2638888888888889 0.7662037037037037 0.2638888888888889 0.7476851851851852 0.26851851851851855 0.7430555555555556 0.27314814814814814 0.7430555555555556 0.27546296296296297 0.7407407407407407 0.2824074074074074 0.7407407407407407 0.2847222222222222 0.7430555555555556
0 0.3587962962962963 0.6898148148148148 0.36342592592592593 0.6921296296296297 0.3726851851851852 0.7106481481481481 0.375 0.7245370370370371 0.3773148148148148 0.7268518518518519 0.37037037037037035 0.7384259259259259 0.36342592592592593 0.7384259259259259 0.3611111111111111 0.7407407407407407 0.34953703703703703 0.7361111111111112 0.3402777777777778 0.7361111111111112 0.33564814814814814 0.7337962962962963 0.33101851851851855 0.7222222222222222 0.33101851851851855 0.7106481481481481 0.33796296296296297 0.7013888888888888 0.3402777777777778 0.6944444444444444 0.34953703703703703 0.6898148148148148 0.35648148148148145 0.6898148148148148
0 0.32407407407407407 0.5717592592592593 0.33101851851851855 0.5833333333333334 0.33101851851851855 0.5879629629629629 0.3125 0.5972222222222222 0.2986111111111111 0.5972222222222222 0.2962962962962963 0.5949074074074074 0.2962962962962963 0.5833333333333334 0.3101851851851852 0.5717592592592593 0.32175925925925924 0.5717592592592593
0 0.16898148148148148 0.8541666666666666 0.17592592592592593 0.8587962962962963 0.17824074074074073 0.8634259259259259 0.17824074074074073 0.8726851851851852 0.16435185185185186 0.8819444444444444 0.1597222222222222 0.8819444444444444 0.1574074074074074 0.8796296296296297 0.1574074074074074 0.8587962962962963 0.1597222222222222 0.8564814814814815 0.16666666666666666 0.8564814814814815
0 0.4351851851851852 0.8773148148148148 0.44212962962962965 0.875 0.4583333333333333 0.8935185185185185 0.46296296296296297 0.9027777777777778 0.46296296296296297 0.9166666666666666 0.46064814814814814 0.9212962962962963 0.4537037037037037 0.9259259259259259 0.44907407407407407 0.9259259259259259 0.4398148148148148 0.9305555555555556 0.43287037037037035 0.9305555555555556 0.41435185185185186 0.9236111111111112 0.41203703703703703 0.9212962962962963 0.41435185185185186 0.9097222222222222 0.42592592592592593 0.8981481481481481 0.4351851851851852 0.8796296296296297
0 0.31712962962962965 0.8032407407407407 0.3194444444444444 0.8032407407407407 0.3425925925925926 0.7800925925925926 0.34953703703703703 0.7800925925925926 0.35648148148148145 0.7870370370370371 0.35648148148148145 0.7962962962962963 0.3587962962962963 0.7986111111111112 0.3587962962962963 0.8078703703703703 0.35648148148148145 0.8125 0.3472222222222222 0.8194444444444444 0.3402777777777778 0.8194444444444444 0.3263888888888889 0.8101851851851852 0.31712962962962965 0.8101851851851852 0.3148148148148148 0.8078703703703703 0.31712962962962965 0.8055555555555556
0 0.7222222222222222 0.8622685185185185 0.03587962962962963 0.04513888888888889
0 0.13194444444444445 0.8518518518518519 0.1412037037037037 0.8495370370370371 0.14351851851851852 0.8518518518518519 0.14814814814814814 0.8518518518518519 0.1527777777777778 0.8587962962962963 0.1527777777777778 0.8657407407407407 0.14814814814814814 0.8703703703703703 0.1412037037037037 0.8726851851851852 0.13194444444444445 0.8657407407407407 0.13194444444444445 0.8541666666666666
0 0.26157407407407407 0.5694444444444444 0.26157407407407407 0.5740740740740741 0.2638888888888889 0.5763888888888888 0.26157407407407407 0.6018518518518519 0.25925925925925924 0.6064814814814815 0.2523148148148148 0.6111111111111112 0.24074074074074073 0.6111111111111112 0.2361111111111111 0.6087962962962963 0.2337962962962963 0.6064814814814815 0.2337962962962963 0.5995370370370371 0.23842592592592593 0.5949074074074074 0.24305555555555555 0.5740740740740741 0.24768518518518517 0.5694444444444444 0.25925925925925924 0.5694444444444444
0 0.7037037037037037 0.12268518518518519 0.7060185185185185 0.125 0.7060185185185185 0.13657407407407407 0.7037037037037037 0.1412037037037037 0.6967592592592593 0.14583333333333334 0.6828703703703703 0.14351851851851852 0.6828703703703703 0.13425925925925927 0.6851851851851852 0.12962962962962962 0.6944444444444444 0.125 0.7013888888888888 0.125
0 0.7222222222222222 0.9074074074074074 0.03587962962962963 0.04976851851851852
0 0.4722222222222222 0.43287037037037035 0.4722222222222222 0.4398148148148148 0.47453703703703703 0.44212962962962965 0.4722222222222222 0.4537037037037037 0.46296296296296297 0.46064814814814814 0.4444444444444444 0.46064814814814814 0.44212962962962965 0.4513888888888889 0.44675925925925924 0.4398148148148148 0.4513888888888889 0.4351851851851852 0.45601851851851855 0.4351851851851852 0.4583333333333333 0.43287037037037035 0.4699074074074074 0.43287037037037035
0 0.38425925925925924 0.8958333333333334 0.3888888888888889 0.9004629629629629 0.3888888888888889 0.9236111111111112 0.38657407407407407 0.9282407407407407 0.3726851851851852 0.9398148148148148 0.3541666666666667 0.9467592592592593 0.34953703703703703 0.9398148148148148 0.3587962962962963 0.9236111111111112 0.3587962962962963 0.9189814814814815 0.36574074074074076 0.9027777777777778 0.375 0.8958333333333334 0.3819444444444444 0.8958333333333334