0 0.7685185185185185 0.1087962962962963 0.7685185185185185 0.09953703703703703 0.7708333333333334 0.09722222222222222 0.7754629629629629 0.09953703703703703 0.7754629629629629 0.10648148148148148 0.7708333333333334 0.1087962962962963
0 0.6990740740740741 0 0.7060185185185185 0 0.7060185185185185 0.009259259259259259 0.6990740740740741 0.009259259259259259 0.6990740740740741 0.0023148148148148147
0 0.7453703703703703 0.020833333333333332 0.7476851851851852 0.023148148148148147 0.7476851851851852 0.03935185185185185 0.7453703703703703 0.041666666666666664 0.7384259259259259 0.041666666666666664 0.7384259259259259 0.02546296296296296 0.7430555555555556 0.023148148148148147
0 0.6898148148148148 0.30787037037037035 0.6967592592592593 0.3125 0.6967592592592593 0.3194444444444444 0.6921296296296297 0.32175925925925924 0.6875 0.3194444444444444 0.6689814814814815 0.3194444444444444 0.6666666666666666 0.31712962962962965 0.6759259259259259 0.30787037037037035 0.6875 0.30787037037037035
0 0.5810185185185185 0.32407407407407407 0.5972222222222222 0.33796296296296297 0.6041666666666666 0.35185185185185186 0.6041666666666666 0.36574074074074076 0.6018518518518519 0.3680555555555556 0.5995370370370371 0.37962962962962965 0.5949074074074074 0.38425925925925924 0.5879629629629629 0.38425925925925924 0.5856481481481481 0.38657407407407407 0.5810185185185185 0.38657407407407407 0.5648148148148148 0.37962962962962965 0.5601851851851852 0.3726851851851852 0.5601851851851852 0.36574074074074076 0.5578703703703703 0.36342592592592593 0.5578703703703703 0.34953703703703703 0.5601851851851852 0.3472222222222222 0.5625 0.33564814814814814 0.5787037037037037 0.32407407407407407
0 0.14814814814814814 0.18981481481481483 0.008101851851851851 0.009259259259259259
0 0.6967592592592593 0.013888888888888888 0.7013888888888888 0.018518518518518517 0.7037037037037037 0.03009259259259259 0.6898148148148148 0.034722222222222224 0.6898148148148148 0.016203703703703703 0.6944444444444444 0.016203703703703703
0 0.6134259259259259 0.04050925925925926 0.015046296296296295 0.016203703703703703
0 0.03935185185185185 0.06712962962962964 0.046296296296296294 0.07175925925925926 0.046296296296296294 0.0763888888888889 0.04861111111111111 0.0787037037037037 0.041666666666666664 0.08333333333333333 0.034722222222222224 0.08333333333333333 0.02546296296296296 0.08796296296296297 0.020833333333333332 0.08564814814814815 0.020833333333333332 0.0763888888888889 0.03009259259259259 0.06944444444444445 0.037037037037037035 0.06712962962962964
0 0.5625 0.013888888888888888 0.5763888888888888 0.013888888888888888 0.5810185185185185 0.016203703703703703 0.5810185185185185 0.020833333333333332 0.5717592592592593 0.03009259259259259 0.5625 0.016203703703703703
0 0.3576388888888889 0.12962962962962962 0.034722222222222224 0.04282407407407408
0 0.4166666666666667 0.08564814814814815 0.4212962962962963 0.09027777777777778 0.4212962962962963 0.09490740740740741 0.41435185185185186 0.09490740740740741 0.41435185185185186 0.08796296296296297
0 0.8356481481481481 0.03935185185185185 0.8425925925925926 0.03935185185185185 0.8402777777777778 0.05555555555555555 0.8356481481481481 0.05324074074074074 0.8356481481481481 0.041666666666666664
0 0.14814814814814814 0.125 0.15046296296296297 0.12731481481481483 0.15046296296296297 0.13657407407407407 0.1412037037037037 0.13657407407407407 0.1412037037037037 0.12731481481481483 0.14583333333333334 0.125
0 0.46064814814814814 0.12962962962962962 0.4699074074074074 0.12962962962962962 0.47453703703703703 0.13657407407407407 0.47453703703703703 0.14814814814814814 0.46064814814814814 0.14814814814814814 0.4583333333333333 0.14583333333333334 0.46064814814814814 0.13194444444444445
0 0.7916666666666666 0.2777777777777778 0.7962962962962963 0.27546296296296297 0.8055555555555556 0.27546296296296297 0.8009259259259259 0.28703703703703703 0.7962962962962963 0.28935185185185186 0.7916666666666666 0.28703703703703703 0.7916666666666666 0.2800925925925926
0 0.5995370370370371 0.009259259259259259 0.6064814814814815 0.009259259259259259 0.6087962962962963 0.011574074074074073 0.6087962962962963 0.020833333333333332 0.6041666666666666 0.023148148148148147 0.5995370370370371 0.023148148148148147 0.5972222222222222 0.020833333333333332 0.5995370370370371 0.011574074074074073
0 0.30787037037037035 0.2523148148148148 0.3125 0.25462962962962965 0.3263888888888889 0.2708333333333333 0.32407407407407407 0.2824074074074074 0.3194444444444444 0.28935185185185186 0.3148148148148148 0.28703703703703703 0.29398148148148145 0.28935185185185186 0.2847222222222222 0.2824074074074074 0.2847222222222222 0.25925925925925924 0.28703703703703703 0.2569444444444444 0.28703703703703703 0.2523148148148148 0.29398148148148145 0.24768518518518517 0.3055555555555556 0.2523148148148148
0 0.5601851851851852 0.018518518518518517 0.5648148148148148 0.018518518518518517 0.5717592592592593 0.027777777777777776 0.5671296296296297 0.032407407407407406 0.5532407407407407 0.032407407407407406 0.5509259259259259 0.027777777777777776 0.5601851851851852 0.020833333333333332
0 0.046296296296296294 0.24537037037037038 0.05324074074074074 0.2523148148148148 0.06018518518518518 0.2662037037037037 0.06018518518518518 0.2708333333333333 0.0625 0.27314814814814814 0.0625 0.2824074074074074 0.06018518518518518 0.2847222222222222 0.05324074074074074 0.2847222222222222 0.04861111111111111 0.2800925925925926 0.037037037037037035 0.2777777777777778 0.032407407407407406 0.27314814814814814 0.032407407407407406 0.26851851851851855 0.027777777777777776 0.25925925925925924 0.027777777777777776 0.2523148148148148 0.03009259259259259 0.24768518518518517 0.04398148148148148 0.24537037037037038
0 0.8680555555555556 0.0625 0.8680555555555556 0.05555555555555555 0.8726851851851852 0.05092592592592592 0.8796296296296297 0.05092592592592592 0.8819444444444444 0.05555555555555555 0.8796296296296297 0.06018518518518518 0.8703703703703703 0.0625
0 0.6759259259259259 0.008101851851851851 0.008101851851851851 0.008101851851851851
0 0.9027777777777778 0.14814814814814814 0.032407407407407406 0.034722222222222224
0 0.23148148148148148 0.09490740740740741 0.22916666666666666 0.09259259259259259 0.22916666666666666 0.08796296296296297 0.2337962962962963 0.08333333333333333 0.24074074074074073 0.08333333333333333 0.24537037037037038 0.08796296296296297 0.24537037037037038 0.09722222222222222 0.2337962962962963 0.09259259259259259
0 0.5833333333333334 0.02546296296296296 0.5856481481481481 0.03009259259259259 0.5763888888888888 0.04398148148148148 0.5694444444444444 0.04398148148148148 0.5694444444444444 0.037037037037037035 0.5740740740740741 0.03009259259259259 0.5810185185185185 0.02546296296296296
0 0.8125 0.1111111111111111 0.8125 0.11574074074074074 0.8101851851851852 0.11805555555555555 0.8055555555555556 0.11805555555555555 0.8055555555555556 0.11342592592592593 0.8101851851851852 0.1111111111111111
0 0.09490740740740741 0.09953703703703703 0.09259259259259259 0.09259259259259259 0.09722222222222222 0.08564814814814815 0.09953703703703703 0.08564814814814815 0.10416666666666667 0.09490740740740741 0.10416666666666667 0.10185185185185185 0.10185185185185185 0.10416666666666667 0.09722222222222222 0.09953703703703703
0 0.19560185185185186 0.16435185185185186 0.015046296296296295 0.010416666666666666
0 0.14814814814814814 0.13657407407407407 0.1527777777777778 0.1388888888888889 0.1550925925925926 0.15046296296296297 0.14351851851851852 0.14814814814814814 0.14351851851851852 0.1412037037037037 0.14583333333333334 0.1388888888888889
0 0.5995370370370371 0.034722222222222224 0.6041666666666666 0.034722222222222224 0.6064814814814815 0.037037037037037035 0.6064814814814815 0.04861111111111111 0.6018518518518519 0.05092592592592592 0.5995370370370371 0.05092592592592592 0.5995370370370371 0.041666666666666664 0.5972222222222222 0.03935185185185185 0.5995370370370371 0.037037037037037035
0 0.9421296296296297 0.05787037037037037 0.9444444444444444 0.06018518518518518 0.9444444444444444 0.06712962962962964 0.9375 0.06712962962962964 0.9351851851851852 0.06018518518518518 0.9398148148148148 0.05787037037037037
0 0.9050925925925926 0.05324074074074074 0.9027777777777778 0.04861111111111111 0.9236111111111112 0.013888888888888888 0.9305555555555556 0.009259259259259259 0.9305555555555556 0.016203703703703703 0.9143518518518519 0.046296296296296294 0.9074074074074074 0.05092592592592592
0 0.625 0.009259259259259259 0.625 0.02546296296296296 0.6226851851851852 0.027777777777777776 0.6157407407407407 0.02546296296296296 0.6180555555555556 0.011574074074074073 0.6226851851851852 0.009259259259259259
0 0.5879629629629629 0.03009259259259259 0.5925925925925926 0.032407407407407406 0.5972222222222222 0.03935185185185185 0.5972222222222222 0.04861111111111111 0.5949074074074074 0.05092592592592592 0.5810185185185185 0.05092592592592592 0.5787037037037037 0.04861111111111111 0.5810185185185185 0.037037037037037035 0.5856481481481481 0.032407407407407406
0 0.09722222222222222 0.10185185185185185 0.10185185185185185 0.10648148148148148 0.10185185185185185 0.11574074074074074 0.09953703703703703 0.11805555555555555 0.08796296296296297 0.11805555555555555 0.08101851851851852 0.12268518518518519 0.07407407407407407 0.12268518518518519 0.07407407407407407 0.11342592592592593 0.07175925925925926 0.1111111111111111 0.07407407407407407 0.10185185185185185 0.0787037037037037 0.09722222222222222 0.09027777777777778 0.09722222222222222 0.09490740740740741 0.10185185185185185
0 0.5046296296296297 0.2337962962962963 0.5115740740740741 0.23842592592592593 0.5115740740740741 0.24768518518518517 0.5092592592592593 0.25 0.5046296296296297 0.25 0.5023148148148148 0.24768518518518517 0.4930555555555556 0.25 0.49074074074074076 0.24768518518518517 0.49074074074074076 0.23842592592592593 0.49537037037037035 0.2337962962962963 0.5023148148148148 0.2337962962962963
0 0.8587962962962963 0.032407407407407406 0.8587962962962963 0.046296296296296294 0.8472222222222222 0.05555555555555555 0.8425925925925926 0.05555555555555555 0.8425925925925926 0.046296296296296294 0.8495370370370371 0.037037037037037035 0.8564814814814815 0.032407407407407406