0 0.5162037037037037 0 0.5300925925925926 0 0.5300925925925926 0.004629629629629629 0.5324074074074074 0.006944444444444444 0.5324074074074074 0.016203703703703703 0.5277777777777778 0.020833333333333332 0.5185185185185185 0.020833333333333332 0.5138888888888888 0.018518518518518517 0.5138888888888888 0.004629629629629629 0.5162037037037037 0.0023148148148148147
0 0.5578703703703703 0.1597222222222222 0.5648148148148148 0.1597222222222222 0.5648148148148148 0.16435185185185186 0.5578703703703703 0.16435185185185186 0.5578703703703703 0.16203703703703703
0 0.9050925925925926 0.125 0.9097222222222222 0.12731481481481483 0.9097222222222222 0.1527777777777778 0.9050925925925926 0.1527777777777778 0.8981481481481481 0.14583333333333334 0.9050925925925926 0.12731481481481483
0 0.3819444444444444 0 0.41435185185185186 0 0.41435185185185186 0.020833333333333332 0.41203703703703703 0.023148148148148147 0.40046296296296297 0.023148148148148147 0.39814814814814814 0.02546296296296296 0.3888888888888889 0.02546296296296296 0.38425925925925924 0.020833333333333332 0.38425925925925924 0.016203703703703703 0.3819444444444444 0.013888888888888888 0.3819444444444444 0.0023148148148148147
0 0.21296296296296297 0.11805555555555555 0.2222222222222222 0.12268518518518519 0.22685185185185186 0.12962962962962962 0.2199074074074074 0.13657407407407407 0.2175925925925926 0.14583333333333334 0.21296296296296297 0.15046296296296297 0.18981481481481483 0.14351851851851852 0.18287037037037038 0.13425925925925927 0.18287037037037038 0.12268518518518519 0.18055555555555555 0.12037037037037036 0.18287037037037038 0.1087962962962963 0.18981481481481483 0.10416666666666667 0.19907407407407407 0.10648148148148148 0.21064814814814814 0.11805555555555555
0 0.44212962962962965 0.08101851851851852 0.008101851851851851 0.008101851851851851
0 0.1574074074074074 0 0.1712962962962963 0 0.1712962962962963 0.004629629629629629 0.16666666666666666 0.004629629629629629 0.1597222222222222 0.009259259259259259 0.1550925925925926 0.009259259259259259 0.1550925925925926 0.004629629629629629 0.1574074074074074 0.0023148148148148147
0 0.19444444444444445 0.004629629629629629 0.19907407407407407 0.004629629629629629 0.2013888888888889 0.009259259259259259 0.2013888888888889 0.016203703703703703 0.19907407407407407 0.018518518518518517 0.19444444444444445 0.018518518518518517 0.19212962962962962 0.016203703703703703 0.19212962962962962 0.009259259259259259 0.19444444444444445 0.006944444444444444
0 0.4583333333333333 0.10648148148148148 0.4699074074074074 0.10416666666666667 0.4791666666666667 0.1087962962962963 0.4791666666666667 0.12037037037037036 0.47453703703703703 0.125 0.4699074074074074 0.125 0.46064814814814814 0.11805555555555555 0.4583333333333333 0.11574074074074074 0.4583333333333333 0.1087962962962963
0 0.3738425925925926 0.22800925925925927 0.05787037037037037 0.0775462962962963
0 0.17824074074074073 0.027777777777777776 0.17824074074074073 0.016203703703703703 0.18055555555555555 0.013888888888888888 0.1875 0.018518518518518517 0.1875 0.023148148148148147 0.18055555555555555 0.027777777777777776