0 0.8912037037037037 0.4027777777777778 0.8981481481481481 0.40046296296296297 0.9212962962962963 0.41203703703703703 0.9212962962962963 0.4398148148148148 0.9189814814814815 0.44212962962962965 0.9189814814814815 0.44907407407407407 0.9050925925925926 0.44907407407407407 0.9004629629629629 0.44675925925925924 0.8981481481481481 0.44212962962962965 0.8865740740740741 0.4375 0.8842592592592593 0.43287037037037035 0.8865740740740741 0.4166666666666667 0.8912037037037037 0.4050925925925926
0 0.8171296296296297 0.38657407407407407 0.8217592592592593 0.39351851851851855 0.8194444444444444 0.39814814814814814 0.8055555555555556 0.3912037037037037 0.8078703703703703 0.38657407407407407 0.8148148148148148 0.38657407407407407
0 0.9803240740740741 0.5798611111111112 0.03819444444444445 0.03935185185185185
0 0.9976851851851852 0.4861111111111111 0.9976851851851852 0.5023148148148148 0.9861111111111112 0.49537037037037035 0.9861111111111112 0.48842592592592593 0.9953703703703703 0.48842592592592593
0 0.30092592592592593 0.26157407407407407 0.30324074074074076 0.2638888888888889 0.30324074074074076 0.27314814814814814 0.3055555555555556 0.27546296296296297 0.3055555555555556 0.28703703703703703 0.30324074074074076 0.28935185185185186 0.2986111111111111 0.28703703703703703 0.2824074074074074 0.26851851851851855 0.2824074074074074 0.2638888888888889 0.28703703703703703 0.26157407407407407 0.2986111111111111 0.26157407407407407
0 0.5532407407407407 0.41898148148148145 0.5625 0.41898148148148145 0.5671296296296297 0.4166666666666667 0.5740740740740741 0.4212962962962963 0.5740740740740741 0.4305555555555556 0.5648148148148148 0.4375 0.5601851851851852 0.4375 0.5532407407407407 0.43287037037037035 0.5532407407407407 0.4212962962962963
0 0.22916666666666666 0.17592592592592593 0.2361111111111111 0.16898148148148148 0.24768518518518517 0.16898148148148148 0.2523148148148148 0.1736111111111111 0.2523148148148148 0.17824074074074073 0.24537037037037038 0.18518518518518517 0.23842592592592593 0.18518518518518517 0.2337962962962963 0.18287037037037038 0.23148148148148148 0.17824074074074073
0 0.1875 0.12731481481481483 0.18981481481481483 0.12962962962962962 0.21064814814814814 0.12962962962962962 0.21296296296296297 0.13194444444444445 0.2152777777777778 0.13657407407407407 0.21296296296296297 0.1712962962962963 0.20601851851851852 0.17824074074074073 0.2037037037037037 0.17592592592592593 0.19444444444444445 0.17592592592592593 0.19212962962962962 0.17824074074074073 0.18055555555555555 0.18055555555555555 0.16898148148148148 0.18981481481481483 0.1550925925925926 0.18981481481481483 0.1527777777777778 0.1875 0.1527777777777778 0.18055555555555555 0.15046296296296297 0.17824074074074073 0.1527777777777778 0.17592592592592593 0.1527777777777778 0.16203703703703703 0.15046296296296297 0.1597222222222222 0.15046296296296297 0.1550925925925926 0.1550925925925926 0.14583333333333334 0.16898148148148148 0.13657407407407407 0.1736111111111111 0.12962962962962962 0.18055555555555555 0.125 0.18518518518518517 0.12731481481481483
0 0.2962962962962963 0.13194444444444445 0.3055555555555556 0.13194444444444445 0.3101851851851852 0.13425925925925927 0.32407407407407407 0.14583333333333334 0.3333333333333333 0.14814814814814814 0.33564814814814814 0.1527777777777778 0.33564814814814814 0.1574074074074074 0.33101851851851855 0.16203703703703703 0.32407407407407407 0.16203703703703703 0.30787037037037035 0.15046296296296297 0.2962962962962963 0.14814814814814814 0.29398148148148145 0.14583333333333334 0.29398148148148145 0.13657407407407407 0.2962962962962963 0.13425925925925927
0 0.2222222222222222 0.27314814814814814 0.22916666666666666 0.2777777777777778 0.2337962962962963 0.2777777777777778 0.23842592592592593 0.2824074074074074 0.2361111111111111 0.2962962962962963 0.2337962962962963 0.2986111111111111 0.22453703703703703 0.2986111111111111 0.2199074074074074 0.29398148148148145 0.20833333333333334 0.2916666666666667 0.2037037037037037 0.28703703703703703 0.2013888888888889 0.27546296296296297 0.20601851851851852 0.2708333333333333 0.2175925925925926 0.2708333333333333 0.2199074074074074 0.27314814814814814
0 0.22685185185185186 0.36342592592592593 0.2337962962962963 0.36342592592592593 0.2337962962962963 0.3680555555555556 0.2361111111111111 0.37037037037037035 0.2361111111111111 0.3773148148148148 0.22916666666666666 0.3773148148148148 0.22685185185185186 0.36574074074074076
0 0.30092592592592593 0.4583333333333333 0.3055555555555556 0.46064814814814814 0.30787037037037035 0.4675925925925926 0.31712962962962965 0.4791666666666667 0.3101851851851852 0.4930555555555556 0.30092592592592593 0.4930555555555556 0.29398148148148145 0.48842592592592593 0.2916666666666667 0.4675925925925926 0.29398148148148145 0.46296296296296297 0.2986111111111111 0.46064814814814814
0 0.9444444444444444 0.4652777777777778 0.9490740740740741 0.4652777777777778 0.9537037037037037 0.4699074074074074 0.9513888888888888 0.47453703703703703 0.9490740740740741 0.4722222222222222 0.9444444444444444 0.4722222222222222 0.9421296296296297 0.4699074074074074 0.9444444444444444 0.4675925925925926
0 0.6388888888888888 0.39351851851851855 0.6435185185185185 0.40046296296296297 0.6458333333333334 0.41203703703703703 0.6388888888888888 0.41898148148148145 0.625 0.41898148148148145 0.6226851851851852 0.4166666666666667 0.6180555555555556 0.4050925925925926 0.6180555555555556 0.39814814814814814 0.6203703703703703 0.3958333333333333 0.6365740740740741 0.3958333333333333
0 0.35648148148148145 0.29398148148148145 0.3611111111111111 0.2986111111111111 0.3611111111111111 0.3055555555555556 0.3587962962962963 0.30787037037037035 0.35648148148148145 0.3055555555555556 0.3402777777777778 0.30324074074074076 0.3402777777777778 0.2962962962962963 0.3449074074074074 0.2916666666666667 0.35185185185185186 0.2916666666666667 0.3541666666666667 0.29398148148148145