0 0.2847222222222222 0.10416666666666667 0.28935185185185186 0.11342592592592593 0.28935185185185186 0.13194444444444445 0.2916666666666667 0.13425925925925927 0.2916666666666667 0.1388888888888889 0.28935185185185186 0.1412037037037037 0.28935185185185186 0.18287037037037038 0.2916666666666667 0.18518518518518517 0.2916666666666667 0.20833333333333334 0.28703703703703703 0.2199074074074074 0.26157407407407407 0.22685185185185186 0.25462962962962965 0.2337962962962963 0.2523148148148148 0.23842592592592593 0.2523148148148148 0.24768518518518517 0.24768518518518517 0.2523148148148148 0.24074074074074073 0.2523148148148148 0.2337962962962963 0.24768518518518517 0.22685185185185186 0.24768518518518517 0.21296296296296297 0.23842592592592593 0.21296296296296297 0.22685185185185186 0.2175925925925926 0.2199074074074074 0.2175925925925926 0.20833333333333334 0.2199074074074074 0.20601851851851852 0.2199074074074074 0.19444444444444445 0.22453703703703703 0.1875 0.22685185185185186 0.17824074074074073 0.2361111111111111 0.16666666666666666 0.25462962962962965 0.12962962962962962 0.26851851851851855 0.1087962962962963 0.27546296296296297 0.10416666666666667 0.2824074074074074 0.10416666666666667
0 0.37962962962962965 0.10185185185185185 0.38425925925925924 0.10648148148148148 0.38657407407407407 0.11574074074074074 0.39814814814814814 0.13194444444444445 0.39814814814814814 0.13657407407407407 0.40046296296296297 0.1388888888888889 0.40046296296296297 0.16435185185185186 0.39814814814814814 0.16666666666666666 0.39814814814814814 0.17592592592592593 0.3958333333333333 0.17824074074074073 0.39351851851851855 0.18981481481481483 0.38657407407407407 0.2037037037037037 0.3819444444444444 0.20833333333333334 0.37962962962962965 0.20833333333333334 0.36574074074074076 0.19444444444444445 0.3541666666666667 0.18981481481481483 0.3449074074074074 0.18055555555555555 0.33101851851851855 0.18287037037037038 0.3125 0.19212962962962962 0.30092592592592593 0.18981481481481483 0.29398148148148145 0.18055555555555555 0.29398148148148145 0.1412037037037037 0.31712962962962965 0.11574074074074074 0.31712962962962965 0.11342592592592593 0.3263888888888889 0.1087962962962963 0.3402777777777778 0.1087962962962963 0.3425925925925926 0.1111111111111111 0.35648148148148145 0.1087962962962963 0.36574074074074076 0.11342592592592593 0.37037037037037035 0.10648148148148148 0.3773148148148148 0.10185185185185185
0 0 0 0.034722222222222224 0 0.037037037037037035 0.0023148148148148147 0.037037037037037035 0.011574074074074073 0.03009259259259259 0.018518518518518517 0.011574074074074073 0.018518518518518517 0.009259259259259259 0.016203703703703703 0 0.016203703703703703 0 0.0023148148148148147
0 0.3541666666666667 0.28703703703703703 0.3587962962962963 0.28935185185185186 0.3773148148148148 0.3101851851851852 0.38425925925925924 0.32407407407407407 0.38425925925925924 0.35185185185185186 0.3773148148148148 0.36574074074074076 0.37037037037037035 0.37037037037037035 0.3587962962962963 0.36574074074074076 0.3541666666666667 0.36574074074074076 0.35185185185185186 0.3680555555555556 0.3402777777777778 0.3680555555555556 0.33796296296296297 0.37037037037037035 0.32175925925925924 0.3680555555555556 0.3148148148148148 0.34953703703703703 0.32407407407407407 0.3287037037037037 0.32407407407407407 0.32407407407407407 0.3287037037037037 0.31712962962962965 0.3333333333333333 0.30092592592592593 0.33796296296296297 0.29398148148148145 0.35185185185185186 0.28703703703703703
0 0.8055555555555556 0 0.8310185185185185 0 0.8310185185185185 0.009259259259259259 0.8333333333333334 0.011574074074074073 0.8333333333333334 0.020833333333333332 0.8287037037037037 0.027777777777777776 0.8078703703703703 0.02546296296296296 0.8055555555555556 0.023148148148148147 0.8009259259259259 0.023148148148148147 0.7962962962962963 0.018518518518518517 0.7962962962962963 0.013888888888888888 0.8055555555555556 0.0023148148148148147
0 0.09259259259259259 0.1597222222222222 0.09953703703703703 0.16435185185185186 0.11574074074074074 0.18981481481481483 0.13194444444444445 0.20833333333333334 0.125 0.2175925925925926 0.13194444444444445 0.22916666666666666 0.13194444444444445 0.23842592592592593 0.12731481481481483 0.25 0.12731481481481483 0.26157407407407407 0.12268518518518519 0.2708333333333333 0.10416666666666667 0.28935185185185186 0.09490740740740741 0.2824074074074074 0.08564814814814815 0.2638888888888889 0.08333333333333333 0.24074074074074073 0.07407407407407407 0.22453703703703703 0.07407407407407407 0.2199074074074074 0.06481481481481481 0.19675925925925927 0.06481481481481481 0.17824074074074073 0.06712962962962964 0.1736111111111111 0.07407407407407407 0.16666666666666666 0.09027777777777778 0.1597222222222222
0 0.13425925925925927 0.2337962962962963 0.13425925925925927 0.22916666666666666 0.12731481481481483 0.2175925925925926 0.13194444444444445 0.21296296296296297 0.14814814814814814 0.20601851851851852 0.1574074074074074 0.19675925925925927 0.16435185185185186 0.19675925925925927 0.16666666666666666 0.19907407407407407 0.16666666666666666 0.2152777777777778 0.1597222222222222 0.23148148148148148 0.1574074074074074 0.2337962962962963 0.1527777777777778 0.2337962962962963 0.15046296296296297 0.23148148148148148 0.1388888888888889 0.23148148148148148 0.13657407407407407 0.2337962962962963
0 0.2916666666666667 0.08796296296296297 0.30092592592592593 0.08564814814814815 0.3148148148148148 0.1111111111111111 0.3148148148148148 0.11574074074074074 0.2962962962962963 0.13425925925925927 0.29398148148148145 0.13194444444444445 0.2916666666666667 0.1087962962962963 0.28935185185185186 0.10648148148148148 0.2916666666666667 0.09027777777777778
0 0.3611111111111111 0.11342592592592593 0.36342592592592593 0.11574074074074074 0.36342592592592593 0.12731481481481483 0.3611111111111111 0.12962962962962962 0.3611111111111111 0.13657407407407407 0.3587962962962963 0.1388888888888889 0.3541666666666667 0.1574074074074074 0.34953703703703703 0.16435185185185186 0.3472222222222222 0.18055555555555555 0.33564814814814814 0.18055555555555555 0.31712962962962965 0.18981481481481483 0.30092592592592593 0.18981481481481483 0.29398148148148145 0.18287037037037038 0.29398148148148145 0.1388888888888889 0.2962962962962963 0.13425925925925927 0.3194444444444444 0.1111111111111111 0.32407407407407407 0.1087962962962963 0.3402777777777778 0.1087962962962963 0.3425925925925926 0.1111111111111111 0.35648148148148145 0.1087962962962963 0.3587962962962963 0.11342592592592593
0 0.4791666666666667 0.17824074074074073 0.49074074074074076 0.19675925925925927 0.4930555555555556 0.21064814814814814 0.4976851851851852 0.2175925925925926 0.5347222222222222 0.25462962962962965 0.5416666666666666 0.2662037037037037 0.5416666666666666 0.2708333333333333 0.5439814814814815 0.27314814814814814 0.5439814814814815 0.30092592592592593 0.5416666666666666 0.30324074074074076 0.5416666666666666 0.30787037037037035 0.5462962962962963 0.31712962962962965 0.5486111111111112 0.3402777777777778 0.5462962962962963 0.3449074074074074 0.5416666666666666 0.3449074074074074 0.5393518518518519 0.3472222222222222 0.5324074074074074 0.3472222222222222 0.5162037037037037 0.33796296296296297 0.5092592592592593 0.33796296296296297 0.5023148148148148 0.33101851851851855 0.48148148148148145 0.3194444444444444 0.47453703703703703 0.3125 0.4699074074074074 0.30324074074074076 0.4699074074074074 0.2962962962962963 0.4652777777777778 0.28935185185185186 0.4652777777777778 0.2847222222222222 0.46064814814814814 0.2777777777777778 0.46064814814814814 0.2708333333333333 0.4583333333333333 0.26851851851851855 0.45601851851851855 0.24537037037037038 0.4583333333333333 0.24305555555555555 0.4583333333333333 0.22453703703703703 0.4675925925925926 0.19907407407407407 0.4675925925925926 0.18518518518518517 0.47685185185185186 0.17824074074074073
0 0.26967592592592593 0.26967592592592593 0.04861111111111111 0.09259259259259259
0 0.3773148148148148 0 0.44907407407407407 0 0.44907407407407407 0.0023148148148148147 0.4398148148148148 0.009259259259259259 0.42824074074074076 0.013888888888888888 0.41898148148148145 0.013888888888888888 0.4074074074074074 0.020833333333333332 0.38425925925925924 0.013888888888888888 0.3773148148148148 0.006944444444444444 0.3773148148148148 0.0023148148148148147
0 0.3449074074074074 0.18287037037037038 0.35185185185185186 0.19212962962962962 0.35648148148148145 0.19212962962962962 0.37037037037037035 0.2013888888888889 0.3888888888888889 0.22453703703703703 0.3912037037037037 0.24074074074074073 0.3958333333333333 0.2523148148148148 0.3958333333333333 0.2708333333333333 0.3912037037037037 0.2824074074074074 0.38657407407407407 0.2847222222222222 0.3773148148148148 0.2777777777777778 0.3541666666666667 0.27314814814814814 0.35185185185185186 0.2708333333333333 0.34953703703703703 0.24305555555555555 0.3425925925925926 0.22916666666666666 0.32175925925925924 0.20601851851851852 0.32407407407407407 0.18981481481481483 0.33564814814814814 0.18287037037037038 0.3425925925925926 0.18287037037037038
0 0.21064814814814814 0.24305555555555555 0.24074074074074073 0.25462962962962965 0.24074074074074073 0.2962962962962963 0.21064814814814814 0.3125 0.2037037037037037 0.3125 0.1875 0.30324074074074076 0.18518518518518517 0.2986111111111111 0.18287037037037038 0.2638888888888889 0.18981481481481483 0.25925925925925924 0.19907407407407407 0.25 0.19907407407407407 0.24768518518518517 0.20833333333333334 0.24537037037037038
0 0.12731481481481483 0.2222222222222222 0.13194444444444445 0.22916666666666666 0.13194444444444445 0.23842592592592593 0.12962962962962962 0.24074074074074073 0.12962962962962962 0.25 0.12731481481481483 0.2523148148148148 0.125 0.26851851851851855 0.11574074074074074 0.2777777777777778 0.11574074074074074 0.2800925925925926 0.10416666666666667 0.28935185185185186 0.09953703703703703 0.28935185185185186 0.09722222222222222 0.28703703703703703 0.08564814814814815 0.2638888888888889 0.08564814814814815 0.2569444444444444 0.08333333333333333 0.25462962962962965 0.08333333333333333 0.2222222222222222 0.10416666666666667 0.20833333333333334 0.11342592592592593 0.2152777777777778 0.11805555555555555 0.2152777777777778 0.125 0.2222222222222222
0 0.3194444444444444 0.009259259259259259 0.034722222222222224 0.017361111111111112
0 0.5925925925925926 0.19444444444444445 0.6018518518518519 0.19907407407407407 0.6111111111111112 0.20833333333333334 0.6111111111111112 0.2222222222222222 0.6226851851851852 0.24537037037037038 0.6226851851851852 0.2662037037037037 0.625 0.26851851851851855 0.625 0.2777777777777778 0.6273148148148148 0.2800925925925926 0.6273148148148148 0.2916666666666667 0.6226851851851852 0.30324074074074076 0.6226851851851852 0.32175925925925924 0.6157407407407407 0.31712962962962965 0.6064814814814815 0.3148148148148148 0.5995370370370371 0.30787037037037035 0.5856481481481481 0.30092592592592593 0.5810185185185185 0.30092592592592593 0.5717592592592593 0.2962962962962963 0.5671296296296297 0.2986111111111111 0.5578703703703703 0.2986111111111111 0.5532407407407407 0.2916666666666667 0.5532407407407407 0.2800925925925926 0.5486111111111112 0.26851851851851855 0.5486111111111112 0.25925925925925924 0.5532407407407407 0.25 0.5555555555555556 0.2361111111111111 0.5717592592592593 0.2037037037037037 0.5717592592592593 0.19675925925925927 0.5763888888888888 0.19212962962962962 0.5879629629629629 0.19212962962962962 0.5902777777777778 0.19444444444444445
0 0.31828703703703703 0.26967592592592593 0.06365740740740741 0.13425925925925927
0 0.2708333333333333 0.07175925925925926 0.28703703703703703 0.08564814814814815 0.28935185185185186 0.09953703703703703 0.28703703703703703 0.10185185185185185 0.27546296296296297 0.10185185185185185 0.2662037037037037 0.1111111111111111 0.24768518518518517 0.13657407407407407 0.24768518518518517 0.1412037037037037 0.24305555555555555 0.15046296296296297 0.2337962962962963 0.16435185185185186 0.23148148148148148 0.16435185185185186 0.23148148148148148 0.14351851851851852 0.22916666666666666 0.1412037037037037 0.22685185185185186 0.12268518518518519 0.24074074074074073 0.09490740740740741 0.24074074074074073 0.0787037037037037 0.24768518518518517 0.07175925925925926 0.2569444444444444 0.06712962962962964 0.26851851851851855 0.07175925925925926
0 0.44675925925925924 0.15046296296296297 0.46064814814814814 0.1712962962962963 0.46064814814814814 0.17824074074074073 0.46296296296296297 0.18055555555555555 0.46296296296296297 0.2037037037037037 0.46064814814814814 0.20833333333333334 0.45601851851851855 0.20601851851851852 0.4537037037037037 0.19907407407407407 0.44212962962962965 0.1875 0.4398148148148148 0.1875 0.41435185185185186 0.16435185185185186 0.41898148148148145 0.1574074074074074 0.43287037037037035 0.1550925925925926 0.4375 0.15046296296296297 0.4444444444444444 0.15046296296296297
0 0.5694444444444444 0.12962962962962962 0.04050925925925926 0.05555555555555555
0 0.3819444444444444 0.10185185185185185 0.4027777777777778 0.14351851851851852 0.39814814814814814 0.17592592592592593 0.3958333333333333 0.17824074074074073 0.3912037037037037 0.19675925925925927 0.3819444444444444 0.20833333333333334 0.37962962962962965 0.20833333333333334 0.36574074074074076 0.19444444444444445 0.3541666666666667 0.18981481481481483 0.34953703703703703 0.18287037037037038 0.35185185185185186 0.16435185185185186 0.35648148148148145 0.1550925925925926 0.35648148148148145 0.14814814814814814 0.36574074074074076 0.12962962962962962 0.37037037037037035 0.10648148148148148 0.375 0.09953703703703703 0.37962962962962965 0.10185185185185185
0 0.09490740740740741 0.1597222222222222 0.1087962962962963 0.17592592592592593 0.11574074074074074 0.18981481481481483 0.12731481481481483 0.2013888888888889 0.13194444444444445 0.20833333333333334 0.13194444444444445 0.21296296296296297 0.12268518518518519 0.2175925925925926 0.11574074074074074 0.21296296296296297 0.1111111111111111 0.21296296296296297 0.10648148148148148 0.20833333333333334 0.09953703703703703 0.20833333333333334 0.08101851851851852 0.2222222222222222 0.07175925925925926 0.2152777777777778 0.06712962962962964 0.20601851851851852 0.06712962962962964 0.2013888888888889 0.06481481481481481 0.19907407407407407 0.06481481481481481 0.17824074074074073 0.06944444444444445 0.16898148148148148 0.0763888888888889 0.16435185185185186 0.08564814814814815 0.1597222222222222 0.09259259259259259 0.1597222222222222
0 0.41435185185185186 0.16435185185185186 0.4236111111111111 0.1712962962962963 0.4375 0.1875 0.4444444444444444 0.18981481481481483 0.4583333333333333 0.21064814814814814 0.4583333333333333 0.2152777777777778 0.45601851851851855 0.2175925925925926 0.45601851851851855 0.22916666666666666 0.4537037037037037 0.23148148148148148 0.4537037037037037 0.24768518518518517 0.4513888888888889 0.2523148148148148 0.44675925925925924 0.2523148148148148 0.4444444444444444 0.24537037037037038 0.4351851851851852 0.2361111111111111 0.4351851851851852 0.23148148148148148 0.4236111111111111 0.2199074074074074 0.4166666666666667 0.2199074074074074 0.4097222222222222 0.22685185185185186 0.4050925925925926 0.2361111111111111 0.4050925925925926 0.24074074074074073 0.40046296296296297 0.24537037037037038 0.39351851851851855 0.2337962962962963 0.3888888888888889 0.20833333333333334 0.40046296296296297 0.18518518518518517 0.40046296296296297 0.18055555555555555 0.4050925925925926 0.1712962962962963 0.4050925925925926 0.16435185185185186 0.4074074074074074 0.16203703703703703 0.41203703703703703 0.16435185185185186
0 0.20717592592592593 0.21875 0.02199074074074074 0.04513888888888889
0 0.3819444444444444 0.2824074074074074 0.38425925925925924 0.2847222222222222 0.38425925925925924 0.2916666666666667 0.375 0.30324074074074076 0.37037037037037035 0.30324074074074076 0.36574074074074076 0.2962962962962963 0.35185185185185186 0.2847222222222222 0.35185185185185186 0.2800925925925926 0.35648148148148145 0.27546296296296297 0.36342592592592593 0.27546296296296297 0.37962962962962965 0.2824074074074074
0 0.38776041666666666 0.29074074074074074 0.3833333333333333 0.29305555555555557 0.3765625 0.300462962962963 0.37786458333333334 0.3069444444444444 0.3830729166666667 0.3180555555555556 0.3953125 0.3351851851851852 0.3963541666666667 0.3453703703703703 0.3997395833333333 0.3569444444444444 0.40130208333333334 0.3592592592592592 0.40520833333333334 0.36018518518518516 0.4158854166666667 0.35462962962962963 0.4234375 0.35370370370370374 0.43359375 0.3587962962962963 0.4395833333333333 0.3592592592592592 0.44296875 0.3569444444444444 0.4453125 0.3523148148148148 0.45598958333333334 0.34768518518518515 0.4645833333333333 0.33935185185185185 0.46770833333333334 0.33379629629629626 0.4692708333333333 0.325 0.46770833333333334 0.3069444444444444 0.46484375 0.29305555555555557 0.4578125 0.2777777777777778 0.44989583333333333 0.26555555555555554 0.44427083333333334 0.25046296296296294 0.4348958333333333 0.2388888888888889 0.4283854166666667 0.225 0.4252604166666667 0.22268518518518518 0.41640625 0.2222222222222222 0.40911458333333334 0.23055555555555554 0.40338541666666666 0.24444444444444444 0.39739583333333334 0.26944444444444443 0.3924479166666667 0.2833333333333333 0.38776041666666666 0.29074074074074074