0 0.6851851851851852 0.4537037037037037 0.6898148148148148 0.45601851851851855 0.6898148148148148 0.46296296296296297 0.6851851851851852 0.4652777777777778 0.6828703703703703 0.46296296296296297 0.6828703703703703 0.45601851851851855
0 0.6435185185185185 0.7523148148148148 0.6481481481481481 0.7569444444444444 0.6458333333333334 0.7638888888888888 0.6412037037037037 0.7638888888888888 0.6412037037037037 0.7546296296296297
0 0.3333333333333333 0.041666666666666664 0.3287037037037037 0.023148148148148147 0.33564814814814814 0.013888888888888888 0.3402777777777778 0.013888888888888888 0.3425925925925926 0.011574074074074073 0.34953703703703703 0.011574074074074073 0.35185185185185186 0.013888888888888888 0.35185185185185186 0.018518518518518517 0.35648148148148145 0.02546296296296296 0.35648148148148145 0.037037037037037035 0.35185185185185186 0.04398148148148148 0.33796296296296297 0.04398148148148148 0.33564814814814814 0.041666666666666664
0 0.6157407407407407 0.027777777777777776 0.6180555555555556 0.032407407407407406 0.6180555555555556 0.041666666666666664 0.6157407407407407 0.04398148148148148 0.6041666666666666 0.04398148148148148 0.6018518518518519 0.041666666666666664 0.6041666666666666 0.032407407407407406 0.6134259259259259 0.027777777777777776
0 0.27314814814814814 0.02546296296296296 0.2777777777777778 0.027777777777777776 0.2777777777777778 0.04861111111111111 0.27314814814814814 0.05092592592592592 0.2662037037037037 0.05092592592592592 0.26157407407407407 0.04861111111111111 0.25925925925925924 0.04398148148148148 0.25925925925925924 0.034722222222222224 0.26851851851851855 0.02546296296296296 0.2708333333333333 0.02546296296296296
0 0.30092592592592593 0.21296296296296297 0.30787037037037035 0.21064814814814814 0.3148148148148148 0.2175925925925926 0.3148148148148148 0.2222222222222222 0.3125 0.22453703703703703 0.30324074074074076 0.22685185185185186 0.30092592592592593 0.22453703703703703 0.30092592592592593 0.2152777777777778
0 0.28703703703703703 0.19212962962962962 0.29398148148148145 0.19675925925925927 0.29398148148148145 0.20601851851851852 0.2847222222222222 0.21064814814814814 0.2800925925925926 0.21064814814814814 0.27546296296296297 0.20601851851851852 0.27546296296296297 0.19444444444444445 0.2777777777777778 0.19212962962962962 0.2847222222222222 0.19212962962962962
0 0.25462962962962965 0.20833333333333334 0.2638888888888889 0.2175925925925926 0.2638888888888889 0.22453703703703703 0.2569444444444444 0.22916666666666666 0.24768518518518517 0.22685185185185186 0.24074074074074073 0.2175925925925926 0.24074074074074073 0.21296296296296297 0.24537037037037038 0.20833333333333334 0.2523148148148148 0.20833333333333334
0 0.6284722222222222 0.010416666666666666 0.02199074074074074 0.02199074074074074
0 0.020833333333333332 0.13194444444444445 0.02546296296296296 0.13194444444444445 0.03009259259259259 0.13657407407407407 0.03009259259259259 0.1412037037037037 0.020833333333333332 0.1412037037037037 0.018518518518518517 0.1388888888888889 0.020833333333333332 0.13425925925925927
0 0.2824074074074074 0.16435185185185186 0.28703703703703703 0.16435185185185186 0.28703703703703703 0.17824074074074073 0.2800925925925926 0.17824074074074073 0.2824074074074074 0.16666666666666666
0 0.24537037037037038 0.19907407407407407 0.25 0.19907407407407407 0.25462962962962965 0.19444444444444445 0.26157407407407407 0.19444444444444445 0.2662037037037037 0.2037037037037037 0.2638888888888889 0.20601851851851852 0.2638888888888889 0.21296296296296297 0.25925925925925924 0.21296296296296297 0.2569444444444444 0.21064814814814814 0.24768518518518517 0.21064814814814814 0.24537037037037038 0.21296296296296297 0.24074074074074073 0.21064814814814814 0.24074074074074073 0.20601851851851852 0.24537037037037038 0.2013888888888889
0 0.22916666666666666 0.2013888888888889 0.2337962962962963 0.2013888888888889 0.2361111111111111 0.2037037037037037 0.23842592592592593 0.20833333333333334 0.23842592592592593 0.2175925925925926 0.24074074074074073 0.2199074074074074 0.2337962962962963 0.22685185185185186 0.2222222222222222 0.22685185185185186 0.22453703703703703 0.21064814814814814 0.22916666666666666 0.2037037037037037
0 0.38657407407407407 0.20833333333333334 0.3912037037037037 0.21296296296296297 0.3912037037037037 0.22685185185185186 0.3888888888888889 0.23148148148148148 0.3773148148148148 0.23148148148148148 0.3726851851851852 0.2222222222222222 0.3726851851851852 0.21296296296296297 0.3773148148148148 0.20833333333333334 0.38425925925925924 0.20833333333333334
0 0.6944444444444444 0.5949074074074074 0.011574074074074073 0.01273148148148148
0 0.4675925925925926 0.6851851851851852 0.4699074074074074 0.6851851851851852 0.4699074074074074 0.6944444444444444 0.4675925925925926 0.6944444444444444 0.4675925925925926 0.6875
0 0.35648148148148145 0.18518518518518517 0.36574074074074076 0.18981481481481483 0.36342592592592593 0.19212962962962962 0.3680555555555556 0.19675925925925927 0.3726851851851852 0.19675925925925927 0.3726851851851852 0.19907407407407407 0.3611111111111111 0.20833333333333334 0.3472222222222222 0.20833333333333334 0.3425925925925926 0.20601851851851852 0.33564814814814814 0.19675925925925927 0.33796296296296297 0.19212962962962962 0.3541666666666667 0.18518518518518517