0 0.7962962962962963 0.0763888888888889 0.7986111111111112 0.08101851851851852 0.7986111111111112 0.09027777777777778 0.8009259259259259 0.09259259259259259 0.7986111111111112 0.09722222222222222 0.7847222222222222 0.09722222222222222 0.7847222222222222 0.0787037037037037 0.7870370370370371 0.0763888888888889 0.7939814814814815 0.0763888888888889
0 0.7708333333333334 0.06828703703703703 0.009259259259259259 0.009259259259259259
0 0.6921296296296297 0.10185185185185185 0.6967592592592593 0.09953703703703703 0.6967592592592593 0.09490740740740741 0.7013888888888888 0.09027777777777778 0.7083333333333334 0.09027777777777778 0.7106481481481481 0.10185185185185185 0.6944444444444444 0.10185185185185185
0 0.6990740740740741 0.06481481481481481 0.7013888888888888 0.06712962962962964 0.7013888888888888 0.07407407407407407 0.6990740740740741 0.0763888888888889 0.6898148148148148 0.0763888888888889 0.6921296296296297 0.06712962962962964 0.6967592592592593 0.06481481481481481
0 0.5578703703703703 0.1736111111111111 0.5601851851851852 0.17824074074074073 0.5601851851851852 0.18981481481481483 0.5439814814814815 0.18981481481481483 0.5439814814814815 0.17592592592592593 0.5462962962962963 0.1712962962962963 0.5509259259259259 0.16898148148148148 0.5555555555555556 0.1736111111111111
0 0.33564814814814814 0.1087962962962963 0.3402777777777778 0.11342592592592593 0.3402777777777778 0.12268518518518519 0.33564814814814814 0.12268518518518519 0.33101851851851855 0.11805555555555555 0.3263888888888889 0.12037037037037036 0.3263888888888889 0.11342592592592593 0.3333333333333333 0.1087962962962963
0 0.24768518518518517 0.2013888888888889 0.008101851851851851 0.009259259259259259
0 0.44907407407407407 0.14351851851851852 0.45601851851851855 0.14814814814814814 0.46064814814814814 0.1574074074074074 0.46064814814814814 0.17592592592592593 0.45601851851851855 0.18287037037037038 0.44212962962962965 0.18287037037037038 0.4398148148148148 0.18055555555555555 0.4351851851851852 0.18055555555555555 0.4305555555555556 0.1712962962962963 0.4305555555555556 0.15046296296296297 0.43287037037037035 0.14583333333333334 0.44675925925925924 0.14351851851851852
0 0.7962962962962963 0.0625 0.8009259259259259 0.0625 0.8032407407407407 0.06481481481481481 0.8032407407407407 0.06944444444444445 0.8009259259259259 0.07175925925925926 0.7962962962962963 0.07175925925925926 0.7962962962962963 0.06481481481481481
0 0.5046296296296297 0.125 0.5092592592592593 0.13194444444444445 0.5069444444444444 0.13425925925925927 0.5023148148148148 0.13425925925925927 0.5023148148148148 0.12731481481481483
0 0.24537037037037038 0.16435185185185186 0.24537037037037038 0.1550925925925926 0.24768518518518517 0.1527777777777778 0.25462962962962965 0.1574074074074074 0.25462962962962965 0.16435185185185186 0.24768518518518517 0.16435185185185186
0 0.6782407407407407 0.032407407407407406 0.6851851851851852 0.032407407407407406 0.6851851851851852 0.03935185185185185 0.6828703703703703 0.041666666666666664 0.6782407407407407 0.041666666666666664 0.6782407407407407 0.034722222222222224
0 0.19675925925925927 0.1087962962962963 0.20601851851851852 0.11574074074074074 0.20601851851851852 0.12962962962962962 0.19212962962962962 0.12962962962962962 0.18518518518518517 0.13425925925925927 0.18055555555555555 0.12962962962962962 0.18055555555555555 0.11805555555555555 0.1875 0.1087962962962963 0.19444444444444445 0.1087962962962963
0 0.15046296296296297 0.26273148148148145 0.03356481481481482 0.041666666666666664
0 0.2847222222222222 0.18518518518518517 0.2847222222222222 0.18055555555555555 0.28703703703703703 0.17824074074074073 0.29398148148148145 0.17824074074074073 0.2962962962962963 0.18055555555555555 0.2962962962962963 0.18518518518518517 0.28703703703703703 0.18518518518518517
0 0.5833333333333334 0.27546296296296297 0.5925925925925926 0.2824074074074074 0.5902777777777778 0.29398148148148145 0.5833333333333334 0.28935185185185186 0.5787037037037037 0.2916666666666667 0.5717592592592593 0.28935185185185186 0.5717592592592593 0.2777777777777778 0.5740740740740741 0.27546296296296297 0.5810185185185185 0.27546296296296297
0 0.8657407407407407 0.16898148148148148 0.8703703703703703 0.16898148148148148 0.8726851851851852 0.1712962962962963 0.8726851851851852 0.17592592592592593 0.8703703703703703 0.17824074074074073 0.8657407407407407 0.17592592592592593 0.8657407407407407 0.1712962962962963
0 0.24074074074074073 0.15046296296296297 0.24074074074074073 0.14583333333333334 0.24537037037037038 0.1412037037037037 0.25 0.14351851851851852 0.25 0.14814814814814814 0.2523148148148148 0.15046296296296297 0.25 0.1527777777777778 0.24537037037037038 0.1527777777777778 0.24305555555555555 0.15046296296296297
0 0.2037037037037037 0.09722222222222222 0.20833333333333334 0.10648148148148148 0.20833333333333334 0.11574074074074074 0.20601851851851852 0.11805555555555555 0.19907407407407407 0.1087962962962963 0.2013888888888889 0.09953703703703703
0 0.6550925925925926 0.06944444444444445 0.6597222222222222 0.0787037037037037 0.6550925925925926 0.08564814814814815 0.6527777777777778 0.08333333333333333 0.6412037037037037 0.08333333333333333 0.6435185185185185 0.07407407407407407 0.6527777777777778 0.06944444444444445
0 0.09837962962962964 0.1400462962962963 0.016203703703703703 0.016203703703703703
0 0.7175925925925926 0.06481481481481481 0.7175925925925926 0.08101851851851852 0.7152777777777778 0.08333333333333333 0.7083333333333334 0.0787037037037037 0.7106481481481481 0.06712962962962964 0.7152777777777778 0.06481481481481481
0 0.6597222222222222 0.4027777777777778 0.052083333333333336 0.06712962962962964
0 0.1574074074074074 0.08101851851851852 0.1597222222222222 0.08564814814814815 0.1597222222222222 0.09027777777777778 0.1574074074074074 0.09259259259259259 0.1412037037037037 0.09490740740740741 0.1388888888888889 0.09722222222222222 0.13657407407407407 0.09722222222222222 0.13657407407407407 0.09259259259259259 0.13425925925925927 0.09027777777777778 0.13657407407407407 0.08564814814814815 0.1388888888888889 0.08333333333333333 0.14583333333333334 0.08333333333333333 0.15046296296296297 0.0787037037037037 0.1550925925925926 0.08101851851851852
0 0.6712962962962963 0.06712962962962964 0.6736111111111112 0.06944444444444445 0.6736111111111112 0.07407407407407407 0.6643518518518519 0.08101851851851852 0.6597222222222222 0.08101851851851852 0.6574074074074074 0.07175925925925926 0.6527777777777778 0.06944444444444445 0.6527777777777778 0.06712962962962964 0.6550925925925926 0.06481481481481481 0.6689814814814815 0.06712962962962964
0 0.6736111111111112 0.08101851851851852 0.6805555555555556 0.08101851851851852 0.6875 0.09027777777777778 0.6875 0.09953703703703703 0.6851851851851852 0.10185185185185185 0.6759259259259259 0.10185185185185185 0.6712962962962963 0.10416666666666667 0.6689814814814815 0.10185185185185185 0.6689814814814815 0.09027777777777778 0.6736111111111112 0.08333333333333333
0 0.3958333333333333 0.2824074074074074 0.4050925925925926 0.2916666666666667 0.4050925925925926 0.3055555555555556 0.4027777777777778 0.3101851851851852 0.375 0.3101851851851852 0.37037037037037035 0.30324074074074076 0.37037037037037035 0.2777777777777778 0.3773148148148148 0.2708333333333333 0.38425925925925924 0.2708333333333333 0.39351851851851855 0.2824074074074074
0 0.8449074074074074 0.08564814814814815 0.8472222222222222 0.08796296296296297 0.8472222222222222 0.09953703703703703 0.8449074074074074 0.10185185185185185 0.8449074074074074 0.10648148148148148 0.8379629629629629 0.10648148148148148 0.8356481481481481 0.10416666666666667 0.8379629629629629 0.08796296296296297 0.8425925925925926 0.08564814814814815