0 0.6273148148148148 0.15046296296296297 0.6319444444444444 0.1597222222222222 0.6319444444444444 0.1736111111111111 0.625 0.17824074074074073 0.6111111111111112 0.17824074074074073 0.6087962962962963 0.17592592592592593 0.6087962962962963 0.1712962962962963 0.6157407407407407 0.1574074074074074 0.625 0.15046296296296297
0 0.5092592592592593 0.11574074074074074 0.5115740740740741 0.11805555555555555 0.5092592592592593 0.1388888888888889 0.5023148148148148 0.14351851851851852 0.49074074074074076 0.13657407407407407 0.49074074074074076 0.12962962962962962 0.5046296296296297 0.11574074074074074 0.5069444444444444 0.11574074074074074
0 0.42939814814814814 0.28587962962962965 0.04282407407407408 0.047453703703703706
0 0.7106481481481481 0.7847222222222222 0.7199074074074074 0.7939814814814815 0.7199074074074074 0.8032407407407407 0.7152777777777778 0.8055555555555556 0.7037037037037037 0.8055555555555556 0.6990740740740741 0.7986111111111112 0.7013888888888888 0.7893518518518519 0.7083333333333334 0.7847222222222222
0 0.9837962962962963 0.40046296296296297 0.9884259259259259 0.4074074074074074 0.9884259259259259 0.41435185185185186 0.9791666666666666 0.4212962962962963 0.9675925925925926 0.41898148148148145 0.9652777777777778 0.41203703703703703 0.9699074074074074 0.4027777777777778 0.9814814814814815 0.40046296296296297
0 0.1412037037037037 0.2569444444444444 0.14814814814814814 0.2662037037037037 0.14814814814814814 0.27546296296296297 0.15046296296296297 0.2777777777777778 0.14814814814814814 0.28935185185185186 0.1388888888888889 0.28703703703703703 0.12268518518518519 0.27314814814814814 0.12268518518518519 0.2662037037037037 0.13194444444444445 0.2569444444444444 0.1388888888888889 0.2569444444444444
0 0.18981481481481483 0.11574074074074074 0.19675925925925927 0.125 0.19907407407407407 0.13425925925925927 0.19444444444444445 0.1412037037037037 0.1875 0.14583333333333334 0.17824074074074073 0.14583333333333334 0.17592592592592593 0.14351851851851852 0.17592592592592593 0.12731481481481483 0.17824074074074073 0.12268518518518519 0.1875 0.11574074074074074
0 0.2638888888888889 0.125 0.2708333333333333 0.12962962962962962 0.2708333333333333 0.13425925925925927 0.27314814814814814 0.13657407407407407 0.27314814814814814 0.14814814814814814 0.2708333333333333 0.15046296296296297 0.27314814814814814 0.1550925925925926 0.27314814814814814 0.17592592592592593 0.2662037037037037 0.18055555555555555 0.25462962962962965 0.18055555555555555 0.2523148148148148 0.17824074074074073 0.2523148148148148 0.1527777777777778 0.24537037037037038 0.1412037037037037 0.24537037037037038 0.13425925925925927 0.2523148148148148 0.12731481481481483 0.26157407407407407 0.125
0 0.30092592592592593 0.5092592592592593 0.3194444444444444 0.5277777777777778 0.32407407407407407 0.5393518518518519 0.32407407407407407 0.5578703703703703 0.30092592592592593 0.5740740740740741 0.27546296296296297 0.5717592592592593 0.26157407407407407 0.5601851851851852 0.26157407407407407 0.5555555555555556 0.25925925925925924 0.5532407407407407 0.25925925925925924 0.5416666666666666 0.26157407407407407 0.5393518518518519 0.2638888888888889 0.5254629629629629 0.26851851851851855 0.5138888888888888 0.2777777777777778 0.5046296296296297 0.29398148148148145 0.5046296296296297 0.2986111111111111 0.5092592592592593
0 0.3402777777777778 0.3263888888888889 0.3472222222222222 0.33101851851851855 0.3472222222222222 0.33564814814814814 0.34953703703703703 0.33796296296296297 0.3472222222222222 0.3472222222222222 0.3425925925925926 0.35185185185185186 0.33564814814814814 0.35185185185185186 0.33101851851851855 0.3472222222222222 0.3287037037037037 0.33564814814814814 0.33796296296296297 0.3287037037037037
0 0.12037037037037036 0.023148148148148147 0.12037037037037036 0.016203703703703703 0.125 0.006944444444444444 0.13194444444444445 0 0.1388888888888889 0 0.14351851851851852 0.004629629629629629 0.14351851851851852 0.018518518518518517 0.1388888888888889 0.020833333333333332 0.13425925925925927 0.018518518518518517 0.12731481481481483 0.023148148148148147 0.12268518518518519 0.023148148148148147
0 0.4305555555555556 0.2222222222222222 0.4305555555555556 0.23148148148148148 0.4236111111111111 0.2361111111111111 0.41435185185185186 0.2337962962962963 0.41435185185185186 0.22685185185185186 0.4236111111111111 0.2199074074074074 0.42824074074074076 0.2222222222222222
0 0.9143518518518519 0.26157407407407407 0.9166666666666666 0.27314814814814814 0.9120370370370371 0.2777777777777778 0.9004629629629629 0.27546296296296297 0.9004629629629629 0.2662037037037037 0.9050925925925926 0.26157407407407407 0.9120370370370371 0.26157407407407407
0 0.9411458333333333 0.10740740740740741 0.9440104166666666 0.10833333333333332 0.9481770833333334 0.11342592592592593 0.9557291666666666 0.1125 0.9588541666666667 0.1087962962962963 0.9598958333333334 0.11018518518518519 0.9708333333333333 0.10324074074074074 0.9739583333333334 0.10462962962962964 0.9768229166666667 0.09675925925925925 0.9763020833333333 0.09351851851851851 0.9653645833333334 0.08518518518518518 0.96484375 0.08148148148148149 0.9625 0.07962962962962962 0.9567708333333333 0.07777777777777778 0.9513020833333333 0.07916666666666668 0.9494791666666667 0.07731481481481481 0.94765625 0.07962962962962962 0.9385416666666666 0.08101851851851852 0.9393229166666667 0.09537037037037038 0.9403645833333334 0.0976851851851852 0.9390625 0.10231481481481482 0.9411458333333333 0.10740740740740741
0 0.7731481481481481 0.037037037037037035 0.7754629629629629 0.03935185185185185 0.7731481481481481 0.04861111111111111 0.7708333333333334 0.05092592592592592 0.7638888888888888 0.05092592592592592 0.7638888888888888 0.04398148148148148 0.7708333333333334 0.03935185185185185
0 0.7060185185185185 0.013888888888888888 0.7152777777777778 0.013888888888888888 0.7199074074074074 0.020833333333333332 0.7175925925925926 0.027777777777777776 0.7060185185185185 0.037037037037037035 0.7013888888888888 0.034722222222222224 0.6990740740740741 0.03009259259259259 0.7060185185185185 0.016203703703703703
0 0.8773148148148148 0.02546296296296296 0.8842592592592593 0.023148148148148147 0.8935185185185185 0.027777777777777776 0.8912037037037037 0.03935185185185185 0.8773148148148148 0.0625 0.8726851851851852 0.06481481481481481 0.8703703703703703 0.06944444444444445 0.8634259259259259 0.07407407407407407 0.8634259259259259 0.0763888888888889 0.8611111111111112 0.0763888888888889 0.8587962962962963 0.07175925925925926 0.8541666666666666 0.07407407407407407 0.8472222222222222 0.06944444444444445 0.8472222222222222 0.05787037037037037 0.8518518518518519 0.05555555555555555 0.8611111111111112 0.046296296296296294 0.8611111111111112 0.04398148148148148 0.8773148148148148 0.03009259259259259 0.8773148148148148 0.027777777777777776
0 0.9976851851851852 0.16435185185185186 0.9976851851851852 0.21064814814814814 0.9907407407407407 0.21064814814814814 0.9884259259259259 0.21296296296296297 0.9814814814814815 0.20601851851851852 0.9837962962962963 0.2037037037037037 0.9745370370370371 0.19212962962962962 0.9768518518518519 0.18981481481481483 0.9745370370370371 0.17824074074074073 0.9791666666666666 0.1712962962962963 0.9953703703703703 0.16435185185185186
0 0.9197942708333334 0.1338888888888889 0.9175651041666667 0.1338888888888889 0.9175651041666667 0.13705555555555554 0.9197942708333334 0.13705555555555554 0.9197942708333334 0.1338888888888889
0 0.9097222222222222 0.1412037037037037 0.9259259259259259 0.125 0.9328703703703703 0.12268518518518519 0.9398148148148148 0.13194444444444445 0.9375 0.13425925925925927 0.9375 0.1412037037037037 0.9282407407407407 0.1550925925925926 0.9189814814814815 0.1550925925925926 0.9143518518518519 0.15046296296296297 0.9120370370370371 0.14351851851851852