0 0.4212962962962963 0.016203703703703703 0.42824074074074076 0.02546296296296296 0.42824074074074076 0.034722222222222224 0.42592592592592593 0.037037037037037035 0.41203703703703703 0.037037037037037035 0.4097222222222222 0.034722222222222224 0.4097222222222222 0.027777777777777776 0.41435185185185186 0.018518518518518517 0.41898148148148145 0.016203703703703703
0 0.13425925925925927 0 0.1388888888888889 0.006944444444444444 0.1388888888888889 0.023148148148148147 0.12731481481481483 0.027777777777777776 0.11574074074074074 0.027777777777777776 0.11342592592592593 0.02546296296296296 0.1111111111111111 0.020833333333333332 0.1111111111111111 0.009259259259259259 0.125 0 0.13194444444444445 0
0 0.9895833333333334 0.011574074074074073 0.02199074074074074 0.024305555555555556
0 0.2986111111111111 0 0.34953703703703703 0 0.35185185185185186 0.004629629629629629 0.35185185185185186 0.023148148148148147 0.34953703703703703 0.02546296296296296 0.32175925925925924 0.02546296296296296 0.3194444444444444 0.023148148148148147 0.30787037037037035 0.023148148148148147 0.30092592592592593 0.018518518518518517 0.2962962962962963 0.011574074074074073 0.2962962962962963 0.004629629629629629 0.2986111111111111 0.0023148148148148147
0 0.09259259259259259 0.10300925925925926 0.024305555555555556 0.027777777777777776
0 0.3472222222222222 0.04398148148148148 0.3541666666666667 0.05092592592592592 0.3541666666666667 0.05787037037037037 0.33796296296296297 0.05787037037037037 0.33796296296296297 0.05092592592592592 0.3402777777777778 0.046296296296296294 0.3449074074074074 0.04398148148148148
0 0.17476851851851852 0.018518518518518517 0.059027777777777776 0.037037037037037035
0 0.2638888888888889 0.059027777777777776 0.019675925925925927 0.02662037037037037
0 0 0.30324074074074076 0.004629629629629629 0.3101851851851852 0.004629629629629629 0.32175925925925924 0 0.32407407407407407 0 0.3055555555555556
0 0.44675925925925924 0.10185185185185185 0.46296296296296297 0.11574074074074074 0.4699074074074074 0.12731481481481483 0.4699074074074074 0.13425925925925927 0.4675925925925926 0.13657407407407407 0.46296296296296297 0.13657407407407407 0.44675925925925924 0.14351851851851852 0.4305555555555556 0.14351851851851852 0.42824074074074076 0.1388888888888889 0.4305555555555556 0.11342592592592593 0.4375 0.10185185185185185 0.4444444444444444 0.10185185185185185
0 0.5532407407407407 0.15046296296296297 0.5625 0.15046296296296297 0.5625 0.1550925925925926 0.5532407407407407 0.1550925925925926 0.5532407407407407 0.1527777777777778
0 0.23148148148148148 0.034722222222222224 0.24074074074074073 0.041666666666666664 0.24305555555555555 0.04861111111111111 0.24074074074074073 0.05092592592592592 0.2175925925925926 0.05092592592592592 0.2152777777777778 0.041666666666666664 0.2175925925925926 0.03935185185185185 0.22685185185185186 0.03935185185185185 0.22916666666666666 0.037037037037037035
0 0.9236111111111112 0 0.9467592592592593 0 0.9467592592592593 0.0023148148148148147 0.9351851851851852 0.013888888888888888 0.9305555555555556 0.013888888888888888 0.9282407407407407 0.016203703703703703 0.9212962962962963 0.011574074074074073 0.9212962962962963 0.004629629629629629 0.9236111111111112 0.0023148148148148147
0 0.9074074074074074 0 0.9189814814814815 0 0.9166666666666666 0.011574074074074073 0.9143518518518519 0.013888888888888888 0.9074074074074074 0.011574074074074073 0.9074074074074074 0.0023148148148148147