0 0.6527777777777778 0.5925925925925926 0.6597222222222222 0.5925925925925926 0.6620370370370371 0.5949074074074074 0.6620370370370371 0.6064814814814815 0.6597222222222222 0.6087962962962963 0.6527777777777778 0.6087962962962963 0.6504629629629629 0.6064814814814815 0.6504629629629629 0.5972222222222222 0.6527777777777778 0.5949074074074074
0 0.6747685185185185 0.4479166666666667 0.02546296296296296 0.027777777777777776
0 0.5706018518518519 0.78125 0.0798611111111111 0.08449074074074074
0 0.5416666666666666 0.5972222222222222 0.5509259259259259 0.5972222222222222 0.5625 0.6064814814814815 0.5601851851851852 0.6226851851851852 0.5532407407407407 0.6296296296296297 0.5486111111111112 0.6296296296296297 0.5439814814814815 0.6273148148148148 0.5370370370370371 0.6180555555555556 0.5370370370370371 0.6087962962962963 0.5416666666666666 0.5995370370370371
0 0.37037037037037035 0.7037037037037037 0.3726851851851852 0.7060185185185185 0.3888888888888889 0.7060185185185185 0.39351851851851855 0.7083333333333334 0.39814814814814814 0.7199074074074074 0.4050925925925926 0.7268518518518519 0.41435185185185186 0.7453703703703703 0.41435185185185186 0.75 0.4097222222222222 0.7569444444444444 0.3958333333333333 0.7546296296296297 0.38657407407407407 0.7615740740740741 0.3819444444444444 0.7615740740740741 0.37962962962962965 0.7638888888888888 0.375 0.7638888888888888 0.35185185185185186 0.7523148148148148 0.34953703703703703 0.7476851851851852 0.34953703703703703 0.7384259259259259 0.3611111111111111 0.7199074074074074 0.36342592592592593 0.7060185185185185 0.3680555555555556 0.7037037037037037
0 0.4305555555555556 0.5486111111111112 0.4305555555555556 0.5416666666666666 0.43287037037037035 0.5393518518518519 0.4375 0.5416666666666666 0.4375 0.5462962962962963 0.43287037037037035 0.5486111111111112
0 0.9537037037037037 0.27314814814814814 0.9583333333333334 0.2800925925925926 0.9583333333333334 0.3101851851851852 0.9513888888888888 0.3148148148148148 0.9421296296296297 0.3148148148148148 0.9398148148148148 0.3125 0.9259259259259259 0.3148148148148148 0.9212962962962963 0.30787037037037035 0.9236111111111112 0.3055555555555556 0.9236111111111112 0.2800925925925926 0.9305555555555556 0.27546296296296297 0.9513888888888888 0.27314814814814814
0 0.7245370370370371 0.39699074074074076 0.03356481481481482 0.032407407407407406
0 0.5995370370370371 0.5578703703703703 0.6041666666666666 0.5625 0.6041666666666666 0.5671296296296297 0.5995370370370371 0.5717592592592593 0.5949074074074074 0.5717592592592593 0.5902777777777778 0.5648148148148148 0.5925925925925926 0.5601851851851852 0.5972222222222222 0.5578703703703703
0 0.027777777777777776 0.8101851851851852 0.009259259259259259 0.010416666666666666
0 0.2175925925925926 0.48148148148148145 0.2199074074074074 0.4837962962962963 0.2199074074074074 0.49074074074074076 0.2037037037037037 0.5046296296296297 0.19907407407407407 0.5 0.2037037037037037 0.48148148148148145 0.20601851851851852 0.4791666666666667 0.21296296296296297 0.4791666666666667 0.2152777777777778 0.48148148148148145
0 0.22916666666666666 0.4027777777777778 0.2361111111111111 0.4097222222222222 0.2361111111111111 0.4166666666666667 0.23842592592592593 0.41898148148148145 0.2361111111111111 0.42824074074074076 0.22453703703703703 0.4351851851851852 0.20833333333333334 0.4398148148148148 0.19907407407407407 0.44907407407407407 0.19444444444444445 0.44907407407407407 0.19444444444444445 0.44212962962962965 0.19212962962962962 0.4398148148148148 0.19212962962962962 0.4351851851851852 0.19444444444444445 0.43287037037037035 0.19444444444444445 0.4212962962962963 0.19675925925925927 0.41898148148148145 0.19907407407407407 0.4074074074074074 0.20601851851851852 0.4074074074074074 0.2152777777777778 0.4027777777777778 0.22685185185185186 0.4027777777777778
0 0.16898148148148148 0.5717592592592593 0.17592592592592593 0.5810185185185185 0.1736111111111111 0.5902777777777778 0.16435185185185186 0.5972222222222222 0.1597222222222222 0.5972222222222222 0.1574074074074074 0.5995370370370371 0.1550925925925926 0.5972222222222222 0.1527777777777778 0.5810185185185185 0.1574074074074074 0.5763888888888888 0.16666666666666666 0.5740740740740741
0 0.6111111111111112 0.5856481481481481 0.6157407407407407 0.5902777777777778 0.6180555555555556 0.5995370370370371 0.6134259259259259 0.6041666666666666 0.6087962962962963 0.6041666666666666 0.6064814814814815 0.5995370370370371 0.6087962962962963 0.5879629629629629
0 0.8379629629629629 0.3055555555555556 0.8402777777777778 0.30787037037037035 0.8402777777777778 0.3125 0.8379629629629629 0.3148148148148148 0.8240740740740741 0.3148148148148148 0.8240740740740741 0.3101851851851852 0.8287037037037037 0.3055555555555556 0.8356481481481481 0.3055555555555556
0 0.11805555555555555 0.4699074074074074 0.13194444444444445 0.4699074074074074 0.13194444444444445 0.4791666666666667 0.12962962962962962 0.48148148148148145 0.11805555555555555 0.48148148148148145 0.11805555555555555 0.4722222222222222
0 0.37962962962962965 0.33796296296296297 0.3819444444444444 0.3402777777777778 0.3819444444444444 0.3472222222222222 0.37962962962962965 0.35185185185185186 0.37037037037037035 0.3587962962962963 0.3611111111111111 0.3587962962962963 0.3587962962962963 0.35648148148148145 0.3587962962962963 0.34953703703703703 0.36574074074074076 0.3402777777777778 0.3773148148148148 0.33796296296296297
0 0.7870370370370371 0.4305555555555556 0.7939814814814815 0.4375 0.8009259259259259 0.45601851851851855 0.8009259259259259 0.4837962962962963 0.7962962962962963 0.4861111111111111 0.7824074074074074 0.4861111111111111 0.7662037037037037 0.47685185185185186 0.7662037037037037 0.45601851851851855 0.7754629629629629 0.4375 0.7847222222222222 0.4305555555555556
0 0.32407407407407407 0.6041666666666666 0.3333333333333333 0.6087962962962963 0.3425925925925926 0.6180555555555556 0.3472222222222222 0.625 0.3472222222222222 0.6342592592592593 0.3425925925925926 0.6388888888888888 0.3287037037037037 0.6388888888888888 0.31712962962962965 0.6481481481481481 0.3148148148148148 0.6481481481481481 0.3055555555555556 0.6365740740740741 0.3055555555555556 0.625 0.30787037037037035 0.6226851851851852 0.30787037037037035 0.6134259259259259 0.3101851851851852 0.6087962962962963 0.3148148148148148 0.6041666666666666 0.32175925925925924 0.6041666666666666
0 0.3194444444444444 0.32407407407407407 0.3194444444444444 0.33101851851851855 0.3287037037037037 0.33796296296296297 0.3287037037037037 0.3425925925925926 0.33101851851851855 0.3449074074074074 0.33101851851851855 0.36574074074074076 0.3194444444444444 0.3773148148148148 0.3101851851851852 0.3912037037037037 0.2916666666666667 0.4050925925925926 0.28703703703703703 0.4050925925925926 0.2847222222222222 0.4074074074074074 0.27546296296296297 0.4074074074074074 0.2708333333333333 0.40046296296296297 0.2708333333333333 0.3819444444444444 0.26851851851851855 0.37962962962962965 0.2708333333333333 0.36574074074074076 0.27546296296296297 0.35648148148148145 0.28703703703703703 0.3449074074074074 0.28935185185185186 0.33796296296296297 0.2986111111111111 0.3287037037037037 0.30787037037037035 0.3287037037037037 0.31712962962962965 0.32407407407407407
0 0.09953703703703703 0.5717592592592593 0.10185185185185185 0.5740740740740741 0.10648148148148148 0.5740740740740741 0.1111111111111111 0.5833333333333334 0.1111111111111111 0.5949074074074074 0.10648148148148148 0.6041666666666666 0.10416666666666667 0.6064814814814815 0.09953703703703703 0.6064814814814815 0.09259259259259259 0.5949074074074074 0.09259259259259259 0.5787037037037037 0.09722222222222222 0.5740740740740741
0 0.3287037037037037 0.47453703703703703 0.33564814814814814 0.4791666666666667 0.33564814814814814 0.48842592592592593 0.3402777777777778 0.4976851851851852 0.33796296296296297 0.5092592592592593 0.3333333333333333 0.5092592592592593 0.3287037037037037 0.5046296296296297 0.32407407407407407 0.5046296296296297 0.32175925925925924 0.5023148148148148 0.32175925925925924 0.4976851851851852 0.3194444444444444 0.49537037037037035 0.3194444444444444 0.4837962962962963 0.32175925925925924 0.48148148148148145 0.32175925925925924 0.47685185185185186 0.3263888888888889 0.47685185185185186
0 0.6226851851851852 0.5949074074074074 0.6296296296296297 0.5949074074074074 0.6319444444444444 0.5972222222222222 0.6319444444444444 0.6064814814814815 0.6296296296296297 0.6087962962962963 0.625 0.6087962962962963 0.6226851851851852 0.6064814814814815 0.6226851851851852 0.5972222222222222
0 0.1550925925925926 0.46064814814814814 0.1550925925925926 0.45601851851851855 0.16203703703703703 0.44675925925925924 0.16898148148148148 0.44675925925925924 0.1712962962962963 0.4513888888888889 0.16898148148148148 0.45601851851851855 0.16203703703703703 0.46064814814814814 0.1574074074074074 0.46064814814814814
0 0 0.48148148148148145 0.006944444444444444 0.48148148148148145 0.006944444444444444 0.48842592592592593 0.004629629629629629 0.49074074074074076 0 0.49074074074074076 0 0.4837962962962963
0 0.35185185185185186 0.44212962962962965 0.35185185185185186 0.4351851851851852 0.36342592592592593 0.4212962962962963 0.37037037037037035 0.4212962962962963 0.3773148148148148 0.42824074074074076 0.3773148148148148 0.4375 0.36574074074074076 0.4375 0.3541666666666667 0.44212962962962965
0 0.07175925925925926 0.49074074074074076 0.07407407407407407 0.4930555555555556 0.07407407407407407 0.5 0.06481481481481481 0.5023148148148148 0.06481481481481481 0.4976851851851852 0.06712962962962964 0.4930555555555556 0.06944444444444445 0.4930555555555556