0 0.8888888888888888 0.20833333333333334 0.8935185185185185 0.2152777777777778 0.8912037037037037 0.2199074074074074 0.8865740740740741 0.2199074074074074 0.8819444444444444 0.21296296296296297 0.8819444444444444 0.21064814814814814 0.8865740740740741 0.20833333333333334
0 0.6782407407407407 0.1701388888888889 0.013888888888888888 0.02199074074074074
0 0.5648148148148148 0.04861111111111111 0.5717592592592593 0.05324074074074074 0.5717592592592593 0.07175925925925926 0.5694444444444444 0.07407407407407407 0.5555555555555556 0.07175925925925926 0.5555555555555556 0.06481481481481481 0.5625 0.05092592592592592
0 0.4351851851851852 0.020833333333333332 0.4375 0.023148148148148147 0.4375 0.032407407407407406 0.4398148148148148 0.034722222222222224 0.4398148148148148 0.046296296296296294 0.4375 0.04861111111111111 0.43287037037037035 0.04861111111111111 0.41898148148148145 0.03935185185185185 0.41898148148148145 0.034722222222222224 0.42592592592592593 0.02546296296296296 0.43287037037037035 0.020833333333333332
0 0.4027777777777778 0.09490740740740741 0.4097222222222222 0.09490740740740741 0.41435185185185186 0.09953703703703703 0.41435185185185186 0.10416666666666667 0.4050925925925926 0.10416666666666667 0.4027777777777778 0.10185185185185185 0.4027777777777778 0.09722222222222222
0 0.47453703703703703 0.1087962962962963 0.48148148148148145 0.11342592592592593 0.48148148148148145 0.11805555555555555 0.47685185185185186 0.12037037037037036 0.4722222222222222 0.11805555555555555 0.4699074074074074 0.11574074074074074 0.4699074074074074 0.1111111111111111 0.4722222222222222 0.1111111111111111
0 0.28703703703703703 0.09837962962962964 0.03819444444444445 0.06597222222222222
0 0.5162037037037037 0.11805555555555555 0.5208333333333334 0.12268518518518519 0.5208333333333334 0.13194444444444445 0.5185185185185185 0.13425925925925927 0.5092592592592593 0.12962962962962962 0.5092592592592593 0.12268518518518519 0.5138888888888888 0.12037037037037036
0 0.21296296296296297 0.43287037037037035 0.2175925925925926 0.4375 0.2175925925925926 0.44907407407407407 0.20833333333333334 0.45601851851851855 0.19444444444444445 0.45601851851851855 0.18981481481481483 0.4537037037037037 0.18518518518518517 0.44907407407407407 0.18518518518518517 0.4398148148148148 0.1875 0.4351851851851852 0.19675925925925927 0.4305555555555556 0.20833333333333334 0.4305555555555556 0.21064814814814814 0.43287037037037035
0 0.6053240740740741 0.27314814814814814 0.019675925925925927 0.02546296296296296
0 0.27314814814814814 0.027777777777777776 0.2824074074074074 0.027777777777777776 0.28703703703703703 0.032407407407407406 0.28703703703703703 0.037037037037037035 0.2847222222222222 0.03935185185185185 0.2777777777777778 0.03935185185185185 0.27314814814814814 0.034722222222222224 0.27314814814814814 0.03009259259259259
0 0.7453703703703703 0.25462962962962965 0.7523148148148148 0.2569444444444444 0.7546296296296297 0.26157407407407407 0.7523148148148148 0.2662037037037037 0.7453703703703703 0.2662037037037037 0.7430555555555556 0.2638888888888889 0.7430555555555556 0.25925925925925924 0.7453703703703703 0.2569444444444444
0 0.5810185185185185 0.2175925925925926 0.5787037037037037 0.21296296296296297 0.5810185185185185 0.2013888888888889 0.5879629629629629 0.19675925925925927 0.5949074074074074 0.1875 0.6064814814814815 0.1875 0.6111111111111112 0.19212962962962962 0.6111111111111112 0.2152777777777778 0.6087962962962963 0.2175925925925926 0.6087962962962963 0.2222222222222222 0.6041666666666666 0.22685185185185186 0.5925925925925926 0.22685185185185186 0.5833333333333334 0.2175925925925926
0 0.5219907407407407 0.15393518518518517 0.011574074074074073 0.015046296296296295
0 0.3680555555555556 0.24305555555555555 0.3819444444444444 0.25462962962962965 0.3819444444444444 0.2638888888888889 0.38425925925925924 0.26851851851851855 0.3726851851851852 0.26851851851851855 0.37037037037037035 0.2662037037037037 0.36574074074074076 0.2662037037037037 0.3587962962962963 0.2569444444444444 0.3541666666666667 0.2569444444444444 0.3541666666666667 0.2523148148148148 0.3587962962962963 0.24537037037037038 0.36574074074074076 0.24305555555555555
0 0.8055555555555556 0.11805555555555555 0.8125 0.11805555555555555 0.8148148148148148 0.12037037037037036 0.8148148148148148 0.12731481481481483 0.8101851851851852 0.12962962962962962 0.8032407407407407 0.125 0.8055555555555556 0.12037037037037036
0 0.7638888888888888 0.41435185185185186 0.7685185185185185 0.41898148148148145 0.7916666666666666 0.4305555555555556 0.7962962962962963 0.4375 0.8032407407407407 0.4398148148148148 0.8078703703703703 0.4444444444444444 0.8078703703703703 0.4583333333333333 0.8009259259259259 0.46296296296296297 0.7708333333333334 0.46296296296296297 0.7662037037037037 0.4583333333333333 0.7638888888888888 0.4513888888888889 0.75 0.4351851851851852 0.75 0.4212962962962963 0.7523148148148148 0.4166666666666667 0.7546296296296297 0.41435185185185186 0.7615740740740741 0.41435185185185186
0 0.1597222222222222 0.0625 0.16435185185185186 0.08796296296296297 0.1550925925925926 0.09490740740740741 0.14583333333333334 0.09259259259259259 0.1412037037037037 0.07407407407407407 0.14583333333333334 0.06481481481481481 0.1574074074074074 0.0625
0 0.28935185185185186 0.30092592592592593 0.2916666666666667 0.30324074074074076 0.2962962962962963 0.30324074074074076 0.2916666666666667 0.3101851851851852 0.2847222222222222 0.3101851851851852 0.2708333333333333 0.31712962962962965 0.25925925925925924 0.3263888888888889 0.2523148148148148 0.3263888888888889 0.2523148148148148 0.30324074074074076 0.2569444444444444 0.2986111111111111 0.26157407407407407 0.2962962962962963 0.2824074074074074 0.2962962962962963 0.28703703703703703 0.30092592592592593
0 0.9212962962962963 0.16898148148148148 0.9282407407407407 0.17592592592592593 0.9282407407407407 0.18287037037037038 0.9166666666666666 0.18287037037037038 0.9143518518518519 0.18055555555555555 0.9143518518518519 0.17592592592592593 0.9166666666666666 0.1712962962962963 0.9189814814814815 0.1712962962962963
0 0.9675925925925926 0.21296296296296297 0.9745370370370371 0.2175925925925926 0.9722222222222222 0.2337962962962963 0.9652777777777778 0.2337962962962963 0.9606481481481481 0.22685185185185186 0.9606481481481481 0.2199074074074074 0.9629629629629629 0.2152777777777778 0.9652777777777778 0.2152777777777778
0 0.8634259259259259 0.11574074074074074 0.8726851851851852 0.11574074074074074 0.8773148148148148 0.12037037037037036 0.8773148148148148 0.125 0.875 0.12731481481481483 0.8680555555555556 0.12731481481481483 0.8634259259259259 0.11805555555555555
0 0.8703703703703703 0.10416666666666667 0.8703703703703703 0.1111111111111111 0.8680555555555556 0.11342592592592593 0.8611111111111112 0.11342592592592593 0.8587962962962963 0.1111111111111111 0.8587962962962963 0.10648148148148148 0.8611111111111112 0.10416666666666667 0.8680555555555556 0.10416666666666667
0 0.8634259259259259 0.06944444444444445 0.8680555555555556 0.06944444444444445 0.8726851851851852 0.07407407407407407 0.8726851851851852 0.08796296296296297 0.8634259259259259 0.08796296296296297 0.8611111111111112 0.08333333333333333 0.8634259259259259 0.07175925925925926
0 0.9050925925925926 0.13194444444444445 0.9143518518518519 0.1412037037037037 0.9120370370370371 0.15046296296296297 0.9050925925925926 0.15046296296296297 0.9004629629629629 0.14583333333333334 0.9027777777777778 0.13425925925925927
0 0.8819444444444444 0.09490740740740741 0.8865740740740741 0.09259259259259259 0.8935185185185185 0.09259259259259259 0.8958333333333334 0.09490740740740741 0.8935185185185185 0.09722222222222222 0.8958333333333334 0.10185185185185185 0.8958333333333334 0.10648148148148148 0.8935185185185185 0.1087962962962963 0.8958333333333334 0.11342592592592593 0.8865740740740741 0.11342592592592593 0.8819444444444444 0.09722222222222222
0 0.8541666666666666 0.10185185185185185 0.8634259259259259 0.09027777777777778 0.8703703703703703 0.09027777777777778 0.875 0.09490740740740741 0.8703703703703703 0.10416666666666667 0.8564814814814815 0.10416666666666667
0 0.8171296296296297 0.027777777777777776 0.8217592592592593 0.034722222222222224 0.8194444444444444 0.04398148148148148 0.8125 0.04398148148148148 0.8125 0.032407407407407406 0.8148148148148148 0.03009259259259259
0 0.9259259259259259 0.09490740740740741 0.9305555555555556 0.10648148148148148 0.9305555555555556 0.11342592592592593 0.9282407407407407 0.11574074074074074 0.9212962962962963 0.1111111111111111 0.9212962962962963 0.10416666666666667 0.9259259259259259 0.09722222222222222
0 0.9375 0.1087962962962963 0.9444444444444444 0.10648148148148148 0.9490740740740741 0.11342592592592593 0.9467592592592593 0.12268518518518519 0.9421296296296297 0.12731481481481483 0.9398148148148148 0.125 0.9351851851851852 0.12731481481481483 0.9351851851851852 0.12268518518518519 0.9328703703703703 0.12037037037037036 0.9375 0.1111111111111111
0 0.9629629629629629 0.11574074074074074 0.9675925925925926 0.12268518518518519 0.9675925925925926 0.12962962962962962 0.9583333333333334 0.12962962962962962 0.9560185185185185 0.12731481481481483 0.9560185185185185 0.11805555555555555 0.9606481481481481 0.11574074074074074
0 0.9525462962962963 0.17708333333333334 0.020833333333333332 0.019675925925925927
0 0.9166666666666666 0.13425925925925927 0.9189814814814815 0.12962962962962962 0.9282407407407407 0.12268518518518519 0.9305555555555556 0.125 0.9305555555555556 0.13657407407407407 0.9282407407407407 0.1412037037037037 0.9212962962962963 0.1412037037037037 0.9189814814814815 0.13657407407407407
0 0.9490740740740741 0.14351851851851852 0.9513888888888888 0.14583333333333334 0.9513888888888888 0.1550925925925926 0.9467592592592593 0.1597222222222222 0.9398148148148148 0.1597222222222222 0.9328703703703703 0.15046296296296297 0.9398148148148148 0.14351851851851852 0.9467592592592593 0.14351851851851852
0 0.9699074074074074 0.1712962962962963 0.9722222222222222 0.1736111111111111 0.9722222222222222 0.1875 0.9652777777777778 0.1875 0.9629629629629629 0.18518518518518517 0.9629629629629629 0.17592592592592593 0.9675925925925926 0.1736111111111111
0 0.9467592592592593 0.19212962962962962 0.9560185185185185 0.19212962962962962 0.9583333333333334 0.19444444444444445 0.9583333333333334 0.2037037037037037 0.9560185185185185 0.20601851851851852 0.9513888888888888 0.20601851851851852 0.9467592592592593 0.2013888888888889 0.9467592592592593 0.19444444444444445
0 0.9305555555555556 0.18518518518518517 0.9351851851851852 0.17824074074074073 0.9421296296296297 0.17824074074074073 0.9421296296296297 0.1875 0.9398148148148148 0.18981481481481483 0.9351851851851852 0.18981481481481483 0.9328703703703703 0.1875
0 0.9803240740740741 0.17939814814814814 0.01273148148148148 0.015046296296296295
0 0.9768518518518519 0.12037037037037036 0.9814814814814815 0.12037037037037036 0.9861111111111112 0.125 0.9861111111111112 0.12962962962962962 0.9768518518518519 0.1388888888888889 0.9722222222222222 0.13194444444444445 0.9768518518518519 0.12268518518518519
0 0.9884259259259259 0.24768518518518517 0.9930555555555556 0.25 0.9976851851851852 0.2569444444444444 0.9976851851851852 0.26157407407407407 0.9953703703703703 0.2638888888888889 0.9722222222222222 0.25925925925925924 0.9699074074074074 0.2569444444444444 0.9629629629629629 0.2569444444444444 0.9606481481481481 0.25462962962962965 0.9583333333333334 0.24768518518518517 0.9722222222222222 0.24074074074074073 0.9814814814814815 0.24305555555555555 0.9861111111111112 0.24768518518518517
0 0.9305555555555556 0.21296296296296297 0.9375 0.21296296296296297 0.9398148148148148 0.2152777777777778 0.9398148148148148 0.22453703703703703 0.9375 0.2222222222222222 0.9328703703703703 0.2222222222222222 0.9305555555555556 0.2199074074074074 0.9305555555555556 0.2152777777777778
0 0.8912037037037037 0.13194444444444445 0.8935185185185185 0.13425925925925927 0.8912037037037037 0.14351851851851852 0.8865740740740741 0.14351851851851852 0.8842592592592593 0.1412037037037037 0.8842592592592593 0.13425925925925927 0.8888888888888888 0.13194444444444445
0 0.9027777777777778 0.06018518518518518 0.019675925925925927 0.023148148148148147
0 0.9189814814814815 0.07407407407407407 0.9189814814814815 0.08796296296296297 0.9120370370370371 0.09259259259259259 0.9074074074074074 0.09259259259259259 0.9050925925925926 0.09027777777777778 0.9004629629629629 0.09259259259259259 0.9004629629629629 0.08333333333333333 0.9120370370370371 0.06944444444444445 0.9143518518518519 0.06944444444444445 0.9166666666666666 0.07407407407407407
0 0.9618055555555556 0.09722222222222222 0.01273148148148148 0.019675925925925927
0 0.9652777777777778 0.11574074074074074 0.9652777777777778 0.10648148148148148 0.9699074074074074 0.10185185185185185 0.9768518518518519 0.10185185185185185 0.9768518518518519 0.1111111111111111 0.9745370370370371 0.11574074074074074 0.9675925925925926 0.11574074074074074
0 0.9583333333333334 0.1597222222222222 0.9629629629629629 0.1574074074074074 0.9745370370370371 0.1574074074074074 0.9745370370370371 0.16435185185185186 0.9699074074074074 0.16898148148148148 0.9652777777777778 0.16898148148148148 0.9629629629629629 0.1712962962962963 0.9606481481481481 0.1712962962962963 0.9583333333333334 0.16203703703703703
0 0.7777777777777778 0.041666666666666664 0.7800925925925926 0.04398148148148148 0.7777777777777778 0.05092592592592592 0.7685185185185185 0.05787037037037037 0.7685185185185185 0.05092592592592592 0.7708333333333334 0.046296296296296294 0.7754629629629629 0.04398148148148148
0 0.8101851851851852 0.013888888888888888 0.8148148148148148 0.020833333333333332 0.8148148148148148 0.02546296296296296 0.8078703703703703 0.034722222222222224 0.7986111111111112 0.03009259259259259 0.8009259259259259 0.018518518518518517 0.8078703703703703 0.013888888888888888
0 0.8101851851851852 0.07175925925925926 0.8171296296296297 0.06944444444444445 0.8171296296296297 0.0787037037037037 0.8101851851851852 0.0787037037037037 0.8101851851851852 0.07407407407407407
0 0.8240740740740741 0.06481481481481481 0.8263888888888888 0.07175925925925926 0.8217592592592593 0.0787037037037037 0.8171296296296297 0.0763888888888889 0.8171296296296297 0.06944444444444445 0.8148148148148148 0.06712962962962964 0.8217592592592593 0.06481481481481481
0 0.8287037037037037 0.03935185185185185 0.8287037037037037 0.041666666666666664 0.8333333333333334 0.04398148148148148 0.8333333333333334 0.05787037037037037 0.8310185185185185 0.06018518518518518 0.8240740740740741 0.06018518518518518 0.8194444444444444 0.05555555555555555 0.8194444444444444 0.05092592592592592 0.8287037037037037 0.041666666666666664
0 0.8518518518518519 0.020833333333333332 0.8564814814814815 0.02546296296296296 0.8541666666666666 0.041666666666666664 0.8518518518518519 0.04398148148148148 0.8472222222222222 0.04398148148148148 0.8449074074074074 0.03935185185185185 0.8472222222222222 0.027777777777777776 0.8518518518518519 0.023148148148148147
0 0.8472222222222222 0.0625 0.8449074074074074 0.05092592592592592 0.8518518518518519 0.046296296296296294 0.8587962962962963 0.05092592592592592 0.8611111111111112 0.06018518518518518 0.8587962962962963 0.0625 0.8495370370370371 0.0625
0 0.7685185185185185 0.027777777777777776 0.7685185185185185 0.023148148148148147 0.7731481481481481 0.018518518518518517 0.7777777777777778 0.020833333333333332 0.7777777777777778 0.02546296296296296 0.7754629629629629 0.03009259259259259 0.7708333333333334 0.027777777777777776
0 0.6990740740740741 0 0.7106481481481481 0 0.7106481481481481 0.004629629629629629 0.7129629629629629 0.006944444444444444 0.7106481481481481 0.013888888888888888 0.7037037037037037 0.018518518518518517 0.7013888888888888 0.016203703703703703 0.7013888888888888 0.004629629629629629 0.6990740740740741 0.0023148148148148147
0 0.7083333333333334 0.037037037037037035 0.7060185185185185 0.03009259259259259 0.7106481481481481 0.02546296296296296 0.7152777777777778 0.027777777777777776 0.7152777777777778 0.034722222222222224 0.7106481481481481 0.037037037037037035
0 0.7685185185185185 0.034722222222222224 0.7708333333333334 0.03935185185185185 0.7638888888888888 0.04861111111111111 0.7592592592592593 0.04861111111111111 0.7569444444444444 0.046296296296296294 0.7569444444444444 0.041666666666666664 0.7592592592592593 0.037037037037037035 0.7662037037037037 0.034722222222222224
0 0.7962962962962963 0.03935185185185185 0.7939814814814815 0.04398148148148148 0.7962962962962963 0.046296296296296294 0.7962962962962963 0.05555555555555555 0.7986111111111112 0.05787037037037037 0.7962962962962963 0.0625 0.7870370370370371 0.05787037037037037 0.7870370370370371 0.03935185185185185 0.7893518518518519 0.037037037037037035 0.7939814814814815 0.03935185185185185
0 0.8055555555555556 0.05324074074074074 0.8078703703703703 0.05555555555555555 0.8078703703703703 0.06481481481481481 0.8055555555555556 0.06712962962962964 0.8032407407407407 0.06481481481481481 0.8032407407407407 0.05555555555555555
0 0.8287037037037037 0.02662037037037037 0.015046296296296295 0.018518518518518517
0 0.7731481481481481 0.041666666666666664 0.7754629629629629 0.037037037037037035 0.7824074074074074 0.032407407407407406 0.7847222222222222 0.034722222222222224 0.7847222222222222 0.041666666666666664 0.7800925925925926 0.046296296296296294 0.7754629629629629 0.04398148148148148