0 0.3263888888888889 0.6620370370370371 0.03935185185185185 0.041666666666666664
0 0.22916666666666666 0.7314814814814815 0.23148148148148148 0.7337962962962963 0.2337962962962963 0.7546296296296297 0.22453703703703703 0.7777777777777778 0.21296296296296297 0.7777777777777778 0.20601851851851852 0.7731481481481481 0.19444444444444445 0.7754629629629629 0.18981481481481483 0.7731481481481481 0.18518518518518517 0.7615740740740741 0.19212962962962962 0.75 0.2037037037037037 0.7384259259259259 0.22685185185185186 0.7314814814814815
0 0.22453703703703703 0.4791666666666667 0.22685185185185186 0.48148148148148145 0.22453703703703703 0.5023148148148148 0.22916666666666666 0.5115740740740741 0.22916666666666666 0.5231481481481481 0.22685185185185186 0.5277777777777778 0.2175925925925926 0.5347222222222222 0.20833333333333334 0.5324074074074074 0.2013888888888889 0.5254629629629629 0.19675925925925927 0.5162037037037037 0.19675925925925927 0.48842592592592593 0.2222222222222222 0.4791666666666667
0 0.12962962962962962 0.2037037037037037 0.13425925925925927 0.21296296296296297 0.13425925925925927 0.2199074074074074 0.13194444444444445 0.2222222222222222 0.13194444444444445 0.23842592592592593 0.12731481481481483 0.24305555555555555 0.11805555555555555 0.24305555555555555 0.1111111111111111 0.23842592592592593 0.09953703703703703 0.2222222222222222 0.09953703703703703 0.21064814814814814 0.10185185185185185 0.20833333333333334 0.12731481481481483 0.2037037037037037
0 0.3101851851851852 0.12268518518518519 0.31712962962962965 0.12037037037037036 0.3287037037037037 0.12962962962962962 0.33796296296296297 0.1527777777777778 0.33796296296296297 0.1597222222222222 0.3402777777777778 0.16203703703703703 0.3402777777777778 0.18287037037037038 0.3425925925925926 0.18518518518518517 0.3425925925925926 0.18981481481481483 0.33796296296296297 0.19907407407407407 0.33796296296296297 0.20601851851851852 0.3333333333333333 0.2152777777777778 0.32407407407407407 0.2152777777777778 0.30324074074074076 0.19212962962962962 0.29398148148148145 0.1736111111111111 0.29398148148148145 0.16898148148148148 0.30092592592592593 0.15046296296296297 0.30092592592592593 0.14351851851851852 0.3101851851851852 0.125
0 0.034722222222222224 0.041666666666666664 0.046296296296296294 0.046296296296296294 0.05092592592592592 0.04398148148148148 0.0625 0.04398148148148148 0.06481481481481481 0.041666666666666664 0.0787037037037037 0.041666666666666664 0.08333333333333333 0.05092592592592592 0.08333333333333333 0.0625 0.08564814814814815 0.06481481481481481 0.08101851851851852 0.08564814814814815 0.07407407407407407 0.09722222222222222 0.0625 0.10185185185185185 0.05787037037037037 0.10648148148148148 0.02546296296296296 0.10648148148148148 0.023148148148148147 0.1087962962962963 0.006944444444444444 0.1087962962962963 0.004629629629629629 0.1111111111111111 0 0.1087962962962963 0 0.0763888888888889 0.004629629629629629 0.07407407407407407 0.020833333333333332 0.05092592592592592 0.03009259259259259 0.041666666666666664 0.032407407407407406 0.041666666666666664
0 0.6307870370370371 0.3912037037037037 0.037037037037037035 0.032407407407407406
0 0.23148148148148148 0.26851851851851855 0.23148148148148148 0.27314814814814814 0.2361111111111111 0.2824074074074074 0.2361111111111111 0.29398148148148145 0.23842592592592593 0.2962962962962963 0.23842592592592593 0.30787037037037035 0.23148148148148148 0.3125 0.22453703703703703 0.3101851851851852 0.20601851851851852 0.28703703703703703 0.20601851851851852 0.2777777777777778 0.21064814814814814 0.27546296296296297 0.2152777777777778 0.26851851851851855 0.2222222222222222 0.26851851851851855 0.22453703703703703 0.2662037037037037 0.22916666666666666 0.26851851851851855
0 0.2152777777777778 0.023148148148148147 0.22916666666666666 0.02546296296296296 0.23842592592592593 0.032407407407407406 0.25462962962962965 0.03935185185185185 0.25925925925925924 0.05092592592592592 0.25462962962962965 0.06018518518518518 0.24305555555555555 0.06018518518518518 0.2337962962962963 0.05324074074074074 0.22453703703703703 0.05092592592592592 0.2199074074074074 0.046296296296296294 0.21296296296296297 0.04398148148148148 0.21296296296296297 0.027777777777777776 0.2152777777777778 0.02546296296296296
0 0.7638888888888888 0.3287037037037037 0.7638888888888888 0.3333333333333333 0.7685185185185185 0.3425925925925926 0.7685185185185185 0.35648148148148145 0.7592592592592593 0.36342592592592593 0.7384259259259259 0.36342592592592593 0.7337962962962963 0.3587962962962963 0.7291666666666666 0.3402777777777778 0.7361111111111112 0.33101851851851855 0.7569444444444444 0.33101851851851855 0.7615740740740741 0.3287037037037037
0 0.09953703703703703 0.08333333333333333 0.10185185185185185 0.08796296296296297 0.10185185185185185 0.09722222222222222 0.09722222222222222 0.09953703703703703 0.09259259259259259 0.09722222222222222 0.09027777777777778 0.09953703703703703 0.0787037037037037 0.09953703703703703 0.0787037037037037 0.09259259259259259 0.08564814814814815 0.08564814814814815 0.09722222222222222 0.08333333333333333
0 0.5601851851851852 0.35648148148148145 0.5648148148148148 0.3587962962962963 0.5648148148148148 0.36574074074074076 0.5671296296296297 0.3680555555555556 0.5648148148148148 0.37037037037037035 0.5555555555555556 0.37037037037037035 0.5555555555555556 0.3611111111111111 0.5578703703703703 0.3587962962962963
0 0.5763888888888888 0.35185185185185186 0.008101851851851851 0.009259259259259259
0 0.5011574074074074 0.1736111111111111 0.005787037037037037 0.006944444444444444
0 0.5277777777777778 0.2638888888888889 0.5254629629629629 0.25925925925925924 0.5254629629629629 0.25 0.5185185185185185 0.24305555555555555 0.5185185185185185 0.24074074074074073 0.5277777777777778 0.2337962962962963 0.5300925925925926 0.2337962962962963 0.5347222222222222 0.24537037037037038 0.5347222222222222 0.25925925925925924 0.5324074074074074 0.2638888888888889 0.5300925925925926 0.2638888888888889