0 0.6134259259259259 0.9907407407407407 0.6180555555555556 0.9976851851851852 0.5972222222222222 0.9976851851851852 0.6018518518518519 0.9884259259259259 0.6087962962962963 0.9884259259259259 0.6111111111111112 0.9907407407407407
0 0.6828703703703703 0.07175925925925926 0.027777777777777776 0.02662037037037037
0 0.5081018518518519 0.26851851851851855 0.04050925925925926 0.034722222222222224
0 0.9791666666666666 0.1111111111111111 0.9861111111111112 0.1111111111111111 0.9930555555555556 0.10648148148148148 0.9976851851851852 0.1087962962962963 0.9976851851851852 0.12268518518518519 0.9953703703703703 0.125 0.9791666666666666 0.12037037037037036 0.9791666666666666 0.11342592592592593
0 0.3819444444444444 0.013888888888888888 0.3888888888888889 0.020833333333333332 0.3888888888888889 0.02546296296296296 0.3819444444444444 0.032407407407407406 0.3773148148148148 0.04398148148148148 0.36342592592592593 0.034722222222222224 0.36342592592592593 0.018518518518518517 0.3680555555555556 0.013888888888888888 0.37962962962962965 0.013888888888888888
0 0.9444444444444444 0.1111111111111111 0.9490740740740741 0.11342592592592593 0.9513888888888888 0.11805555555555555 0.9513888888888888 0.12731481481481483 0.9421296296296297 0.12731481481481483 0.9328703703703703 0.12268518518518519 0.9351851851851852 0.12037037037037036 0.9351851851851852 0.1111111111111111 0.9375 0.1087962962962963 0.9421296296296297 0.1111111111111111
0 0.9629629629629629 0.8703703703703703 0.9652777777777778 0.8726851851851852 0.9652777777777778 0.8958333333333334 0.9537037037037037 0.8935185185185185 0.9444444444444444 0.8865740740740741 0.9467592592592593 0.8796296296296297 0.9537037037037037 0.8726851851851852 0.9606481481481481 0.8703703703703703
0 0.7002314814814815 0.14467592592592593 0.028935185185185185 0.047453703703703706
0 0.2037037037037037 0.004629629629629629 0.2037037037037037 0.009259259259259259 0.20833333333333334 0.016203703703703703 0.20833333333333334 0.032407407407407406 0.2013888888888889 0.041666666666666664 0.19675925925925927 0.041666666666666664 0.19212962962962962 0.03009259259259259 0.19212962962962962 0.013888888888888888 0.19907407407407407 0.004629629629629629 0.2013888888888889 0.004629629629629629
0 0.5578703703703703 0.9166666666666666 0.5648148148148148 0.9166666666666666 0.5671296296296297 0.9189814814814815 0.5671296296296297 0.9259259259259259 0.5625 0.9305555555555556 0.5578703703703703 0.9305555555555556 0.5578703703703703 0.9236111111111112 0.5555555555555556 0.9212962962962963 0.5578703703703703 0.9189814814814815
0 0.5995370370370371 0.9560185185185185 0.020833333333333332 0.034722222222222224
0 0.9976851851851852 0.1412037037037037 0.9976851851851852 0.1527777777777778 0.9907407407407407 0.1527777777777778 0.9791666666666666 0.14583333333333334 0.9791666666666666 0.1412037037037037 0.9814814814814815 0.1388888888888889 0.9930555555555556 0.1388888888888889 0.9953703703703703 0.1412037037037037
0 0.1412037037037037 0.02546296296296296 0.14583333333333334 0.027777777777777776 0.14583333333333334 0.037037037037037035 0.1412037037037037 0.03935185185185185 0.13657407407407407 0.034722222222222224 0.13657407407407407 0.03009259259259259 0.1388888888888889 0.027777777777777776
0 0.08333333333333333 0.13194444444444445 0.08796296296296297 0.13657407407407407 0.08796296296296297 0.1412037037037037 0.08333333333333333 0.1412037037037037 0.07175925925925926 0.14814814814814814 0.06944444444444445 0.14583333333333334 0.07175925925925926 0.13425925925925927 0.07407407407407407 0.13194444444444445 0.08101851851851852 0.13194444444444445
0 0.4166666666666667 0.22453703703703703 0.41435185185185186 0.2222222222222222 0.39814814814814814 0.2222222222222222 0.3888888888888889 0.21296296296296297 0.38657407407407407 0.21296296296296297 0.3819444444444444 0.20601851851851852 0.38425925925925924 0.19675925925925927 0.3912037037037037 0.18981481481481483 0.4027777777777778 0.1875 0.4097222222222222 0.19675925925925927 0.41203703703703703 0.20833333333333334 0.41898148148148145 0.2222222222222222
0 0.8414351851851852 0.0625 0.006944444444444444 0.009259259259259259
0 0.9780092592592593 0.19907407407407407 0.034722222222222224 0.03009259259259259
0 0.8865740740740741 0.9629629629629629 0.9050925925925926 0.9884259259259259 0.9074074074074074 0.9976851851851852 0.8587962962962963 0.9976851851851852 0.8564814814814815 0.9722222222222222 0.8541666666666666 0.9699074074074074 0.8541666666666666 0.9606481481481481 0.8518518518518519 0.9583333333333334 0.8518518518518519 0.9305555555555556 0.8541666666666666 0.9282407407407407 0.8611111111111112 0.9282407407407407 0.8726851851851852 0.9398148148148148 0.8773148148148148 0.9490740740740741 0.8773148148148148 0.9537037037037037 0.8842592592592593 0.9629629629629629
0 0.7488425925925926 0.7905092592592593 0.03587962962962963 0.037037037037037035
0 0.9953703703703703 0.03356481481481482 0.009259259259259259 0.023148148148148147
0 0.6331018518518519 0.10069444444444445 0.02199074074074074 0.020833333333333332
0 0.07175925925925926 0.06018518518518518 0.0787037037037037 0.07175925925925926 0.0763888888888889 0.0763888888888889 0.06944444444444445 0.0763888888888889 0.0625 0.07175925925925926 0.0625 0.06481481481481481 0.06944444444444445 0.06018518518518518
0 0.5300925925925926 0.9398148148148148 0.5486111111111112 0.9537037037037037 0.5486111111111112 0.9583333333333334 0.5439814814814815 0.9629629629629629 0.5370370370370371 0.9768518518518519 0.5370370370370371 0.9837962962962963 0.5300925925925926 0.9907407407407407 0.5 0.9907407407407407 0.4930555555555556 0.9814814814814815 0.4930555555555556 0.9699074074074074 0.4976851851851852 0.9606481481481481 0.5046296296296297 0.9537037037037037 0.5115740740740741 0.9513888888888888 0.5208333333333334 0.9421296296296297 0.5277777777777778 0.9398148148148148
0 0.8101851851851852 0.027777777777777776 0.8101851851851852 0.023148148148148147 0.8125 0.020833333333333332 0.8194444444444444 0.020833333333333332 0.8240740740740741 0.02546296296296296 0.8240740740740741 0.032407407407407406 0.8194444444444444 0.032407407407407406 0.8125 0.027777777777777776
0 0.8935185185185185 0.034722222222222224 0.9027777777777778 0.034722222222222224 0.9166666666666666 0.041666666666666664 0.9212962962962963 0.041666666666666664 0.9212962962962963 0.06481481481481481 0.9189814814814815 0.06712962962962964 0.9189814814814815 0.0763888888888889 0.9166666666666666 0.0787037037037037 0.9050925925925926 0.0787037037037037 0.8912037037037037 0.07175925925925926 0.8865740740740741 0.06712962962962964 0.8865740740740741 0.06018518518518518 0.8912037037037037 0.04861111111111111 0.8912037037037037 0.03935185185185185 0.8935185185185185 0.037037037037037035