0 0.125 0.39814814814814814 0.13425925925925927 0.39814814814814814 0.13657407407407407 0.3958333333333333 0.1412037037037037 0.39814814814814814 0.1412037037037037 0.41203703703703703 0.13657407407407407 0.4166666666666667 0.13425925925925927 0.41435185185185186 0.12731481481481483 0.41435185185185186 0.125 0.4097222222222222 0.125 0.40046296296296297
0 0.21064814814814814 0.49074074074074076 0.2175925925925926 0.47453703703703703 0.2222222222222222 0.4699074074074074 0.22916666666666666 0.4699074074074074 0.24074074074074073 0.48148148148148145 0.24537037037037038 0.49074074074074076 0.24768518518518517 0.5023148148148148 0.24305555555555555 0.5069444444444444 0.2337962962962963 0.5069444444444444 0.22453703703703703 0.5023148148148148 0.2175925925925926 0.5023148148148148 0.21296296296296297 0.4930555555555556
0 0.4027777777777778 0.3587962962962963 0.4027777777777778 0.37037037037037035 0.4050925925925926 0.3726851851851852 0.4027777777777778 0.3819444444444444 0.39351851851851855 0.3773148148148148 0.38425925925925924 0.36574074074074076 0.38425925925925924 0.3611111111111111 0.3888888888888889 0.3587962962962963 0.40046296296296297 0.3587962962962963
0 0.06944444444444445 0.4513888888888889 0.07407407407407407 0.4537037037037037 0.0787037037037037 0.46064814814814814 0.08333333333333333 0.48148148148148145 0.08101851851851852 0.4861111111111111 0.06944444444444445 0.48842592592592593 0.06712962962962964 0.49074074074074076 0.0625 0.49074074074074076 0.05324074074074074 0.48148148148148145 0.05555555555555555 0.4583333333333333 0.0625 0.44907407407407407 0.06712962962962964 0.4513888888888889
0 0.09259259259259259 0.37962962962962965 0.09953703703703703 0.3819444444444444 0.10416666666666667 0.3888888888888889 0.09953703703703703 0.40046296296296297 0.09722222222222222 0.4027777777777778 0.09259259259259259 0.4027777777777778 0.09259259259259259 0.3912037037037037 0.09027777777777778 0.3888888888888889 0.09027777777777778 0.38425925925925924 0.09259259259259259 0.3819444444444444
0 0.19675925925925927 0.3101851851851852 0.19675925925925927 0.2916666666666667 0.2013888888888889 0.2824074074074074 0.20833333333333334 0.2777777777777778 0.2199074074074074 0.2777777777777778 0.2222222222222222 0.2800925925925926 0.22685185185185186 0.2800925925925926 0.2337962962962963 0.28703703703703703 0.2361111111111111 0.30324074074074076 0.22916666666666666 0.30787037037037035 0.2013888888888889 0.30787037037037035 0.19907407407407407 0.3101851851851852
0 0.29398148148148145 0.2743055555555556 0.05787037037037037 0.0625
0 0.3541666666666667 0.2777777777777778 0.35648148148148145 0.2800925925925926 0.35648148148148145 0.28703703703703703 0.35185185185185186 0.2916666666666667 0.3402777777777778 0.2916666666666667 0.33564814814814814 0.28703703703703703 0.3425925925925926 0.2777777777777778 0.3472222222222222 0.27546296296296297 0.35185185185185186 0.2777777777777778
0 0.05092592592592592 0.20833333333333334 0.05555555555555555 0.20833333333333334 0.06018518518518518 0.2175925925925926 0.06018518518518518 0.23148148148148148 0.05787037037037037 0.2337962962962963 0.046296296296296294 0.2222222222222222 0.05092592592592592 0.21064814814814814
0 0.6689814814814815 0.48842592592592593 0.6736111111111112 0.49074074074074076 0.6759259259259259 0.5023148148148148 0.6643518518518519 0.5092592592592593 0.6574074074074074 0.5092592592592593 0.6527777777777778 0.5046296296296297 0.6527777777777778 0.49074074074074076 0.6620370370370371 0.49074074074074076 0.6666666666666666 0.48842592592592593
0 0.7361106782407408 0.45833564814814814 0.7343736967592592 0.45833564814814814 0.7343736967592592 0.46103472222222225 0.7361106782407408 0.46103472222222225 0.7361106782407408 0.45833564814814814
0 0.7372685185185185 0.47453703703703703 0.032407407407407406 0.028935185185185185
0 0.9490740740740741 0.44212962962962965 0.9513888888888888 0.4444444444444444 0.9513888888888888 0.4537037037037037 0.9444444444444444 0.4537037037037037 0.9328703703703703 0.44907407407407407 0.9328703703703703 0.4444444444444444 0.9351851851851852 0.44212962962962965 0.9467592592592593 0.44212962962962965
0 0.9629629629629629 0.4791666666666667 0.9675925925925926 0.47685185185185186 0.9745370370370371 0.47685185185185186 0.9768518518518519 0.4791666666666667 0.9768518518518519 0.48842592592592593 0.9675925925925926 0.4837962962962963 0.9629629629629629 0.4837962962962963 0.9629629629629629 0.48148148148148145
0 0.125 0.28935185185185186 0.12962962962962962 0.2824074074074074 0.13657407407407407 0.2824074074074074 0.13657407407407407 0.28935185185185186 0.12731481481481483 0.28935185185185186
0 0.4027777777777778 0.2361111111111111 0.41435185185185186 0.24074074074074073 0.41898148148148145 0.24537037037037038 0.4236111111111111 0.24537037037037038 0.42592592592592593 0.24768518518518517 0.42592592592592593 0.25925925925925924 0.4212962962962963 0.26157407407407407 0.4097222222222222 0.2523148148148148 0.39351851851851855 0.2523148148148148 0.39351851851851855 0.24074074074074073 0.3958333333333333 0.23842592592592593 0.40046296296296297 0.23842592592592593