0 0.6620370370370371 0.4398148148148148 0.6712962962962963 0.43287037037037035 0.6782407407407407 0.43287037037037035 0.6828703703703703 0.4375 0.6828703703703703 0.44675925925925924 0.6805555555555556 0.4513888888888889 0.6712962962962963 0.4583333333333333 0.6597222222222222 0.4537037037037037 0.6597222222222222 0.4444444444444444 0.6620370370370371 0.44212962962962965
0 0.6550925925925926 0.5902777777777778 0.6574074074074074 0.5925925925925926 0.6574074074074074 0.6018518518518519 0.6527777777777778 0.6064814814814815 0.6458333333333334 0.6064814814814815 0.6458333333333334 0.5949074074074074 0.6527777777777778 0.5902777777777778
0 0.5416666666666666 0.7615740740740741 0.5439814814814815 0.7638888888888888 0.5509259259259259 0.7615740740740741 0.5601851851851852 0.75 0.5694444444444444 0.7453703703703703 0.5717592592592593 0.7407407407407407 0.5787037037037037 0.7361111111111112 0.5995370370370371 0.7685185185185185 0.5995370370370371 0.7893518518518519 0.5902777777777778 0.8009259259259259 0.5833333333333334 0.8009259259259259 0.5694444444444444 0.8101851851851852 0.5601851851851852 0.8101851851851852 0.5486111111111112 0.8171296296296297 0.5439814814814815 0.8171296296296297 0.5416666666666666 0.8148148148148148 0.5393518518518519 0.8055555555555556 0.5324074074074074 0.7986111111111112 0.5231481481481481 0.7824074074074074 0.5231481481481481 0.7731481481481481 0.5254629629629629 0.7685185185185185 0.5324074074074074 0.7615740740740741 0.5393518518518519 0.7615740740740741
0 0.6342592592592593 0.6006944444444444 0.016203703703703703 0.02546296296296296
0 0.8935185185185185 0.3263888888888889 0.006944444444444444 0.006944444444444444
0 0.6203703703703703 0.5983796296296297 0.01273148148148148 0.017361111111111112
0 0.9537037037037037 0.2847222222222222 0.9560185185185185 0.31712962962962965 0.9537037037037037 0.32175925925925924 0.9490740740740741 0.32407407407407407 0.9189814814814815 0.32175925925925924 0.9189814814814815 0.28935185185185186 0.9328703703703703 0.2824074074074074 0.9490740740740741 0.2824074074074074 0.9513888888888888 0.2847222222222222
0 0.7268518518518519 0.3819444444444444 0.7361111111111112 0.39351851851851855 0.7361111111111112 0.39814814814814814 0.7291666666666666 0.4074074074074074 0.7245370370370371 0.4074074074074074 0.7222222222222222 0.4097222222222222 0.7106481481481481 0.4097222222222222 0.7037037037037037 0.40046296296296297 0.7060185185185185 0.39814814814814814 0.7060185185185185 0.39351851851851855 0.7106481481481481 0.3888888888888889 0.7245370370370371 0.3819444444444444
0 0.8726851851851852 0.33449074074074076 0.008101851851851851 0.008101851851851851
0 0.5925925925925926 0.5532407407407407 0.5972222222222222 0.5578703703703703 0.5972222222222222 0.5625 0.5925925925925926 0.5671296296296297 0.5856481481481481 0.5625 0.5856481481481481 0.5555555555555556 0.5902777777777778 0.5532407407407407
0 0.013888888888888888 0.7777777777777778 0.018518518518518517 0.7777777777777778 0.020833333333333332 0.7800925925925926 0.016203703703703703 0.7870370370370371 0.011574074074074073 0.7824074074074074 0.013888888888888888 0.7800925925925926
0 0.19907407407407407 0.45601851851851855 0.21064814814814814 0.45601851851851855 0.21296296296296297 0.4583333333333333 0.21296296296296297 0.4675925925925926 0.20601851851851852 0.47685185185185186 0.19907407407407407 0.48148148148148145 0.19444444444444445 0.4791666666666667 0.19444444444444445 0.4675925925925926 0.19907407407407407 0.4583333333333333
0 0.6875 0.5081018518518519 0.020833333333333332 0.028935185185185185
0 0.2222222222222222 0.3773148148148148 0.22685185185185186 0.37962962962962965 0.23148148148148148 0.38657407407407407 0.23148148148148148 0.3912037037037037 0.2337962962962963 0.39351851851851855 0.2337962962962963 0.4050925925925926 0.22685185185185186 0.4097222222222222 0.20833333333333334 0.41435185185185186 0.18981481481481483 0.42592592592592593 0.1875 0.4236111111111111 0.1875 0.39814814814814814 0.19212962962962962 0.3912037037037037 0.19212962962962962 0.38657407407407407 0.2013888888888889 0.37962962962962965 0.2199074074074074 0.3773148148148148
0 0.15625 0.5601851851851852 0.027777777777777776 0.03009259259259259
0 0.5486111111111112 0.5925925925925926 0.5555555555555556 0.5972222222222222 0.5555555555555556 0.6087962962962963 0.5532407407407407 0.6111111111111112 0.5532407407407407 0.6180555555555556 0.5462962962962963 0.625 0.5324074074074074 0.6180555555555556 0.5300925925925926 0.6134259259259259 0.5300925925925926 0.6041666666666666 0.5324074074074074 0.5995370370370371 0.5393518518518519 0.5925925925925926 0.5462962962962963 0.5925925925925926
0 0.42824074074074076 0.5254629629629629 0.43287037037037035 0.5300925925925926 0.43287037037037035 0.5347222222222222 0.4305555555555556 0.5370370370370371 0.42592592592592593 0.5370370370370371 0.4236111111111111 0.5347222222222222 0.4236111111111111 0.5277777777777778 0.42592592592592593 0.5277777777777778
0 0.8449074074074074 0.3055555555555556 0.8472222222222222 0.3101851851851852 0.8425925925925926 0.3125 0.8379629629629629 0.3101851851851852 0.8379629629629629 0.30787037037037035 0.8425925925925926 0.3055555555555556
0 0.3726851851851852 0.32175925925925924 0.37962962962962965 0.33101851851851855 0.3773148148148148 0.3333333333333333 0.3773148148148148 0.33796296296296297 0.37037037037037035 0.3425925925925926 0.3587962962962963 0.3425925925925926 0.3541666666666667 0.33796296296296297 0.35648148148148145 0.33101851851851855 0.36342592592592593 0.32407407407407407 0.37037037037037035 0.32175925925925924
0 0.7789351851851852 0.4618055555555556 0.037037037037037035 0.05787037037037037
0 0.3148148148148148 0.5856481481481481 0.32407407407407407 0.5902777777777778 0.3333333333333333 0.5995370370370371 0.3402777777777778 0.6111111111111112 0.3402777777777778 0.6203703703703703 0.33796296296296297 0.6226851851851852 0.3287037037037037 0.6226851851851852 0.3263888888888889 0.6203703703703703 0.3125 0.6296296296296297 0.30787037037037035 0.6296296296296297 0.2986111111111111 0.6180555555555556 0.30092592592592593 0.5972222222222222 0.30324074074074076 0.5925925925925926 0.3125 0.5856481481481481
0 0.26851851851851855 0.38657407407407407 0.26851851851851855 0.36574074074074076 0.2662037037037037 0.36342592592592593 0.2662037037037037 0.3472222222222222 0.26851851851851855 0.3449074074074074 0.26851851851851855 0.3402777777777778 0.2800925925925926 0.3287037037037037 0.2916666666666667 0.3101851851851852 0.2962962962962963 0.30787037037037035 0.30787037037037035 0.30787037037037035 0.31712962962962965 0.30092592592592593 0.32175925925925924 0.30324074074074076 0.3194444444444444 0.30787037037037035 0.32407407407407407 0.3148148148148148 0.32407407407407407 0.34953703703703703 0.32175925925925924 0.3541666666666667 0.30787037037037035 0.3680555555555556 0.30787037037037035 0.37037037037037035 0.29398148148148145 0.3819444444444444 0.2824074074074074 0.38425925925925924 0.2800925925925926 0.38657407407407407 0.2708333333333333 0.38657407407407407
0 0.09722222222222222 0.5486111111111112 0.10416666666666667 0.5578703703703703 0.10416666666666667 0.5648148148148148 0.09722222222222222 0.5787037037037037 0.09027777777777778 0.5787037037037037 0.08564814814814815 0.5694444444444444 0.08564814814814815 0.5509259259259259 0.08796296296296297 0.5486111111111112 0.09490740740740741 0.5486111111111112
0 0.05555555555555555 0.4699074074074074 0.06018518518518518 0.46064814814814814 0.06712962962962964 0.46064814814814814 0.06712962962962964 0.4675925925925926 0.06481481481481481 0.4699074074074074 0.05787037037037037 0.4699074074074074
0 0.3287037037037037 0.4583333333333333 0.33796296296296297 0.4652777777777778 0.33796296296296297 0.48148148148148145 0.33564814814814814 0.4837962962962963 0.33564814814814814 0.49074074074074076 0.32175925925925924 0.48842592592592593 0.31712962962962965 0.4837962962962963 0.31712962962962965 0.4791666666666667 0.3148148148148148 0.47685185185185186 0.3148148148148148 0.46296296296296297 0.3194444444444444 0.4583333333333333 0.3263888888888889 0.4583333333333333
0 0.16203703703703703 0.41898148148148145 0.16435185185185186 0.4212962962962963 0.16435185185185186 0.42824074074074076 0.15046296296296297 0.4375 0.14583333333333334 0.4375 0.14583333333333334 0.43287037037037035 0.14814814814814814 0.42824074074074076 0.1574074074074074 0.41898148148148145 0.1597222222222222 0.41898148148148145
0 0.3587962962962963 0.4050925925925926 0.3680555555555556 0.4050925925925926 0.3726851851851852 0.4097222222222222 0.3726851851851852 0.41435185185185186 0.375 0.4166666666666667 0.375 0.4212962962962963 0.3726851851851852 0.4236111111111111 0.37037037037037035 0.4212962962962963 0.3611111111111111 0.4212962962962963 0.3587962962962963 0.4236111111111111 0.3472222222222222 0.42592592592592593 0.3472222222222222 0.4212962962962963 0.3587962962962963 0.4074074074074074
0 0.12268518518518519 0.4398148148148148 0.125 0.44212962962962965 0.125 0.44907407407407407 0.11574074074074074 0.4537037037037037 0.1111111111111111 0.4513888888888889 0.1111111111111111 0.44212962962962965 0.11342592592592593 0.4398148148148148 0.12037037037037036 0.4398148148148148
0 0.3587962962962963 0.6921296296296297 0.37962962962962965 0.6921296296296297 0.38425925925925924 0.6944444444444444 0.3888888888888889 0.7060185185185185 0.39814814814814814 0.7152777777777778 0.4074074074074074 0.7337962962962963 0.4027777777777778 0.7453703703703703 0.38657407407407407 0.7430555555555556 0.375 0.75 0.36574074074074076 0.75 0.35648148148148145 0.7430555555555556 0.3449074074074074 0.7384259259259259 0.3425925925925926 0.7361111111111112 0.3425925925925926 0.7222222222222222 0.35648148148148145 0.7037037037037037 0.35648148148148145 0.6967592592592593 0.3587962962962963 0.6944444444444444
0 0.8217592592592593 0.3194444444444444 0.8217592592592593 0.3125 0.8240740740740741 0.3101851851851852 0.8310185185185185 0.3101851851851852 0.8333333333333334 0.3125 0.8333333333333334 0.31712962962962965 0.8310185185185185 0.3194444444444444 0.8240740740740741 0.3194444444444444
0 0.6041666666666666 0.5833333333333334 0.6087962962962963 0.5833333333333334 0.6111111111111112 0.5879629629629629 0.6111111111111112 0.5972222222222222 0.6064814814814815 0.6018518518518519 0.6018518518518519 0.5972222222222222 0.6018518518518519 0.5879629629629629 0.6041666666666666 0.5856481481481481