0 0.7361111111111112 0.125 0.7453703703703703 0.13194444444444445 0.7453703703703703 0.13657407407407407 0.7384259259259259 0.14351851851851852 0.7337962962962963 0.14351851851851852 0.7314814814814815 0.14583333333333334 0.7268518518518519 0.1412037037037037 0.7268518518518519 0.13425925925925927 0.7291666666666666 0.12962962962962962 0.7337962962962963 0.12731481481481483
0 0.6782407407407407 0.10648148148148148 0.6759259259259259 0.09490740740740741 0.6851851851851852 0.0763888888888889 0.6898148148148148 0.0787037037037037 0.6921296296296297 0.08796296296296297 0.6875 0.09953703703703703 0.6805555555555556 0.10648148148148148
0 0.1550925925925926 0 0.16203703703703703 0 0.16435185185185186 0.0023148148148148147 0.16435185185185186 0.011574074074074073 0.1574074074074074 0.011574074074074073 0.1550925925925926 0.009259259259259259 0.1550925925925926 0.0023148148148148147
0 0.12037037037037036 0.0787037037037037 0.125 0.08101851851851852 0.12731481481481483 0.08564814814814815 0.12037037037037036 0.09027777777777778 0.11574074074074074 0.08564814814814815 0.11574074074074074 0.08101851851851852 0.11805555555555555 0.08101851851851852
0 0.7430555555555556 0.6782407407407407 0.7476851851851852 0.6875 0.7453703703703703 0.6967592592592593 0.7384259259259259 0.6944444444444444 0.7337962962962963 0.6898148148148148 0.7361111111111112 0.6805555555555556 0.7407407407407407 0.6782407407407407
0 0.9583333333333334 0 0.9976851851851852 0 0.9976851851851852 0.08101851851851852 0.9930555555555556 0.08101851851851852 0.9791666666666666 0.0625 0.9722222222222222 0.04861111111111111 0.9722222222222222 0.04398148148148148 0.9652777777777778 0.032407407407407406 0.9583333333333334 0.0023148148148148147
0 0.6875 0.1574074074074074 0.6921296296296297 0.16203703703703703 0.6921296296296297 0.16666666666666666 0.6944444444444444 0.16898148148148148 0.6944444444444444 0.18055555555555555 0.6898148148148148 0.18518518518518517 0.6828703703703703 0.18518518518518517 0.6759259259259259 0.17592592592592593 0.6759259259259259 0.16898148148148148 0.6805555555555556 0.1597222222222222 0.6851851851851852 0.1574074074074074
0 0.07175925925925926 0 0.08333333333333333 0 0.08564814814814815 0.004629629629629629 0.08564814814814815 0.016203703703703703 0.0787037037037037 0.020833333333333332 0.07175925925925926 0.011574074074074073 0.07175925925925926 0.0023148148148148147
0 0.37037037037037035 0.10416666666666667 0.37962962962962965 0.08333333333333333 0.38425925925925924 0.08101851851851852 0.3958333333333333 0.09259259259259259 0.3958333333333333 0.09953703703703703 0.3912037037037037 0.09953703703703703 0.3819444444444444 0.1087962962962963 0.3726851851851852 0.10648148148148148
0 0.16203703703703703 0.05324074074074074 0.1712962962962963 0.06018518518518518 0.1712962962962963 0.06712962962962964 0.16666666666666666 0.06712962962962964 0.1597222222222222 0.05787037037037037 0.16203703703703703 0.05555555555555555
0 0.13425925925925927 0.02546296296296296 0.1388888888888889 0.02546296296296296 0.1412037037037037 0.027777777777777776 0.1412037037037037 0.037037037037037035 0.13657407407407407 0.037037037037037035 0.13425925925925927 0.034722222222222224 0.13425925925925927 0.027777777777777776
0 0.8425925925925926 0 0.8541666666666666 0 0.8541666666666666 0.004629629629629629 0.8564814814814815 0.006944444444444444 0.8564814814814815 0.011574074074074073 0.8541666666666666 0.013888888888888888 0.8449074074074074 0.013888888888888888 0.8402777777777778 0.009259259259259259 0.8402777777777778 0.004629629629629629 0.8425925925925926 0.0023148148148148147
0 0.4861111111111111 0.05555555555555555 0.49074074074074076 0.05787037037037037 0.49537037037037035 0.06481481481481481 0.49537037037037035 0.07407407407407407 0.4930555555555556 0.0787037037037037 0.4837962962962963 0.08564814814814815 0.4791666666666667 0.08564814814814815 0.47685185185185186 0.08101851851851852 0.4791666666666667 0.0763888888888889 0.4791666666666667 0.05787037037037037 0.4837962962962963 0.05787037037037037
0 0.13425925925925927 0 0.14583333333333334 0 0.14583333333333334 0.004629629629629629 0.14814814814814814 0.006944444444444444 0.14814814814814814 0.009259259259259259 0.1412037037037037 0.009259259259259259 0.13657407407407407 0.006944444444444444 0.13425925925925927 0.0023148148148148147
0 0.011574074074074073 0.016203703703703703 0.016203703703703703 0.018518518518518517 0.016203703703703703 0.03009259259259259 0.009259259259259259 0.03009259259259259 0.006944444444444444 0.027777777777777776 0.006944444444444444 0.018518518518518517 0.009259259259259259 0.018518518518518517
0 0.7847222222222222 0.08796296296296297 0.7847222222222222 0.10416666666666667 0.7754629629629629 0.1111111111111111 0.7685185185185185 0.1111111111111111 0.7638888888888888 0.10648148148148148 0.7638888888888888 0.09490740740740741 0.7708333333333334 0.08796296296296297 0.7824074074074074 0.08796296296296297
0 0.6759259259259259 0.12268518518518519 0.6782407407407407 0.12731481481481483 0.6782407407407407 0.1388888888888889 0.6759259259259259 0.1412037037037037 0.6759259259259259 0.14814814814814814 0.6712962962962963 0.1550925925925926 0.6643518518518519 0.1550925925925926 0.6620370370370371 0.14583333333333334 0.6666666666666666 0.13657407407407407 0.6666666666666666 0.12962962962962962 0.6689814814814815 0.125 0.6736111111111112 0.12268518518518519
0 0.6990740740740741 0.3819444444444444 0.7152777777777778 0.3912037037037037 0.7245370370370371 0.40046296296296297 0.7291666666666666 0.4074074074074074 0.7291666666666666 0.41435185185185186 0.7314814814814815 0.4166666666666667 0.7314814814814815 0.4398148148148148 0.7291666666666666 0.44212962962962965 0.7268518518518519 0.46064814814814814 0.7222222222222222 0.4675925925925926 0.7199074074074074 0.4837962962962963 0.7129629629629629 0.5 0.7013888888888888 0.5162037037037037 0.6944444444444444 0.5231481481481481 0.6898148148148148 0.5231481481481481 0.6875 0.5254629629629629 0.6805555555555556 0.5231481481481481 0.6504629629629629 0.4976851851851852 0.6435185185185185 0.48842592592592593 0.6388888888888888 0.47685185185185186 0.6388888888888888 0.4444444444444444 0.6458333333333334 0.42824074074074076 0.6620370370370371 0.4074074074074074 0.6736111111111112 0.40046296296296297 0.6759259259259259 0.3958333333333333 0.6875 0.38657407407407407 0.6967592592592593 0.38425925925925924
0 0.037037037037037035 0 0.04398148148148148 0 0.04861111111111111 0.006944444444444444 0.04861111111111111 0.013888888888888888 0.046296296296296294 0.013888888888888888 0.037037037037037035 0.004629629629629629 0.037037037037037035 0.0023148148148148147