0 0.33101851851851855 0.6412037037037037 0.3449074074074074 0.6550925925925926 0.3449074074074074 0.6643518518518519 0.3263888888888889 0.6805555555555556 0.32175925925925924 0.6805555555555556 0.3101851851851852 0.6736111111111112 0.30787037037037035 0.6620370370370371 0.3125 0.6504629629629629 0.3194444444444444 0.6481481481481481 0.3287037037037037 0.6412037037037037
0 0.18518518518518517 0.7731481481481481 0.18518518518518517 0.7592592592592593 0.19212962962962962 0.7523148148148148 0.19444444444444445 0.7453703703703703 0.19907407407407407 0.7407407407407407 0.20833333333333334 0.7361111111111112 0.2152777777777778 0.7361111111111112 0.2222222222222222 0.7314814814814815 0.22916666666666666 0.7314814814814815 0.2337962962962963 0.7430555555555556 0.2337962962962963 0.7592592592592593 0.22685185185185186 0.7754629629629629 0.2222222222222222 0.7800925925925926 0.2152777777777778 0.7800925925925926 0.21296296296296297 0.7777777777777778 0.18981481481481483 0.7754629629629629 0.1875 0.7731481481481481
0 0.22453703703703703 0.4791666666666667 0.22916666666666666 0.4861111111111111 0.22916666666666666 0.4930555555555556 0.22685185185185186 0.49537037037037035 0.22685185185185186 0.5023148148148148 0.22916666666666666 0.5046296296296297 0.22916666666666666 0.5231481481481481 0.2199074074074074 0.5347222222222222 0.21296296296296297 0.5347222222222222 0.2037037037037037 0.5300925925925926 0.19907407407407407 0.5231481481481481 0.19907407407407407 0.5138888888888888 0.2037037037037037 0.5069444444444444 0.20833333333333334 0.48842592592592593 0.2152777777777778 0.48148148148148145 0.2222222222222222 0.4791666666666667
0 0.3159722222222222 0.16898148148148148 0.046296296296296294 0.09953703703703703
0 0.11574074074074074 0.24305555555555555 0.10185185185185185 0.22685185185185186 0.09953703703703703 0.2222222222222222 0.09953703703703703 0.21064814814814814 0.10185185185185185 0.20833333333333334 0.12037037037037036 0.20601851851851852 0.12268518518518519 0.2037037037037037 0.12962962962962962 0.2037037037037037 0.13194444444444445 0.20601851851851852 0.13425925925925927 0.21296296296296297 0.12962962962962962 0.2222222222222222 0.12731481481481483 0.2361111111111111 0.125 0.24074074074074073 0.11805555555555555 0.24074074074074073
0 0.0763888888888889 0.041666666666666664 0.08101851851851852 0.04398148148148148 0.08564814814814815 0.06481481481481481 0.08333333333333333 0.06712962962962964 0.08101851851851852 0.08564814814814815 0.07175925925925926 0.09953703703703703 0.0625 0.10185185185185185 0.05787037037037037 0.10648148148148148 0.02546296296296296 0.10648148148148148 0 0.11574074074074074 0 0.0763888888888889 0.0023148148148148147 0.0763888888888889 0.016203703703703703 0.06018518518518518 0.020833333333333332 0.05092592592592592 0.03009259259259259 0.041666666666666664 0.037037037037037035 0.041666666666666664 0.046296296296296294 0.046296296296296294 0.05092592592592592 0.04398148148148148 0.07407407407407407 0.041666666666666664
0 0.09953703703703703 0.08333333333333333 0.10185185185185185 0.08796296296296297 0.10185185185185185 0.09722222222222222 0.09027777777777778 0.09722222222222222 0.08796296296296297 0.09953703703703703 0.0787037037037037 0.09953703703703703 0.0787037037037037 0.09259259259259259 0.08564814814814815 0.08564814814814815 0.09722222222222222 0.08333333333333333
0 0.6307870370370371 0.3912037037037037 0.037037037037037035 0.032407407407407406
0 0.7361111111111112 0.36342592592592593 0.7291666666666666 0.34953703703703703 0.7291666666666666 0.33796296296296297 0.7337962962962963 0.3333333333333333 0.75 0.3333333333333333 0.7523148148148148 0.33101851851851855 0.7592592592592593 0.33101851851851855 0.7638888888888888 0.33564814814814814 0.7685185185185185 0.3472222222222222 0.7685185185185185 0.35648148148148145 0.7569444444444444 0.36574074074074076 0.7523148148148148 0.36574074074074076 0.75 0.36342592592592593 0.7453703703703703 0.36574074074074076 0.7430555555555556 0.36342592592592593 0.7384259259259259 0.36342592592592593
0 0.5462962962962963 0.3425925925925926 0.5555555555555556 0.3425925925925926 0.5555555555555556 0.3472222222222222 0.5578703703703703 0.34953703703703703 0.5578703703703703 0.3541666666666667 0.5532407407407407 0.3587962962962963 0.5462962962962963 0.3449074074074074
0 0.6944444444444444 0.24768518518518517 0.7013888888888888 0.24768518518518517 0.7037037037037037 0.25 0.7037037037037037 0.25462962962962965 0.6944444444444444 0.2523148148148148 0.6944444444444444 0.25
0 0.5300925925925926 0.39351851851851855 0.5347222222222222 0.39814814814814814 0.5347222222222222 0.4050925925925926 0.5300925925925926 0.4050925925925926 0.5300925925925926 0.40046296296296297 0.5277777777777778 0.39814814814814814 0.5300925925925926 0.3958333333333333