0 0.2962962962962963 0.8912037037037037 0.30787037037037035 0.9004629629629629 0.30787037037037035 0.9074074074074074 0.2916666666666667 0.9282407407407407 0.28703703703703703 0.9282407407407407 0.2847222222222222 0.9259259259259259 0.2824074074074074 0.9212962962962963 0.2824074074074074 0.9120370370370371 0.2847222222222222 0.9097222222222222 0.2847222222222222 0.8981481481481481 0.28703703703703703 0.8958333333333334 0.28703703703703703 0.8912037037037037 0.28935185185185186 0.8888888888888888 0.29398148148148145 0.8912037037037037
0 0.5949074074074074 0.047453703703703706 0.016203703703703703 0.03125
0 0.5 0.21064814814814814 0.5092592592592593 0.2361111111111111 0.5092592592592593 0.2569444444444444 0.5046296296296297 0.25925925925925924 0.5 0.2569444444444444 0.49074074074074076 0.2569444444444444 0.4791666666666667 0.2662037037037037 0.4699074074074074 0.2638888888888889 0.4675925925925926 0.25925925925925924 0.4675925925925926 0.24537037037037038 0.47685185185185186 0.22685185185185186 0.49074074074074076 0.21296296296296297 0.4976851851851852 0.21064814814814814
0 0.7615740740740741 0 0.7777777777777778 0 0.7777777777777778 0.0023148148148148147 0.7662037037037037 0.013888888888888888 0.7638888888888888 0.013888888888888888 0.7615740740740741 0.0023148148148148147
0 0.7800925925925926 0 0.8125 0 0.8148148148148148 0.006944444444444444 0.8240740740740741 0.018518518518518517 0.8240740740740741 0.023148148148148147 0.8194444444444444 0.03009259259259259 0.7939814814814815 0.03009259259259259 0.7847222222222222 0.034722222222222224 0.7708333333333334 0.034722222222222224 0.7662037037037037 0.03009259259259259 0.7662037037037037 0.018518518518518517 0.7800925925925926 0.0023148148148148147
0 0.6875 0 0.7222222222222222 0 0.7268518518518519 0.009259259259259259 0.7268518518518519 0.02546296296296296 0.7222222222222222 0.037037037037037035 0.7060185185185185 0.041666666666666664 0.6990740740740741 0.046296296296296294 0.6898148148148148 0.046296296296296294 0.6898148148148148 0.041666666666666664 0.6921296296296297 0.03935185185185185 0.6898148148148148 0.027777777777777776 0.6921296296296297 0.023148148148148147 0.6898148148148148 0.020833333333333332 0.6898148148148148 0.009259259259259259 0.6875 0.006944444444444444 0.6875 0.0023148148148148147
0 0.6851851851851852 0 0.6875 0.016203703703703703 0.6898148148148148 0.018518518518518517 0.6898148148148148 0.03935185185185185 0.6828703703703703 0.04861111111111111 0.6782407407407407 0.05092592592592592 0.6666666666666666 0.05092592592592592 0.6643518518518519 0.05324074074074074 0.6527777777777778 0.05324074074074074 0.6504629629629629 0.05555555555555555 0.6226851851851852 0.05555555555555555 0.6203703703703703 0.05787037037037037 0.6064814814814815 0.05787037037037037 0.6041666666666666 0.05324074074074074 0.6041666666666666 0.04398148148148148 0.6018518518518519 0.041666666666666664 0.6018518518518519 0.018518518518518517 0.6064814814814815 0.011574074074074073 0.6180555555555556 0.006944444444444444 0.625 0.006944444444444444 0.6273148148148148 0.004629629629629629 0.6388888888888888 0.004629629629629629 0.6435185185185185 0 0.6828703703703703 0
0 0.6226851851851852 0.2662037037037037 0.6273148148148148 0.27314814814814814 0.6273148148148148 0.2824074074074074 0.6226851851851852 0.28935185185185186 0.6157407407407407 0.28935185185185186 0.6064814814814815 0.2824074074074074 0.6064814814814815 0.27546296296296297 0.6134259259259259 0.26851851851851855 0.6203703703703703 0.2662037037037037
0 0.5393518518518519 0.1597222222222222 0.5416666666666666 0.16435185185185186 0.5347222222222222 0.16898148148148148 0.5300925925925926 0.16898148148148148 0.5300925925925926 0.16435185185185186 0.5370370370370371 0.1597222222222222
0 0.7314814814814815 0 0.7569444444444444 0 0.7638888888888888 0.016203703703703703 0.7615740740740741 0.03009259259259259 0.7569444444444444 0.037037037037037035 0.7523148148148148 0.03935185185185185 0.7268518518518519 0.03935185185185185 0.7268518518518519 0.027777777777777776 0.7291666666666666 0.02546296296296296 0.7291666666666666 0.009259259259259259 0.7314814814814815 0.006944444444444444 0.7314814814814815 0.0023148148148148147
0 0.8148148148148148 0 0.8333333333333334 0 0.8263888888888888 0.009259259259259259 0.8263888888888888 0.013888888888888888 0.8240740740740741 0.016203703703703703 0.8148148148148148 0.0023148148148148147
0 0.27546296296296297 0.4699074074074074 0.2800925925925926 0.4699074074074074 0.28935185185185186 0.4837962962962963 0.28935185185185186 0.5023148148148148 0.28703703703703703 0.5069444444444444 0.2824074074074074 0.5115740740740741 0.27314814814814814 0.5162037037037037 0.26851851851851855 0.5162037037037037 0.2662037037037037 0.5138888888888888 0.2662037037037037 0.4976851851851852 0.27546296296296297 0.4722222222222222
0 0.7662037037037037 0.16435185185185186 0.7685185185185185 0.16666666666666666 0.7685185185185185 0.18981481481481483 0.7638888888888888 0.19907407407407407 0.7453703703703703 0.19675925925925927 0.7407407407407407 0.19212962962962962 0.7407407407407407 0.1875 0.7384259259259259 0.18518518518518517 0.7384259259259259 0.17592592592592593 0.7476851851851852 0.16435185185185186 0.7638888888888888 0.16435185185185186
0 0.6909722222222222 0.13310185185185186 0.008101851851851851 0.011574074074074073
0 0.4513888888888889 0.38657407407407407 0.4513888888888889 0.3773148148148148 0.46064814814814814 0.36342592592592593 0.4675925925925926 0.36342592592592593 0.4699074074074074 0.36574074074074076 0.4722222222222222 0.37962962962962965 0.46296296296296297 0.38657407407407407 0.4537037037037037 0.38657407407407407
0 0.47685185185185186 0.18518518518518517 0.4861111111111111 0.19212962962962962 0.4837962962962963 0.19444444444444445 0.4652777777777778 0.19444444444444445 0.46296296296296297 0.19212962962962962 0.46296296296296297 0.18518518518518517 0.4652777777777778 0.18287037037037038 0.4722222222222222 0.18287037037037038 0.47453703703703703 0.18518518518518517
0 0.7731481481481481 0.8148148148148148 0.7939814814814815 0.8333333333333334 0.7939814814814815 0.8518518518518519 0.7893518518518519 0.8587962962962963 0.7847222222222222 0.8796296296296297 0.7777777777777778 0.8865740740740741 0.7685185185185185 0.8865740740740741 0.7523148148148148 0.8680555555555556 0.75 0.8611111111111112 0.7430555555555556 0.8518518518518519 0.7430555555555556 0.8425925925925926 0.75 0.8240740740740741 0.7592592592592593 0.8148148148148148 0.7708333333333334 0.8148148148148148
0 0.5856481481481481 0.22106481481481483 0.015046296296296295 0.01273148148148148
0 0.8287037037037037 0.9745370370370371 0.8402777777777778 0.9861111111111112 0.8425925925925926 0.9976851851851852 0.8101851851851852 0.9976851851851852 0.8078703703703703 0.9953703703703703 0.8032407407407407 0.9953703703703703 0.7986111111111112 0.9861111111111112 0.7986111111111112 0.9814814814814815 0.8171296296296297 0.9722222222222222 0.8240740740740741 0.9722222222222222 0.8263888888888888 0.9745370370370371
0 0.9027777777777778 0.013888888888888888 0.9004629629629629 0.009259259259259259 0.9004629629629629 0.0023148148148148147 0.9027777777777778 0 0.9236111111111112 0 0.9212962962962963 0.011574074074074073 0.9166666666666666 0.013888888888888888 0.9050925925925926 0.013888888888888888
0 0.8912037037037037 0 0.8935185185185185 0 0.8912037037037037 0.004629629629629629 0.8703703703703703 0.02546296296296296 0.8657407407407407 0.027777777777777776 0.8472222222222222 0.02546296296296296 0.8425925925925926 0.03009259259259259 0.8333333333333334 0.03009259259259259 0.8287037037037037 0.023148148148148147 0.8287037037037037 0.009259259259259259 0.8356481481481481 0 0.8888888888888888 0
0 0.8981481481481481 0.004629629629629629 0.9004629629629629 0.006944444444444444 0.9004629629629629 0.013888888888888888 0.8958333333333334 0.013888888888888888 0.8935185185185185 0.016203703703703703 0.8865740740740741 0.013888888888888888 0.8865740740740741 0.011574074074074073 0.8958333333333334 0.004629629629629629
0 0.4976851851851852 0.0625 0.5023148148148148 0.06712962962962964 0.5023148148148148 0.07175925925925926 0.4930555555555556 0.0763888888888889 0.48842592592592593 0.0763888888888889 0.48842592592592593 0.06944444444444445 0.49537037037037035 0.06481481481481481