0 0.7731481481481481 0.09953703703703703 0.7800925925925926 0.09953703703703703 0.8009259259259259 0.12037037037037036 0.8125 0.125 0.8171296296296297 0.12962962962962962 0.8171296296296297 0.13657407407407407 0.8148148148148148 0.13425925925925927 0.8101851851851852 0.1388888888888889 0.8101851851851852 0.14351851851851852 0.8078703703703703 0.14583333333333334 0.7962962962962963 0.14814814814814814 0.7800925925925926 0.12962962962962962 0.7708333333333334 0.125 0.7754629629629629 0.11805555555555555 0.7731481481481481 0.10185185185185185
0 0.6944444444444444 0.004629629629629629 0.7106481481481481 0.023148148148148147 0.7129629629629629 0.041666666666666664 0.7152777777777778 0.04398148148148148 0.7175925925925926 0.06944444444444445 0.7152777777777778 0.07175925925925926 0.7152777777777778 0.1087962962962963 0.7129629629629629 0.1111111111111111 0.7060185185185185 0.1087962962962963 0.6875 0.09259259259259259 0.6782407407407407 0.08796296296296297 0.6759259259259259 0.037037037037037035 0.6782407407407407 0.034722222222222224 0.6805555555555556 0.018518518518518517 0.6851851851851852 0.009259259259259259 0.6921296296296297 0.004629629629629629
0 0.75 0.13194444444444445 0.7615740740740741 0.12731481481481483 0.7754629629629629 0.12962962962962962 0.7800925925925926 0.13194444444444445 0.7939814814814815 0.14814814814814814 0.7939814814814815 0.1574074074074074 0.7870370370370371 0.1574074074074074 0.7777777777777778 0.15046296296296297 0.7615740740740741 0.14351851851851852 0.75 0.13425925925925927
0 0.7222222222222222 0.11805555555555555 0.7337962962962963 0.11574074074074074 0.7453703703703703 0.13194444444444445 0.7314814814814815 0.12962962962962962 0.7268518518518519 0.12731481481481483 0.7222222222222222 0.12037037037037036
0 0.25 0.12268518518518519 0.25925925925925924 0.12731481481481483 0.25925925925925924 0.13657407407407407 0.25462962962962965 0.1412037037037037 0.24537037037037038 0.1388888888888889 0.23842592592592593 0.13194444444444445 0.23842592592592593 0.12731481481481483 0.24768518518518517 0.12268518518518519
0 0.9606481481481481 0.24074074074074073 0.9652777777777778 0.24537037037037038 0.9699074074074074 0.2569444444444444 0.9675925925925926 0.26851851851851855 0.9490740740740741 0.25462962962962965 0.9467592592592593 0.25 0.9513888888888888 0.24074074074074073 0.9583333333333334 0.24074074074074073
0 0.8356481481481481 0.1412037037037037 0.8402777777777778 0.14814814814814814 0.8379629629629629 0.1574074074074074 0.8240740740740741 0.1597222222222222 0.8171296296296297 0.16898148148148148 0.8125 0.16898148148148148 0.8101851851851852 0.16666666666666666 0.8101851851851852 0.1550925925925926 0.8125 0.15046296296296297 0.8263888888888888 0.1412037037037037 0.8333333333333334 0.1412037037037037
0 0.6435185185185185 0.037037037037037035 0.6412037037037037 0.06481481481481481 0.6296296296296297 0.07407407407407407 0.6273148148148148 0.07175925925925926 0.6226851851851852 0.07175925925925926 0.6134259259259259 0.0625 0.6018518518518519 0.05787037037037037 0.5995370370370371 0.05555555555555555 0.5995370370370371 0.046296296296296294 0.6087962962962963 0.046296296296296294 0.6226851851851852 0.034722222222222224 0.6388888888888888 0.034722222222222224 0.6412037037037037 0.037037037037037035
0 0.1550925925925926 0.08564814814814815 0.1597222222222222 0.08796296296296297 0.16435185185185186 0.09953703703703703 0.17592592592592593 0.1111111111111111 0.19212962962962962 0.1388888888888889 0.21064814814814814 0.1597222222222222 0.21064814814814814 0.16435185185185186 0.21296296296296297 0.16666666666666666 0.21064814814814814 0.17592592592592593 0.19907407407407407 0.17592592592592593 0.18981481481481483 0.16898148148148148 0.16435185185185186 0.1574074074074074 0.1527777777777778 0.14583333333333334 0.14351851851851852 0.1412037037037037 0.13657407407407407 0.13425925925925927 0.13657407407407407 0.09953703703703703 0.14351851851851852 0.09259259259259259 0.1527777777777778 0.08796296296296297
0 0.5555555555555556 0.037037037037037035 0.5601851851851852 0.02546296296296296 0.5601851851851852 0.016203703703703703 0.5671296296296297 0.009259259259259259 0.5717592592592593 0.009259259259259259 0.5763888888888888 0.004629629629629629 0.5925925925925926 0.004629629629629629 0.5902777777777778 0.011574074074074073 0.5949074074074074 0.016203703703703703 0.5949074074074074 0.041666666666666664 0.5972222222222222 0.04398148148148148 0.5949074074074074 0.05324074074074074 0.5879629629629629 0.05787037037037037 0.5740740740740741 0.05555555555555555 0.5671296296296297 0.05092592592592592 0.5578703703703703 0.041666666666666664 0.5578703703703703 0.03935185185185185
0 0.14351851851851852 0.1527777777777778 0.14583333333333334 0.1550925925925926 0.1527777777777778 0.1550925925925926 0.1550925925925926 0.1597222222222222 0.1550925925925926 0.1736111111111111 0.1527777777777778 0.17592592592592593 0.1527777777777778 0.18518518518518517 0.15046296296296297 0.1875 0.14351851851851852 0.1875 0.13194444444444445 0.18055555555555555 0.125 0.18055555555555555 0.11342592592592593 0.1712962962962963 0.11342592592592593 0.16203703703703703 0.11805555555555555 0.1550925925925926 0.12268518518518519 0.1550925925925926 0.125 0.1527777777777778 0.1412037037037037 0.1527777777777778
0 0.5046296296296297 0.011574074074074073 0.5185185185185185 0 0.5532407407407407 0 0.5578703703703703 0.011574074074074073 0.5578703703703703 0.027777777777777776 0.5555555555555556 0.03009259259259259 0.5555555555555556 0.034722222222222224 0.5509259259259259 0.03935185185185185 0.5462962962962963 0.03935185185185185 0.5439814814814815 0.037037037037037035 0.5393518518518519 0.037037037037037035 0.5347222222222222 0.032407407407407406 0.5300925925925926 0.032407407407407406 0.5231481481481481 0.02546296296296296 0.5115740740740741 0.020833333333333332 0.5069444444444444 0.013888888888888888
0 0.9398148148148148 0.19907407407407407 0.9467592592592593 0.20601851851851852 0.9467592592592593 0.2199074074074074 0.9421296296296297 0.22453703703703703 0.9351851851851852 0.22453703703703703 0.9282407407407407 0.2175925925925926 0.9282407407407407 0.21296296296296297 0.9259259259259259 0.21064814814814814 0.9282407407407407 0.2013888888888889 0.9305555555555556 0.19907407407407407 0.9375 0.19907407407407407
0 0.6388888888888888 0.08101851851851852 0.6388888888888888 0.07407407407407407 0.6435185185185185 0.06481481481481481 0.6643518518518519 0.041666666666666664 0.6689814814814815 0.04398148148148148 0.6712962962962963 0.05787037037037037 0.6759259259259259 0.06712962962962964 0.6736111111111112 0.09259259259259259 0.6597222222222222 0.09259259259259259 0.6481481481481481 0.08333333333333333 0.6412037037037037 0.08101851851851852
0 0.8148148148148148 0.1712962962962963 0.8217592592592593 0.16203703703703703 0.8263888888888888 0.1597222222222222 0.8379629629629629 0.1597222222222222 0.8449074074074074 0.16898148148148148 0.8472222222222222 0.17592592592592593 0.8541666666666666 0.18287037037037038 0.8518518518518519 0.18518518518518517 0.8541666666666666 0.18981481481481483 0.8449074074074074 0.18981481481481483 0.8171296296296297 0.1712962962962963
0 0.7465277777777778 0.09837962962962964 0.05787037037037037 0.06944444444444445
0 0.8819444444444444 0.16435185185185186 0.8888888888888888 0.16435185185185186 0.8912037037037037 0.16666666666666666 0.8981481481481481 0.18518518518518517 0.8981481481481481 0.2013888888888889 0.8865740740740741 0.19907407407407407 0.8865740740740741 0.1875 0.8819444444444444 0.18055555555555555 0.8842592592592593 0.16666666666666666
0 0.8634259259259259 0.12962962962962962 0.8680555555555556 0.13194444444444445 0.8703703703703703 0.13657407407407407 0.8773148148148148 0.13657407407407407 0.8773148148148148 0.1412037037037037 0.8819444444444444 0.15046296296296297 0.8796296296296297 0.1550925925925926 0.8796296296296297 0.16435185185185186 0.8726851851851852 0.1712962962962963 0.8703703703703703 0.16898148148148148 0.8657407407407407 0.1597222222222222 0.8634259259259259 0.14351851851851852 0.8587962962962963 0.13425925925925927 0.8611111111111112 0.13194444444444445
0 0.9212962962962963 0.14814814814814814 0.9282407407407407 0.14814814814814814 0.9328703703703703 0.1574074074074074 0.9305555555555556 0.16898148148148148 0.9236111111111112 0.16898148148148148 0.9236111111111112 0.16435185185185186 0.9189814814814815 0.1597222222222222 0.9212962962962963 0.15046296296296297
0 0.9606481481481481 0.1875 0.9675925925925926 0.19212962962962962 0.9675925925925926 0.19675925925925927 0.9699074074074074 0.19907407407407407 0.9699074074074074 0.20833333333333334 0.9675925925925926 0.20833333333333334 0.9606481481481481 0.2013888888888889 0.9606481481481481 0.18981481481481483
0 0.9745370370370371 0.19675925925925927 0.9745370370370371 0.18981481481481483 0.9722222222222222 0.1875 0.9745370370370371 0.16898148148148148 0.9768518518518519 0.16666666666666666 0.9930555555555556 0.16666666666666666 0.9953703703703703 0.16435185185185186 0.9976851851851852 0.16435185185185186 0.9976851851851852 0.19907407407407407 0.9930555555555556 0.19675925925925927 0.9930555555555556 0.19212962962962962 0.9907407407407407 0.18981481481481483 0.9861111111111112 0.19212962962962962 0.9861111111111112 0.19675925925925927 0.9814814814814815 0.19907407407407407 0.9768518518518519 0.19675925925925927
0 0.9976851851851852 0.25 0.9976851851851852 0.2847222222222222 0.9930555555555556 0.2800925925925926 0.9884259259259259 0.2800925925925926 0.9814814814814815 0.27314814814814814 0.9814814814814815 0.2523148148148148 0.9861111111111112 0.24768518518518517 0.9930555555555556 0.24768518518518517 0.9953703703703703 0.25
0 0.9768518518518519 0.2222222222222222 0.9837962962962963 0.22685185185185186 0.9837962962962963 0.23148148148148148 0.9861111111111112 0.2337962962962963 0.9861111111111112 0.24537037037037038 0.9814814814814815 0.24768518518518517 0.9745370370370371 0.2337962962962963 0.9745370370370371 0.22685185185185186 0.9768518518518519 0.22453703703703703
0 0.9004629629629629 0.1550925925925926 0.9050925925925926 0.1527777777777778 0.9143518518518519 0.1550925925925926 0.9143518518518519 0.1597222222222222 0.9166666666666666 0.16203703703703703 0.9143518518518519 0.1736111111111111 0.9074074074074074 0.1736111111111111 0.9004629629629629 0.16203703703703703 0.9004629629629629 0.1574074074074074
0 0.9004629629629629 0.21064814814814814 0.9097222222222222 0.20833333333333334 0.9189814814814815 0.2222222222222222 0.9189814814814815 0.22685185185185186 0.9097222222222222 0.23148148148148148 0.9004629629629629 0.2199074074074074 0.9004629629629629 0.21296296296296297
0 0.9351851851851852 0.1597222222222222 0.9421296296296297 0.16203703703703703 0.9490740740740741 0.1712962962962963 0.9490740740740741 0.18287037037037038 0.9375 0.18055555555555555 0.9351851851851852 0.17824074074074073 0.9351851851851852 0.16898148148148148 0.9328703703703703 0.16666666666666666 0.9351851851851852 0.16203703703703703
0 0.9212962962962963 0.17824074074074073 0.9282407407407407 0.17824074074074073 0.9305555555555556 0.18055555555555555 0.9305555555555556 0.19444444444444445 0.9282407407407407 0.19907407407407407 0.9236111111111112 0.2013888888888889 0.9189814814814815 0.19907407407407407 0.9189814814814815 0.18518518518518517 0.9212962962962963 0.18055555555555555