0 0.26157407407407407 0.3287037037037037 0.2638888888888889 0.33101851851851855 0.2708333333333333 0.33101851851851855 0.2777777777777778 0.33564814814814814 0.2777777777777778 0.3611111111111111 0.27546296296296297 0.36342592592592593 0.26157407407407407 0.36342592592592593 0.25925925925925924 0.36574074074074076 0.25462962962962965 0.36574074074074076 0.2523148148148148 0.36342592592592593 0.2523148148148148 0.33101851851851855 0.25925925925925924 0.3287037037037037
0 0.8333333333333334 0.19328703703703703 0.008101851851851851 0.009259259259259259
0 0.9560185185185185 0.38425925925925924 0.02546296296296296 0.027777777777777776
0 0.9143518518518519 0.2222222222222222 0.9143518518518519 0.2175925925925926 0.9212962962962963 0.21296296296296297 0.9259259259259259 0.2152777777777778 0.9259259259259259 0.2222222222222222 0.9166666666666666 0.2222222222222222
0 0.9722222222222222 0.27314814814814814 0.9722222222222222 0.2638888888888889 0.9907407407407407 0.25462962962962965 0.9976851851851852 0.25462962962962965 0.9976851851851852 0.26851851851851855 0.9953703703703703 0.2708333333333333 0.9745370370370371 0.27314814814814814
0 0.9976851851851852 0.4027777777777778 0.9976851851851852 0.42592592592592593 0.9652777777777778 0.42592592592592593 0.9583333333333334 0.4212962962962963 0.9629629629629629 0.4166666666666667 0.9722222222222222 0.41435185185185186 0.9768518518518519 0.4097222222222222 0.9837962962962963 0.4097222222222222 0.9953703703703703 0.4027777777777778
0 0.9699074074074074 0.2523148148148148 0.9699074074074074 0.24537037037037038 0.9722222222222222 0.24305555555555555 0.9791666666666666 0.24305555555555555 0.9814814814814815 0.24537037037037038 0.9791666666666666 0.2523148148148148 0.9722222222222222 0.2523148148148148
0 0.17824074074074073 0.3819444444444444 0.18055555555555555 0.38425925925925924 0.17824074074074073 0.38657407407407407 0.18055555555555555 0.3888888888888889 0.18055555555555555 0.4050925925925926 0.16898148148148148 0.4097222222222222 0.1527777777777778 0.4074074074074074 0.15046296296296297 0.4050925925925926 0.15046296296296297 0.39814814814814814 0.1527777777777778 0.39351851851851855 0.16435185185185186 0.38425925925925924 0.17592592592592593 0.3819444444444444
0 0.9004629629629629 0.18055555555555555 0.9097222222222222 0.18055555555555555 0.9097222222222222 0.19444444444444445 0.9004629629629629 0.19907407407407407 0.8935185185185185 0.19444444444444445 0.8958333333333334 0.18518518518518517 0.9004629629629629 0.18287037037037038
0 0.9745370370370371 0.3472222222222222 0.9768518518518519 0.35185185185185186 0.9768518518518519 0.3611111111111111 0.9699074074074074 0.3680555555555556 0.9583333333333334 0.3680555555555556 0.9560185185185185 0.36574074074074076 0.9560185185185185 0.35648148148148145 0.9583333333333334 0.3541666666666667 0.9583333333333334 0.34953703703703703 0.9629629629629629 0.3449074074074074 0.9699074074074074 0.3449074074074074 0.9722222222222222 0.3472222222222222
0 0.046296296296296294 0.9548611111111112 0.017361111111111112 0.017361111111111112
0 0.9305555555555556 0.39351851851851855 0.9305555555555556 0.39814814814814814 0.9236111111111112 0.4074074074074074 0.9282407407407407 0.41435185185185186 0.9282407407407407 0.41898148148148145 0.9189814814814815 0.41898148148148145 0.9189814814814815 0.3958333333333333 0.9212962962962963 0.39351851851851855 0.9282407407407407 0.39351851851851855
0 0.9953703703703703 0.37962962962962965 0.9976851851851852 0.3819444444444444 0.9976851851851852 0.3912037037037037 0.9907407407407407 0.4027777777777778 0.9837962962962963 0.4074074074074074 0.9791666666666666 0.4074074074074074 0.9722222222222222 0.39814814814814814 0.9722222222222222 0.3819444444444444 0.9791666666666666 0.3773148148148148 0.9837962962962963 0.37962962962962965 0.9930555555555556 0.37962962962962965
0 0.9722222222222222 0.3726851851851852 0.9814814814814815 0.3611111111111111 0.9884259259259259 0.3611111111111111 0.9907407407407407 0.36342592592592593 0.9884259259259259 0.3773148148148148 0.9745370370370371 0.3773148148148148 0.9745370370370371 0.375
0 0.9930555555555556 0.16203703703703703 0.9930555555555556 0.1736111111111111 0.9953703703703703 0.17592592592592593 0.9953703703703703 0.18518518518518517 0.9930555555555556 0.18981481481481483 0.9907407407407407 0.19212962962962962 0.9699074074074074 0.19444444444444445 0.9675925925925926 0.19675925925925927 0.9143518518518519 0.19444444444444445 0.9120370370370371 0.18981481481481483 0.9120370370370371 0.1736111111111111 0.9166666666666666 0.16898148148148148 0.9282407407407407 0.16898148148148148 0.9305555555555556 0.16666666666666666 0.9398148148148148 0.16666666666666666 0.9513888888888888 0.16203703703703703 0.9699074074074074 0.16203703703703703 0.9722222222222222 0.1597222222222222 0.9884259259259259 0.1597222222222222 0.9907407407407407 0.16203703703703703
0 0.9421296296296297 0.39351851851851855 0.9444444444444444 0.3958333333333333 0.9513888888888888 0.3958333333333333 0.9583333333333334 0.40046296296296297 0.9675925925925926 0.40046296296296297 0.9745370370370371 0.4074074074074074 0.9699074074074074 0.41203703703703703 0.9652777777777778 0.41203703703703703 0.9537037037037037 0.4236111111111111 0.9375 0.4212962962962963 0.9259259259259259 0.41203703703703703 0.9259259259259259 0.4027777777777778 0.9328703703703703 0.3958333333333333 0.9398148148148148 0.39351851851851855
0 0.9699074074074074 0.23842592592592593 0.9699074074074074 0.24305555555555555 0.9675925925925926 0.24537037037037038 0.9629629629629629 0.24537037037037038 0.9629629629629629 0.24074074074074073 0.9675925925925926 0.23842592592592593
0 0.5092592592592593 0.30092592592592593 0.5138888888888888 0.30092592592592593 0.5162037037037037 0.30324074074074076 0.5162037037037037 0.30787037037037035 0.5138888888888888 0.3101851851851852 0.5092592592592593 0.30787037037037035 0.5092592592592593 0.30324074074074076