0 0.8240740740740741 0.5879629629629629 0.8263888888888888 0.5902777777777778 0.8263888888888888 0.6087962962962963 0.8240740740740741 0.6111111111111112 0.8171296296296297 0.6111111111111112 0.8171296296296297 0.5972222222222222 0.8217592592592593 0.5902777777777778
0 0.6284722222222222 0.05324074074074074 0.047453703703703706 0.04976851851851852
0 0.4722222222222222 0.36574074074074076 0.4861111111111111 0.3773148148148148 0.4930555555555556 0.3912037037037037 0.49537037037037035 0.4074074074074074 0.4976851851851852 0.4097222222222222 0.4976851851851852 0.4236111111111111 0.5 0.42592592592592593 0.5023148148148148 0.4537037037037037 0.5046296296296297 0.45601851851851855 0.5046296296296297 0.48148148148148145 0.5 0.4930555555555556 0.5 0.4976851851851852 0.5023148148148148 0.5 0.5023148148148148 0.5092592592592593 0.5 0.5115740740740741 0.5 0.5347222222222222 0.4976851851851852 0.5370370370370371 0.4976851851851852 0.5462962962962963 0.49537037037037035 0.5486111111111112 0.49537037037037035 0.5601851851851852 0.4930555555555556 0.5625 0.49074074074074076 0.5740740740740741 0.4861111111111111 0.5787037037037037 0.4699074074074074 0.5787037037037037 0.46296296296296297 0.5740740740740741 0.4583333333333333 0.5740740740740741 0.4375 0.5625 0.41203703703703703 0.5416666666666666 0.39351851851851855 0.5138888888888888 0.3912037037037037 0.49537037037037035 0.3888888888888889 0.4930555555555556 0.3888888888888889 0.4722222222222222 0.38657407407407407 0.4699074074074074 0.38657407407407407 0.40046296296296297 0.3888888888888889 0.3958333333333333 0.4027777777777778 0.3819444444444444 0.4305555555555556 0.36574074074074076 0.4398148148148148 0.36574074074074076 0.44212962962962965 0.36342592592592593 0.4675925925925926 0.36342592592592593 0.4699074074074074 0.36574074074074076
0 0.9537037037037037 0.19907407407407407 0.9560185185185185 0.2037037037037037 0.9537037037037037 0.2152777777777778 0.9490740740740741 0.2175925925925926 0.9490740740740741 0.20601851851851852 0.9513888888888888 0.2013888888888889
0 0.24768518518518517 0.02546296296296296 0.25 0.023148148148148147 0.25 0.013888888888888888 0.2569444444444444 0.006944444444444444 0.2662037037037037 0.0023148148148148147 0.27314814814814814 0.013888888888888888 0.27314814814814814 0.03009259259259259 0.26851851851851855 0.032407407407407406 0.2662037037037037 0.03009259259259259 0.2523148148148148 0.03009259259259259 0.25 0.027777777777777776
0 0.6678240740740741 0.1284722222222222 0.034722222222222224 0.04398148148148148
0 0.013888888888888888 0.41435185185185186 0.032407407407407406 0.4236111111111111 0.032407407407407406 0.4305555555555556 0.023148148148148147 0.44675925925925924 0.020833333333333332 0.45601851851851855 0.013888888888888888 0.45601851851851855 0.011574074074074073 0.4537037037037037 0 0.4513888888888889 0 0.41898148148148145 0.011574074074074073 0.41435185185185186
0 0.21296296296296297 0.06018518518518518 0.22916666666666666 0.07175925925925926 0.22916666666666666 0.08333333333333333 0.22685185185185186 0.08564814814814815 0.22685185185185186 0.09027777777777778 0.22453703703703703 0.09259259259259259 0.2175925925925926 0.09259259259259259 0.20601851851851852 0.08333333333333333 0.20601851851851852 0.06944444444444445 0.21064814814814814 0.0625
0 0.03009259259259259 0.19212962962962962 0.037037037037037035 0.2013888888888889 0.034722222222222224 0.21064814814814814 0.02546296296296296 0.2199074074074074 0.018518518518518517 0.2222222222222222 0.009259259259259259 0.22916666666666666 0.006944444444444444 0.22685185185185186 0 0.22685185185185186 0 0.2037037037037037 0.016203703703703703 0.19907407407407407 0.027777777777777776 0.19212962962962962
0 0.9907407407407407 0.7523148148148148 0.9930555555555556 0.7546296296296297 0.9976851851851852 0.7546296296296297 0.9976851851851852 0.9351851851851852 0.9837962962962963 0.9166666666666666 0.9745370370370371 0.8981481481481481 0.9722222222222222 0.8819444444444444 0.9652777777777778 0.8657407407407407 0.9652777777777778 0.8564814814814815 0.9629629629629629 0.8541666666666666 0.9629629629629629 0.8356481481481481 0.9606481481481481 0.8333333333333334 0.9629629629629629 0.8310185185185185 0.9606481481481481 0.8287037037037037 0.9629629629629629 0.7939814814814815 0.9652777777777778 0.7916666666666666 0.9652777777777778 0.7847222222222222 0.9675925925925926 0.7824074074074074 0.9675925925925926 0.7754629629629629 0.9699074074074074 0.7731481481481481 0.9745370370370371 0.7546296296296297 0.9884259259259259 0.7523148148148148
0 0.48148148148148145 0.11574074074074074 0.4837962962962963 0.13425925925925927 0.48148148148148145 0.13657407407407407 0.48148148148148145 0.1412037037037037 0.4722222222222222 0.14814814814814814 0.46296296296296297 0.1412037037037037 0.46296296296296297 0.1388888888888889 0.4537037037037037 0.12962962962962962 0.4537037037037037 0.12268518518518519 0.46064814814814814 0.11342592592592593 0.47685185185185186 0.11342592592592593 0.4791666666666667 0.11574074074074074
0 0.0787037037037037 0.0787037037037037 0.08564814814814815 0.08564814814814815 0.09722222222222222 0.08564814814814815 0.09953703703703703 0.08796296296296297 0.10185185185185185 0.08564814814814815 0.10648148148148148 0.08564814814814815 0.1087962962962963 0.09027777777777778 0.1087962962962963 0.09953703703703703 0.1111111111111111 0.10185185185185185 0.1111111111111111 0.125 0.11342592592592593 0.12731481481481483 0.1111111111111111 0.12962962962962962 0.1111111111111111 0.13425925925925927 0.09953703703703703 0.13425925925925927 0.09722222222222222 0.13194444444444445 0.09259259259259259 0.13425925925925927 0.05555555555555555 0.13425925925925927 0.04861111111111111 0.12731481481481483 0.046296296296296294 0.11574074074074074 0.04398148148148148 0.11342592592592593 0.04398148148148148 0.09722222222222222 0.05092592592592592 0.09259259259259259 0.06018518518518518 0.09259259259259259 0.06944444444444445 0.08796296296296297 0.0763888888888889 0.08101851851851852
0 0.36342592592592593 0.9953703703703703 0.3587962962962963 0.9861111111111112 0.35648148148148145 0.9560185185185185 0.36342592592592593 0.9513888888888888 0.3680555555555556 0.9583333333333334 0.3680555555555556 0.9652777777777778 0.37037037037037035 0.9675925925925926 0.37037037037037035 0.9861111111111112 0.36574074074074076 0.9930555555555556
0 0.6527777777777778 0.0763888888888889 0.6550925925925926 0.0787037037037037 0.6550925925925926 0.08796296296296297 0.6435185185185185 0.09722222222222222 0.6342592592592593 0.09259259259259259 0.6342592592592593 0.08333333333333333 0.6435185185185185 0.0763888888888889 0.6504629629629629 0.0763888888888889
0 0.8888888888888888 0.12268518518518519 0.9004629629629629 0.12731481481481483 0.9004629629629629 0.13425925925925927 0.8958333333333334 0.1412037037037037 0.8773148148148148 0.1388888888888889 0.8796296296296297 0.12731481481481483 0.8865740740740741 0.12268518518518519