0 0.42824074074074076 0.2569444444444444 0.43287037037037035 0.2569444444444444 0.4444444444444444 0.2638888888888889 0.4513888888888889 0.2708333333333333 0.45601851851851855 0.2800925925925926 0.45601851851851855 0.28703703703703703 0.4537037037037037 0.2916666666666667 0.4513888888888889 0.2916666666666667 0.44675925925925924 0.28703703703703703 0.4444444444444444 0.2800925925925926 0.43287037037037035 0.26851851851851855 0.42824074074074076 0.25925925925925924
0 0.4652777777777778 0.40625 0.016203703703703703 0.03125
0 0.4791666666666667 0.3055555555555556 0.4837962962962963 0.3055555555555556 0.48842592592592593 0.3101851851851852 0.4976851851851852 0.3333333333333333 0.4976851851851852 0.33796296296296297 0.49074074074074076 0.3472222222222222 0.4837962962962963 0.3472222222222222 0.48148148148148145 0.33101851851851855 0.47685185185185186 0.32407407407407407 0.4791666666666667 0.3194444444444444 0.4791666666666667 0.30787037037037035
0 0.5925925925925926 0.4699074074074074 0.5949074074074074 0.4722222222222222 0.5949074074074074 0.47685185185185186 0.5995370370370371 0.48148148148148145 0.5995370370370371 0.49074074074074076 0.5902777777777778 0.4930555555555556 0.5810185185185185 0.5 0.5763888888888888 0.5 0.5694444444444444 0.49537037037037035 0.5671296296296297 0.49074074074074076 0.5671296296296297 0.47453703703703703 0.5694444444444444 0.4722222222222222 0.5856481481481481 0.4722222222222222 0.5902777777777778 0.4699074074074074
0 0.5046296296296297 0.34953703703703703 0.5092592592592593 0.3587962962962963 0.5162037037037037 0.36574074074074076 0.5208333333333334 0.3773148148148148 0.5162037037037037 0.38425925925925924 0.5115740740740741 0.38425925925925924 0.5092592592592593 0.38657407407407407 0.5046296296296297 0.38657407407407407 0.5046296296296297 0.3819444444444444 0.5023148148148148 0.37962962962962965 0.5023148148148148 0.3680555555555556 0.4976851851851852 0.3587962962962963 0.4976851851851852 0.35185185185185186 0.5023148148148148 0.34953703703703703
0 0.6504629629629629 0.5370370370370371 0.6620370370370371 0.5509259259259259 0.6620370370370371 0.5555555555555556 0.6643518518518519 0.5578703703703703 0.6643518518518519 0.5694444444444444 0.6666666666666666 0.5717592592592593 0.6666666666666666 0.5856481481481481 0.6643518518518519 0.5879629629629629 0.6643518518518519 0.5972222222222222 0.6597222222222222 0.6064814814814815 0.6458333333333334 0.6203703703703703 0.6319444444444444 0.6203703703703703 0.6203703703703703 0.6111111111111112 0.6134259259259259 0.5972222222222222 0.6111111111111112 0.5833333333333334 0.6134259259259259 0.5810185185185185 0.6134259259259259 0.5694444444444444 0.6180555555555556 0.5601851851851852 0.6365740740740741 0.5416666666666666 0.6481481481481481 0.5370370370370371
0 0 0.08333333333333333 0.018518518518518517 0.08333333333333333 0.020833333333333332 0.08564814814814815 0.03009259259259259 0.08564814814814815 0.034722222222222224 0.08796296296296297 0.037037037037037035 0.09259259259259259 0.037037037037037035 0.11342592592592593 0.03009259259259259 0.12731481481481483 0.03009259259259259 0.13425925925925927 0.02546296296296296 0.1388888888888889 0.018518518518518517 0.1388888888888889 0.016203703703703703 0.1412037037037037 0.011574074074074073 0.1412037037037037 0.006944444444444444 0.14583333333333334 0 0.14583333333333334 0 0.08564814814814815
0 0.5115740740740741 0.44675925925925924 0.5185185185185185 0.4444444444444444 0.5208333333333334 0.44907407407407407 0.5208333333333334 0.4583333333333333 0.5092592592592593 0.45601851851851855 0.5092592592592593 0.4513888888888889 0.5115740740740741 0.44907407407407407
0 0.6875 0.5601851851851852 0.6944444444444444 0.5648148148148148 0.7037037037037037 0.5671296296296297 0.7083333333333334 0.5717592592592593 0.7083333333333334 0.5810185185185185 0.7106481481481481 0.5856481481481481 0.7152777777777778 0.5879629629629629 0.7222222222222222 0.5972222222222222 0.7222222222222222 0.5995370370370371 0.7175925925925926 0.6018518518518519 0.6898148148148148 0.5949074074074074 0.6712962962962963 0.5810185185185185 0.6689814814814815 0.5763888888888888 0.6689814814814815 0.5648148148148148 0.6759259259259259 0.5578703703703703 0.6828703703703703 0.5578703703703703 0.6851851851851852 0.5601851851851852
0 0.9837962962962963 0.4166666666666667 0.9861111111111112 0.42824074074074076 0.9814814814814815 0.4305555555555556 0.9629629629629629 0.4236111111111111 0.9629629629629629 0.41898148148148145 0.9675925925925926 0.41435185185185186 0.9814814814814815 0.4166666666666667
0 0.48842592592592593 0.4791666666666667 0.49074074074074076 0.4837962962962963 0.49074074074074076 0.4930555555555556 0.4861111111111111 0.4930555555555556 0.4861111111111111 0.48148148148148145
0 0.4050925925925926 0.48148148148148145 0.4074074074074074 0.48148148148148145 0.41435185185185186 0.49074074074074076 0.41435185185185186 0.4976851851851852 0.4097222222222222 0.4976851851851852 0.4050925925925926 0.4930555555555556 0.4050925925925926 0.4837962962962963
0 0.02546296296296296 0.5902777777777778 0.027777777777777776 0.5925925925925926 0.027777777777777776 0.6018518518518519 0.02546296296296296 0.6041666666666666 0.020833333333333332 0.6041666666666666 0.018518518518518517 0.6018518518518519 0.018518518518518517 0.5925925925925926 0.023148148148148147 0.5925925925925926
0 0.7083333333333334 0.4351851851851852 0.7129629629629629 0.4444444444444444 0.7152777777777778 0.46296296296296297 0.7060185185185185 0.4699074074074074 0.6875 0.4675925925925926 0.6805555555555556 0.46064814814814814 0.6805555555555556 0.45601851851851855 0.6782407407407407 0.4537037037037037 0.6782407407407407 0.4444444444444444 0.6851851851851852 0.4351851851851852 0.7060185185185185 0.4351851851851852
0 0.47685185185185186 0.375 0.48842592592592593 0.3773148148148148 0.49537037037037035 0.38657407407407407 0.49537037037037035 0.40046296296296297 0.4930555555555556 0.4027777777777778 0.49074074074074076 0.4236111111111111 0.49074074074074076 0.41435185185185186 0.47685185185185186 0.40046296296296297 0.47685185185185186 0.3773148148148148
0 0.49537037037037035 0.39351851851851855 0.4976851851851852 0.3912037037037037 0.49537037037037035 0.3888888888888889 0.49537037037037035 0.3819444444444444 0.4837962962962963 0.37037037037037035 0.4837962962962963 0.36574074074074076 0.4861111111111111 0.36342592592592593 0.4976851851851852 0.36342592592592593 0.5023148148148148 0.375 0.5023148148148148 0.3912037037037037 0.4976851851851852 0.3958333333333333
0 0.3472222222222222 0.5601851851851852 0.35185185185185186 0.5671296296296297 0.36342592592592593 0.5717592592592593 0.36574074074074076 0.5833333333333334 0.36342592592592593 0.5856481481481481 0.36342592592592593 0.5995370370370371 0.3611111111111111 0.6018518518518519 0.3402777777777778 0.6018518518518519 0.33796296296296297 0.5972222222222222 0.3333333333333333 0.5740740740740741 0.33796296296296297 0.5625 0.3449074074074074 0.5601851851851852
0 0.07175925925925926 0.6435185185185185 0.07407407407407407 0.6481481481481481 0.06712962962962964 0.6620370370370371 0.05324074074074074 0.6712962962962963 0.046296296296296294 0.6712962962962963 0.041666666666666664 0.6643518518518519 0.04398148148148148 0.6620370370370371 0.04398148148148148 0.6574074074074074 0.05092592592592592 0.6504629629629629 0.06944444444444445 0.6458333333333334
0 0.5300925925925926 0.4398148148148148 0.5300925925925926 0.44212962962962965 0.5347222222222222 0.4444444444444444 0.5393518518518519 0.4537037037037037 0.5393518518518519 0.4583333333333333 0.5347222222222222 0.46296296296296297 0.5277777777777778 0.46296296296296297 0.5231481481481481 0.4583333333333333 0.5231481481481481 0.44675925925925924 0.5277777777777778 0.44212962962962965
0 0.5023148148148148 0.4305555555555556 0.5046296296296297 0.43287037037037035 0.5046296296296297 0.4398148148148148 0.5092592592592593 0.4444444444444444 0.5046296296296297 0.4537037037037037 0.49537037037037035 0.4513888888888889 0.4930555555555556 0.44675925925925924 0.49537037037037035 0.43287037037037035 0.5 0.4305555555555556
0 0.046296296296296294 0.125 0.05555555555555555 0.12962962962962962 0.05787037037037037 0.1412037037037037 0.041666666666666664 0.15046296296296297 0.034722222222222224 0.15046296296296297 0.027777777777777776 0.1412037037037037 0.03009259259259259 0.1388888888888889 0.03009259259259259 0.13425925925925927 0.034722222222222224 0.12962962962962962 0.04398148148148148 0.12731481481481483
0 0.4537037037037037 0.2916666666666667 0.46296296296296297 0.28935185185185186 0.4791666666666667 0.30324074074074076 0.4791666666666667 0.3194444444444444 0.47685185185185186 0.32407407407407407 0.4722222222222222 0.32407407407407407 0.4722222222222222 0.3194444444444444 0.45601851851851855 0.30324074074074076 0.4537037037037037 0.29398148148148145
0 0.5231481481481481 0.4305555555555556 0.5254629629629629 0.43287037037037035 0.5254629629629629 0.4444444444444444 0.5231481481481481 0.44675925925925924 0.5162037037037037 0.4444444444444444 0.5162037037037037 0.4351851851851852 0.5208333333333334 0.43287037037037035
0 0.08101851851851852 0.5879629629629629 0.08564814814814815 0.5856481481481481 0.09259259259259259 0.5879629629629629 0.09259259259259259 0.5972222222222222 0.09027777777777778 0.6018518518518519 0.08564814814814815 0.6041666666666666 0.0787037037037037 0.5995370370370371 0.0787037037037037 0.5925925925925926 0.08101851851851852 0.5902777777777778
0 0.5023148148148148 0.4305555555555556 0.5046296296296297 0.42824074074074076 0.5115740740740741 0.42824074074074076 0.5138888888888888 0.43287037037037035 0.5138888888888888 0.4444444444444444 0.5115740740740741 0.44675925925925924 0.5069444444444444 0.4444444444444444 0.5046296296296297 0.43287037037037035
0 0.032407407407407406 0.46064814814814814 0.034722222222222224 0.46296296296296297 0.034722222222222224 0.4675925925925926 0.03009259259259259 0.47685185185185186 0.023148148148148147 0.47685185185185186 0.020833333333333332 0.47453703703703703 0.023148148148148147 0.4652777777777778 0.03009259259259259 0.46064814814814814
0 0.37037037037037035 0.26157407407407407 0.37962962962962965 0.2662037037037037 0.39351851851851855 0.2847222222222222 0.40046296296296297 0.2847222222222222 0.4050925925925926 0.2800925925925926 0.41898148148148145 0.2800925925925926 0.42592592592592593 0.2986111111111111 0.4375 0.3055555555555556 0.4444444444444444 0.3148148148148148 0.4444444444444444 0.3194444444444444 0.44907407407407407 0.3287037037037037 0.44907407407407407 0.3402777777777778 0.4513888888888889 0.3425925925925926 0.4513888888888889 0.3611111111111111 0.44907407407407407 0.36342592592592593 0.44675925925925924 0.3888888888888889 0.44212962962962965 0.39351851851851855 0.43287037037037035 0.3819444444444444 0.4236111111111111 0.3819444444444444 0.4166666666666667 0.3773148148148148 0.4074074074074074 0.3773148148148148 0.4050925925925926 0.375 0.4050925925925926 0.37037037037037035 0.39351851851851855 0.3587962962962963 0.38657407407407407 0.3449074074074074 0.3819444444444444 0.3402777777777778 0.37962962962962965 0.3287037037037037 0.3726851851851852 0.32175925925925924 0.3680555555555556 0.3101851851851852 0.35648148148148145 0.30092592592592593 0.3541666666666667 0.2962962962962963 0.3541666666666667 0.2824074074074074 0.34953703703703703 0.27546296296296297 0.34953703703703703 0.2708333333333333 0.3541666666666667 0.2662037037037037 0.3587962962962963 0.2662037037037037 0.3680555555555556 0.26157407407407407