0 0.14351851851851852 0.6226851851851852 0.15046296296296297 0.6319444444444444 0.1550925925925926 0.6435185185185185 0.1550925925925926 0.6620370370370371 0.14351851851851852 0.6712962962962963 0.13657407407407407 0.6712962962962963 0.13425925925925927 0.6666666666666666 0.11574074074074074 0.6666666666666666 0.11342592592592593 0.6643518518518519 0.11574074074074074 0.6481481481481481 0.12037037037037036 0.6435185185185185 0.125 0.6319444444444444 0.13425925925925927 0.6226851851851852 0.1412037037037037 0.6226851851851852
0 0.12731481481481483 0.5277777777777778 0.12731481481481483 0.5370370370370371 0.11805555555555555 0.5509259259259259 0.1111111111111111 0.5509259259259259 0.1087962962962963 0.5393518518518519 0.11342592592592593 0.5300925925925926 0.125 0.5277777777777778
0 0 0.7800925925925926 0.011574074074074073 0.7800925925925926 0.016203703703703703 0.7824074074074074 0.027777777777777776 0.7939814814814815 0.03009259259259259 0.8055555555555556 0.037037037037037035 0.8125 0.037037037037037035 0.8217592592592593 0.03009259259259259 0.8333333333333334 0.02546296296296296 0.8287037037037037 0.009259259259259259 0.8495370370370371 0 0.8495370370370371 0 0.7824074074074074
0 0.9259259259259259 0.5324074074074074 0.9305555555555556 0.5416666666666666 0.9375 0.5486111111111112 0.9375 0.5555555555555556 0.9351851851851852 0.5578703703703703 0.9305555555555556 0.5578703703703703 0.9143518518518519 0.5694444444444444 0.9004629629629629 0.5694444444444444 0.8935185185185185 0.5625 0.8935185185185185 0.5439814814814815 0.8981481481481481 0.5393518518518519 0.9097222222222222 0.5370370370370371 0.9120370370370371 0.5347222222222222 0.9236111111111112 0.5347222222222222
0 0.9791666666666666 0.6550925925925926 0.041666666666666664 0.10532407407407407
0 0.26851851851851855 0.37037037037037035 0.2708333333333333 0.3726851851851852 0.2708333333333333 0.38425925925925924 0.26851851851851855 0.38425925925925924 0.25 0.40046296296296297 0.24305555555555555 0.40046296296296297 0.2337962962962963 0.4050925925925926 0.23148148148148148 0.4027777777777778 0.23148148148148148 0.38657407407407407 0.2337962962962963 0.38425925925925924 0.2361111111111111 0.3726851851851852 0.24768518518518517 0.3680555555555556 0.2638888888888889 0.3680555555555556 0.2662037037037037 0.37037037037037035
0 0.3587962962962963 0.2962962962962963 0.36342592592592593 0.30324074074074076 0.36342592592592593 0.3263888888888889 0.3587962962962963 0.3333333333333333 0.35648148148148145 0.3425925925925926 0.3541666666666667 0.3449074074074074 0.34953703703703703 0.3449074074074074 0.3402777777777778 0.3541666666666667 0.3333333333333333 0.3541666666666667 0.33101851851851855 0.35648148148148145 0.3287037037037037 0.3541666666666667 0.32407407407407407 0.3541666666666667 0.3125 0.3611111111111111 0.3055555555555556 0.3611111111111111 0.30324074074074076 0.3587962962962963 0.30324074074074076 0.3541666666666667 0.30092592592592593 0.35185185185185186 0.30092592592592593 0.3402777777777778 0.3125 0.3194444444444444 0.31712962962962965 0.3148148148148148 0.3194444444444444 0.30787037037037035 0.32175925925925924 0.3055555555555556 0.3333333333333333 0.3055555555555556 0.3425925925925926 0.2986111111111111 0.35185185185185186 0.2986111111111111 0.35648148148148145 0.2962962962962963
0 0.30324074074074076 0.42592592592592593 0.31712962962962965 0.4375 0.31712962962962965 0.44675925925925924 0.30324074074074076 0.44675925925925924 0.29398148148148145 0.44212962962962965 0.30092592592592593 0.42824074074074076
0 0.29398148148148145 0.7476851851851852 0.2962962962962963 0.75 0.30092592592592593 0.75 0.30787037037037035 0.7569444444444444 0.30092592592592593 0.7731481481481481 0.28703703703703703 0.7847222222222222 0.2824074074074074 0.7847222222222222 0.2777777777777778 0.7777777777777778 0.2708333333333333 0.7754629629629629 0.2662037037037037 0.7708333333333334 0.2662037037037037 0.7569444444444444 0.26851851851851855 0.7546296296296297 0.26851851851851855 0.75 0.27314814814814814 0.7453703703703703 0.28935185185185186 0.7453703703703703 0.2916666666666667 0.7476851851851852
0 0.18981481481481483 0.4675925925925926 0.1875 0.4652777777777778 0.1875 0.4583333333333333 0.19212962962962962 0.44907407407407407 0.19907407407407407 0.4444444444444444 0.2037037037037037 0.4513888888888889 0.2013888888888889 0.46064814814814814 0.19675925925925927 0.4652777777777778 0.19212962962962962 0.4652777777777778
0 0.7754629629629629 0.37962962962962965 0.7847222222222222 0.38657407407407407 0.7939814814814815 0.4074074074074074 0.7893518518518519 0.41203703703703703 0.7893518518518519 0.42592592592592593 0.7847222222222222 0.4305555555555556 0.7800925925925926 0.42824074074074076 0.7777777777777778 0.4166666666666667 0.7731481481481481 0.4074074074074074 0.7731481481481481 0.38425925925925924 0.7754629629629629 0.3819444444444444
0 0.8356481481481481 0.5046296296296297 0.8402777777777778 0.5115740740740741 0.8402777777777778 0.5254629629629629 0.8333333333333334 0.5254629629629629 0.8263888888888888 0.5162037037037037 0.8263888888888888 0.5092592592592593 0.8333333333333334 0.5046296296296297
0 0.05787037037037037 0.35648148148148145 0.06481481481481481 0.3611111111111111 0.07175925925925926 0.3773148148148148 0.06944444444444445 0.3819444444444444 0.05787037037037037 0.37962962962962965 0.05787037037037037 0.3726851851851852 0.05555555555555555 0.37037037037037035 0.05555555555555555 0.3611111111111111 0.05787037037037037 0.3587962962962963
0 0.09027777777777778 0.4837962962962963 0.09027777777777778 0.5 0.08333333333333333 0.5 0.08101851851851852 0.49537037037037035 0.08101851851851852 0.4837962962962963 0.08333333333333333 0.48148148148148145 0.08796296296296297 0.4837962962962963
0 0.13194444444444445 0.4513888888888889 0.13425925925925927 0.46296296296296297 0.13657407407407407 0.4652777777777778 0.13657407407407407 0.48148148148148145 0.13425925925925927 0.4837962962962963 0.125 0.4837962962962963 0.12268518518518519 0.4861111111111111 0.11574074074074074 0.4861111111111111 0.10185185185185185 0.4791666666666667 0.09722222222222222 0.4791666666666667 0.09490740740740741 0.47453703703703703 0.09490740740740741 0.4652777777777778 0.09953703703703703 0.45601851851851855 0.11574074074074074 0.4537037037037037 0.125 0.44907407407407407 0.12962962962962962 0.4513888888888889
0 0.03935185185185185 0.4236111111111111 0.03935185185185185 0.42824074074074076 0.041666666666666664 0.4305555555555556 0.041666666666666664 0.44675925925925924 0.04398148148148148 0.44907407407407407 0.03935185185185185 0.4537037037037037 0.020833333333333332 0.4537037037037037 0.018518518518518517 0.45601851851851855 0.013888888888888888 0.4537037037037037 0.009259259259259259 0.45601851851851855 0 0.45601851851851855 0 0.43287037037037035 0.018518518518518517 0.4212962962962963 0.02546296296296296 0.42592592592592593 0.037037037037037035 0.4236111111111111
0 0.09953703703703703 0.37037037037037035 0.019675925925925927 0.02546296296296296
0 0.13194444444444445 0.3773148148148148 0.13194444444444445 0.37037037037037035 0.13657407407407407 0.3587962962962963 0.14814814814814814 0.3587962962962963 0.1550925925925926 0.36574074074074076 0.15046296296296297 0.3726851851851852 0.1412037037037037 0.3773148148148148 0.13425925925925927 0.3773148148148148
0 0.18055555555555555 0.3472222222222222 0.1875 0.35648148148148145 0.18287037037037038 0.37037037037037035 0.17592592592592593 0.3680555555555556 0.16898148148148148 0.35648148148148145 0.1712962962962963 0.35185185185185186 0.17824074074074073 0.3472222222222222
0 0.019675925925925927 0.38773148148148145 0.01273148148148148 0.01273148148148148
0 0.2013888888888889 0.32407407407407407 0.21296296296296297 0.3263888888888889 0.2175925925925926 0.3333333333333333 0.21064814814814814 0.3425925925925926 0.19907407407407407 0.3333333333333333 0.19907407407407407 0.3287037037037037 0.2013888888888889 0.3263888888888889
0 0.25925925925925924 0.33101851851851855 0.26851851851851855 0.3472222222222222 0.2662037037037037 0.3587962962962963 0.26157407407407407 0.36342592592592593 0.2569444444444444 0.36342592592592593 0.2569444444444444 0.3587962962962963 0.25462962962962965 0.35648148148148145 0.25462962962962965 0.33564814814814814 0.2569444444444444 0.3333333333333333
0 0.02546296296296296 0.3680555555555556 0.020833333333333332 0.35185185185185186 0.023148148148148147 0.34953703703703703 0.03009259259259259 0.34953703703703703 0.032407407407407406 0.3611111111111111 0.027777777777777776 0.36574074074074076