0 0.5300925925925926 0.8726851851851852 0.5347222222222222 0.8726851851851852 0.5347222222222222 0.8819444444444444 0.5324074074074074 0.8842592592592593 0.5300925925925926 0.8842592592592593 0.5277777777777778 0.8796296296296297 0.5300925925925926 0.875
0 0.49537037037037035 0.20601851851851852 0.49537037037037035 0.18981481481481483 0.5 0.18518518518518517 0.5115740740740741 0.18518518518518517 0.5115740740740741 0.19675925925925927 0.5138888888888888 0.19907407407407407 0.5046296296296297 0.20601851851851852 0.4976851851851852 0.20601851851851852
0 0.4895833333333333 0.22453703703703703 0.016203703703703703 0.020833333333333332
0 0.24074074074074073 0.6435185185185185 0.24305555555555555 0.6435185185185185 0.24305555555555555 0.6574074074074074 0.24074074074074073 0.6597222222222222 0.23842592592592593 0.6574074074074074 0.23842592592592593 0.6481481481481481 0.24074074074074073 0.6458333333333334
0 0.6064814814814815 0.7592592592592593 0.6111111111111112 0.7592592592592593 0.6134259259259259 0.7615740740740741 0.6111111111111112 0.7662037037037037 0.6064814814814815 0.7662037037037037 0.6064814814814815 0.7615740740740741
0 0.9537037037037037 0 0.9745370370370371 0 0.9745370370370371 0.006944444444444444 0.9722222222222222 0.009259259259259259 0.9675925925925926 0.009259259259259259 0.9583333333333334 0.013888888888888888 0.9513888888888888 0.013888888888888888 0.9537037037037037 0.0023148148148148147
0 0.1550925925925926 0.5046296296296297 0.16203703703703703 0.5023148148148148 0.16666666666666666 0.5092592592592593 0.16435185185185186 0.5185185185185185 0.1597222222222222 0.5185185185185185 0.15046296296296297 0.5138888888888888 0.1550925925925926 0.5069444444444444
0 0.24074074074074073 0.3113425925925926 0.028935185185185185 0.034722222222222224
0 0.2824074074074074 0.4675925925925926 0.28703703703703703 0.4722222222222222 0.28703703703703703 0.4837962962962963 0.2824074074074074 0.48842592592592593 0.27546296296296297 0.48842592592592593 0.2708333333333333 0.48148148148148145 0.2708333333333333 0.4699074074074074 0.27314814814814814 0.4675925925925926 0.2800925925925926 0.4675925925925926
0 0.2013888888888889 0.4976851851851852 0.21064814814814814 0.4976851851851852 0.2152777777777778 0.5023148148148148 0.2152777777777778 0.5046296296296297 0.2037037037037037 0.5138888888888888 0.19907407407407407 0.5069444444444444 0.19907407407407407 0.5023148148148148 0.2013888888888889 0.5
0 0.32407407407407407 0.5810185185185185 0.3287037037037037 0.5810185185185185 0.3287037037037037 0.5856481481481481 0.33101851851851855 0.5879629629629629 0.3287037037037037 0.5925925925925926 0.32407407407407407 0.5879629629629629 0.32407407407407407 0.5833333333333334
0 0.5763888888888888 0.7013888888888888 0.5763888888888888 0.7083333333333334 0.5717592592592593 0.7083333333333334 0.5694444444444444 0.7060185185185185 0.5694444444444444 0.7037037037037037 0.5740740740740741 0.7013888888888888
0 0.8819444444444444 0.7083333333333334 0.8865740740740741 0.7083333333333334 0.8888888888888888 0.7129629629629629 0.8888888888888888 0.7175925925925926 0.8865740740740741 0.7199074074074074 0.8819444444444444 0.7199074074074074 0.8819444444444444 0.7106481481481481
0 0.18518518518518517 0.46064814814814814 0.18981481481481483 0.46296296296296297 0.18981481481481483 0.47453703703703703 0.18518518518518517 0.47685185185185186 0.18287037037037038 0.47685185185185186 0.18287037037037038 0.4652777777777778 0.18518518518518517 0.46296296296296297
0 0.125 0.5462962962962963 0.125 0.5347222222222222 0.12731481481481483 0.5324074074074074 0.12731481481481483 0.5254629629629629 0.13194444444444445 0.5185185185185185 0.1388888888888889 0.5185185185185185 0.1412037037037037 0.5231481481481481 0.1412037037037037 0.5347222222222222 0.13425925925925927 0.5439814814814815 0.12962962962962962 0.5439814814814815 0.12731481481481483 0.5462962962962963
0 0.14583333333333334 0.5185185185185185 0.1527777777777778 0.5162037037037037 0.16666666666666666 0.5231481481481481 0.16203703703703703 0.5324074074074074 0.1574074074074074 0.5347222222222222 0.14583333333333334 0.5347222222222222 0.14351851851851852 0.5324074074074074 0.14351851851851852 0.5231481481481481 0.14583333333333334 0.5208333333333334
0 0.9004629629629629 0.011574074074074073 0.9027777777777778 0.013888888888888888 0.9027777777777778 0.018518518518518517 0.8981481481481481 0.027777777777777776 0.8935185185185185 0.03009259259259259 0.8912037037037037 0.03009259259259259 0.8865740740740741 0.023148148148148147 0.8888888888888888 0.018518518518518517 0.8981481481481481 0.011574074074074073
0 0.5625 0.5787037037037037 0.5671296296296297 0.5787037037037037 0.5694444444444444 0.5833333333333334 0.5671296296296297 0.5879629629629629 0.5625 0.5879629629629629 0.5625 0.5810185185185185
0 0.1701388888888889 0.34837962962962965 0.023148148148148147 0.027777777777777776
0 0.36574074074074076 0.8865740740740741 0.37037037037037035 0.8865740740740741 0.37037037037037035 0.8935185185185185 0.36574074074074076 0.8935185185185185 0.36574074074074076 0.8888888888888888
0 0.17824074074074073 0.4930555555555556 0.18981481481481483 0.4930555555555556 0.19212962962962962 0.49537037037037035 0.19212962962962962 0.5023148148148148 0.18287037037037038 0.5069444444444444 0.17592592592592593 0.5046296296296297 0.17592592592592593 0.4976851851851852 0.17824074074074073 0.49537037037037035
0 0.4583333333333333 0.8055555555555556 0.46296296296296297 0.8055555555555556 0.4652777777777778 0.8078703703703703 0.46296296296296297 0.8148148148148148 0.4583333333333333 0.8148148148148148 0.4583333333333333 0.8078703703703703