0 0.22453703703703703 0.9097222222222222 0.2361111111111111 0.9120370370370371 0.2361111111111111 0.9328703703703703 0.23148148148148148 0.9375 0.22685185185185186 0.9375 0.22453703703703703 0.9351851851851852 0.22453703703703703 0.9236111111111112 0.2222222222222222 0.9212962962962963 0.22453703703703703 0.9120370370370371
0 0.5 0 0.5092592592592593 0 0.5092592592592593 0.006944444444444444 0.5046296296296297 0.009259259259259259 0.5 0.006944444444444444 0.5 0.0023148148148148147
0 0.49537037037037035 0.020833333333333332 0.5046296296296297 0.020833333333333332 0.5092592592592593 0.03009259259259259 0.5092592592592593 0.04861111111111111 0.5046296296296297 0.05092592592592592 0.48842592592592593 0.04861111111111111 0.48842592592592593 0.03935185185185185 0.49537037037037035 0.023148148148148147
0 0.49537037037037035 0.23842592592592593 0.5046296296296297 0.23842592592592593 0.5046296296296297 0.2523148148148148 0.5 0.25462962962962965 0.4976851851851852 0.2523148148148148 0.4930555555555556 0.2523148148148148 0.4930555555555556 0.24305555555555555 0.49537037037037035 0.24074074074074073
0 0.38425925925925924 0.016203703703703703 0.38657407407407407 0.018518518518518517 0.38657407407407407 0.02546296296296296 0.37962962962962965 0.02546296296296296 0.3773148148148148 0.023148148148148147 0.3773148148148148 0.018518518518518517 0.3819444444444444 0.016203703703703703
0 0.06712962962962964 0.10416666666666667 0.07407407407407407 0.11574074074074074 0.0763888888888889 0.13657407407407407 0.07407407407407407 0.1388888888888889 0.0625 0.1412037037037037 0.05787037037037037 0.1388888888888889 0.05324074074074074 0.13194444444444445 0.05092592592592592 0.12037037037037036 0.05324074074074074 0.11574074074074074 0.0625 0.10648148148148148 0.06481481481481481 0.10648148148148148
0 0.19675925925925927 0.05092592592592592 0.20833333333333334 0.05092592592592592 0.22685185185185186 0.06018518518518518 0.22685185185185186 0.07175925925925926 0.22916666666666666 0.07407407407407407 0.22916666666666666 0.08796296296296297 0.22685185185185186 0.09027777777777778 0.22453703703703703 0.10416666666666667 0.20833333333333334 0.1111111111111111 0.19907407407407407 0.1111111111111111 0.19212962962962962 0.09953703703703703 0.19212962962962962 0.08796296296296297 0.18981481481481483 0.08564814814814815 0.18981481481481483 0.0763888888888889 0.1875 0.07407407407407407 0.19212962962962962 0.05787037037037037 0.19675925925925927 0.05324074074074074
0 0.7094907407407407 0.08449074074074074 0.032407407407407406 0.023148148148148147
0 0.18055555555555555 0.28587962962962965 0.02199074074074074 0.02199074074074074
0 0.4074074074074074 0.03009259259259259 0.4166666666666667 0.03009259259259259 0.4166666666666667 0.037037037037037035 0.4074074074074074 0.037037037037037035 0.4074074074074074 0.032407407407407406
0 0.06481481481481481 0.05555555555555555 0.06944444444444445 0.05555555555555555 0.07175925925925926 0.05324074074074074 0.0787037037037037 0.05324074074074074 0.08101851851851852 0.05555555555555555 0.08101851851851852 0.06018518518518518 0.07407407407407407 0.06481481481481481 0.07175925925925926 0.0625 0.06481481481481481 0.0625 0.06481481481481481 0.05787037037037037
0 0.2199074074074074 0 0.2199074074074074 0.011574074074074073 0.20601851851851852 0.011574074074074073 0.2037037037037037 0.013888888888888888 0.19907407407407407 0.011574074074074073 0.19907407407407407 0.0023148148148148147 0.2013888888888889 0 0.2175925925925926 0
0 0.12268518518518519 0.25462962962962965 0.12731481481481483 0.2569444444444444 0.12962962962962962 0.26157407407407407 0.13194444444444445 0.27546296296296297 0.12731481481481483 0.2800925925925926 0.11574074074074074 0.2777777777777778 0.11342592592592593 0.2662037037037037 0.12037037037037036 0.2569444444444444
0 0.2881944444444444 0.04050925925925926 0.015046296296296295 0.011574074074074073
0 0.4236111111111111 0.11574074074074074 0.4351851851851852 0.11342592592592593 0.4398148148148148 0.11805555555555555 0.4398148148148148 0.12962962962962962 0.43287037037037035 0.12962962962962962 0.4305555555555556 0.13194444444444445 0.4212962962962963 0.13194444444444445 0.4212962962962963 0.12037037037037036 0.4236111111111111 0.11805555555555555
0 0.5509259259259259 0.05324074074074074 0.5532407407407407 0.05324074074074074 0.5601851851851852 0.0625 0.5601851851851852 0.06712962962962964 0.5578703703703703 0.06944444444444445 0.5462962962962963 0.07175925925925926 0.5486111111111112 0.06944444444444445 0.5509259259259259 0.05555555555555555
0 0.2789351851851852 0.33796296296296297 0.02546296296296296 0.02199074074074074
0 0.4398148148148148 0.1597222222222222 0.4444444444444444 0.16435185185185186 0.4444444444444444 0.17592592592592593 0.4398148148148148 0.18518518518518517 0.43287037037037035 0.18981481481481483 0.4305555555555556 0.18981481481481483 0.42592592592592593 0.18287037037037038 0.42592592592592593 0.1712962962962963 0.4305555555555556 0.16435185185185186 0.4375 0.1597222222222222
0 0.7824074074074074 0 0.8356481481481481 0 0.8356481481481481 0.004629629629629629 0.8379629629629629 0.006944444444444444 0.8356481481481481 0.011574074074074073 0.8379629629629629 0.016203703703703703 0.8356481481481481 0.018518518518518517 0.8333333333333334 0.03009259259259259 0.8101851851851852 0.03009259259259259 0.8078703703703703 0.032407407407407406 0.8032407407407407 0.023148148148148147 0.8009259259259259 0.02546296296296296 0.7893518518518519 0.016203703703703703 0.7870370370370371 0.018518518518518517 0.7824074074074074 0.016203703703703703 0.7847222222222222 0.0023148148148148147
0 0.9398148148148148 0.004629629629629629 0.9467592592592593 0.004629629629629629 0.9513888888888888 0.011574074074074073 0.9513888888888888 0.016203703703703703 0.9467592592592593 0.020833333333333332 0.9421296296296297 0.018518518518518517 0.9398148148148148 0.006944444444444444
0 0.9074074074074074 0 0.9143518518518519 0 0.9143518518518519 0.004629629629629629 0.9212962962962963 0.013888888888888888 0.9212962962962963 0.020833333333333332 0.9166666666666666 0.02546296296296296 0.9120370370370371 0.02546296296296296 0.9027777777777778 0.016203703703703703 0.9050925925925926 0.004629629629629629 0.9074074074074074 0.0023148148148148147
0 0.9942129629629629 0.011574074074074073 0.011574074074074073 0.024305555555555556