0 0.8958333333333334 0.02546296296296296 0.9004629629629629 0.034722222222222224 0.9004629629629629 0.041666666666666664 0.8958333333333334 0.046296296296296294 0.8888888888888888 0.046296296296296294 0.8842592592592593 0.04398148148148148 0.8819444444444444 0.03935185185185185 0.8819444444444444 0.03009259259259259 0.8865740740740741 0.02546296296296296 0.8935185185185185 0.02546296296296296
0 0.9375 0.04398148148148148 0.9351851851851852 0.03935185185185185 0.9259259259259259 0.034722222222222224 0.9259259259259259 0.020833333333333332 0.9328703703703703 0.013888888888888888 0.9375 0.013888888888888888 0.9398148148148148 0.011574074074074073 0.9467592592592593 0.011574074074074073 0.9513888888888888 0.018518518518518517 0.9513888888888888 0.02546296296296296 0.9467592592592593 0.032407407407407406 0.9467592592592593 0.037037037037037035 0.9421296296296297 0.04398148148148148 0.9398148148148148 0.04398148148148148
0 0.5787037037037037 0.2337962962962963 0.5972222222222222 0.24537037037037038 0.6041666666666666 0.24537037037037038 0.6180555555555556 0.2523148148148148 0.6319444444444444 0.2523148148148148 0.6365740740740741 0.2638888888888889 0.6365740740740741 0.2708333333333333 0.6342592592592593 0.27546296296296297 0.6296296296296297 0.2777777777777778 0.6180555555555556 0.2800925925925926 0.6157407407407407 0.2777777777777778 0.6041666666666666 0.27546296296296297 0.5949074074074074 0.26851851851851855 0.5879629629629629 0.2662037037037037 0.5787037037037037 0.2569444444444444 0.5787037037037037 0.2361111111111111
0 0.7824074074074074 0.21064814814814814 0.7939814814814815 0.21296296296296297 0.8101851851851852 0.22685185185185186 0.8101851851851852 0.25 0.8055555555555556 0.25462962962962965 0.8009259259259259 0.25462962962962965 0.7916666666666666 0.24768518518518517 0.7847222222222222 0.2361111111111111 0.7824074074074074 0.21296296296296297
0 0.9421296296296297 0.09953703703703703 0.9513888888888888 0.1111111111111111 0.9513888888888888 0.12731481481481483 0.9467592592592593 0.13194444444444445 0.9351851851851852 0.12268518518518519 0.9351851851851852 0.11805555555555555 0.9328703703703703 0.11574074074074074 0.9328703703703703 0.10648148148148148 0.9351851851851852 0.10185185185185185 0.9398148148148148 0.09953703703703703
0 0.9791666666666666 0.02546296296296296 0.9814814814814815 0.027777777777777776 0.9907407407407407 0.027777777777777776 0.9907407407407407 0.04861111111111111 0.9884259259259259 0.05092592592592592 0.9884259259259259 0.05555555555555555 0.9722222222222222 0.05324074074074074 0.9699074074074074 0.032407407407407406 0.9722222222222222 0.027777777777777776 0.9768518518518519 0.02546296296296296
0 0.5231481481481481 0.023148148148148147 0.5277777777777778 0.023148148148148147 0.5324074074074074 0.032407407407407406 0.5277777777777778 0.041666666666666664 0.5254629629629629 0.04398148148148148 0.5208333333333334 0.04398148148148148 0.5185185185185185 0.041666666666666664 0.5185185185185185 0.032407407407407406 0.5231481481481481 0.02546296296296296
0 0.9537037037037037 0.03009259259259259 0.9560185185185185 0.032407407407407406 0.9629629629629629 0.03009259259259259 0.9675925925925926 0.034722222222222224 0.9675925925925926 0.041666666666666664 0.9560185185185185 0.04861111111111111 0.9467592592592593 0.05092592592592592 0.9421296296296297 0.046296296296296294 0.9513888888888888 0.032407407407407406
0 0.9097222222222222 0.02546296296296296 0.9097222222222222 0.016203703703703703 0.9120370370370371 0.011574074074074073 0.9236111111111112 0 0.9398148148148148 0 0.9398148148148148 0.009259259259259259 0.9259259259259259 0.018518518518518517 0.9236111111111112 0.027777777777777776 0.9120370370370371 0.02546296296296296
0 0.9004629629629629 0.02546296296296296 0.9074074074074074 0.02546296296296296 0.9212962962962963 0.032407407407407406 0.9212962962962963 0.034722222222222224 0.9050925925925926 0.041666666666666664 0.9004629629629629 0.037037037037037035 0.9004629629629629 0.027777777777777776
0 0.9259259259259259 0.037037037037037035 0.9282407407407407 0.03935185185185185 0.9328703703703703 0.03935185185185185 0.9351851851851852 0.04398148148148148 0.9398148148148148 0.046296296296296294 0.9398148148148148 0.05092592592592592 0.9305555555555556 0.05092592592592592 0.9236111111111112 0.046296296296296294 0.9120370370370371 0.04398148148148148 0.9166666666666666 0.037037037037037035 0.9236111111111112 0.037037037037037035
0 0.33796296296296297 0.2638888888888889 0.3449074074074074 0.26157407407407407 0.3587962962962963 0.26851851851851855 0.37037037037037035 0.26851851851851855 0.3726851851851852 0.2708333333333333 0.3773148148148148 0.2708333333333333 0.38657407407407407 0.2824074074074074 0.4074074074074074 0.2916666666666667 0.41898148148148145 0.30324074074074076 0.42592592592592593 0.3055555555555556 0.4398148148148148 0.32175925925925924 0.4398148148148148 0.3263888888888889 0.43287037037037035 0.3333333333333333 0.4305555555555556 0.3425925925925926 0.4236111111111111 0.34953703703703703 0.4166666666666667 0.36342592592592593 0.4166666666666667 0.375 0.41435185185185186 0.37962962962962965 0.4097222222222222 0.38425925925925924 0.40046296296296297 0.38425925925925924 0.3958333333333333 0.3819444444444444 0.38425925925925924 0.3726851851851852 0.36574074074074076 0.36342592592592593 0.3472222222222222 0.3425925925925926 0.33564814814814814 0.3194444444444444 0.33564814814814814 0.3125 0.3333333333333333 0.3101851851851852 0.33101851851851855 0.2777777777777778 0.33796296296296297 0.2662037037037037
0 0.9675925925925926 0.04398148148148148 0.9699074074074074 0.046296296296296294 0.9699074074074074 0.05324074074074074 0.9560185185185185 0.0625 0.9467592592592593 0.0625 0.9444444444444444 0.05787037037037037 0.9467592592592593 0.05324074074074074 0.9652777777777778 0.04398148148148148
0 0.9490740740740741 0 0.9699074074074074 0 0.9722222222222222 0.0023148148148148147 0.9722222222222222 0.006944444444444444 0.9583333333333334 0.018518518518518517 0.9537037037037037 0.018518518518518517 0.9490740740740741 0.011574074074074073 0.9467592592592593 0.006944444444444444 0.9490740740740741 0.0023148148148148147
0 0.9050925925925926 0.013888888888888888 0.019675925925925927 0.020833333333333332
0 0.49537037037037035 0.020833333333333332 0.5023148148148148 0.020833333333333332 0.5046296296296297 0.023148148148148147 0.5046296296296297 0.027777777777777776 0.4976851851851852 0.032407407407407406 0.49537037037037035 0.03009259259259259 0.49537037037037035 0.023148148148148147
0 0.5509259259259259 0.02199074074074074 0.010416666666666666 0.01273148148148148
0 0.9583333333333334 0.0625 0.9675925925925926 0.05555555555555555 0.9745370370370371 0.05555555555555555 0.9791666666666666 0.06018518518518518 0.9768518518518519 0.07175925925925926 0.9675925925925926 0.0787037037037037 0.9583333333333334 0.07407407407407407 0.9583333333333334 0.06944444444444445 0.9560185185185185 0.06712962962962964 0.9583333333333334 0.06481481481481481
0 0.9675925925925926 0.016203703703703703 0.9745370370370371 0.006944444444444444 0.9814814814814815 0.006944444444444444 0.9884259259259259 0.013888888888888888 0.9907407407407407 0.027777777777777776 0.9745370370370371 0.020833333333333332 0.9699074074074074 0.016203703703703703
0 0.9837962962962963 0 0.9953703703703703 0 0.9976851851851852 0.0023148148148148147 0.9976851851851852 0.009259259259259259 0.9930555555555556 0.020833333333333332 0.9837962962962963 0.009259259259259259 0.9814814814814815 0.004629629629629629 0.9837962962962963 0.0023148148148148147
0 0.8912037037037037 0.004629629629629629 0.8912037037037037 0.013888888888888888 0.8865740740740741 0.018518518518518517 0.8634259259259259 0.018518518518518517 0.8564814814814815 0.011574074074074073 0.8564814814814815 0.0023148148148148147 0.8587962962962963 0 0.8842592592592593 0 0.8888888888888888 0.004629629629629629