0 0 0.0763888888888889 0.013888888888888888 0.0787037037037037 0.018518518518518517 0.08564814814814815 0.018518518518518517 0.08796296296296297 0.004629629629629629 0.08796296296296297 0 0.09027777777777778 0 0.0787037037037037
0 0.023148148148148147 0.0763888888888889 0.02546296296296296 0.0787037037037037 0.02546296296296296 0.08796296296296297 0.016203703703703703 0.08796296296296297 0.016203703703703703 0.0787037037037037 0.020833333333333332 0.0763888888888889
0 0 0.05787037037037037 0.011574074074074073 0.05787037037037037 0.016203703703703703 0.0625 0.016203703703703703 0.07407407407407407 0.013888888888888888 0.0763888888888889 0.009259259259259259 0.0763888888888889 0.006944444444444444 0.07407407407407407 0 0.07407407407407407 0 0.06018518518518518
0 0.09375 0.11574074074074074 0.004629629629629629 0.004629629629629629
0 0.11689814814814815 0.11226851851851852 0.005787037037037037 0.006944444444444444
0 0.0787037037037037 0.11226851851851852 0.004629629629629629 0.004629629629629629
0 0.2800925925925926 0.0787037037037037 0.2824074074074074 0.08101851851851852 0.2824074074074074 0.09259259259259259 0.2800925925925926 0.09490740740740741 0.2708333333333333 0.09259259259259259 0.2708333333333333 0.08101851851851852 0.2777777777777778 0.0787037037037037
0 0.3263888888888889 0.07407407407407407 0.33101851851851855 0.0787037037037037 0.33101851851851855 0.09490740740740741 0.3194444444444444 0.09490740740740741 0.31712962962962965 0.09027777777777778 0.31712962962962965 0.0763888888888889 0.32407407407407407 0.0763888888888889
0 0.18981481481481483 0.125 0.19675925925925927 0.12268518518518519 0.19675925925925927 0.12962962962962962 0.1875 0.12962962962962962 0.18981481481481483 0.12731481481481483
0 0.19907407407407407 0.12268518518518519 0.2037037037037037 0.125 0.2037037037037037 0.13194444444444445 0.19907407407407407 0.13194444444444445 0.19675925925925927 0.12962962962962962 0.19675925925925927 0.125
0 0.47453703703703703 0.1087962962962963 0.47453703703703703 0.10416666666666667 0.4791666666666667 0.09953703703703703 0.4837962962962963 0.10185185185185185 0.4837962962962963 0.10648148148148148 0.48148148148148145 0.1087962962962963 0.47685185185185186 0.1087962962962963
0 0.5069444444444444 0.08564814814814815 0.5092592592592593 0.08796296296296297 0.5092592592592593 0.09722222222222222 0.5046296296296297 0.09953703703703703 0.5 0.09953703703703703 0.5 0.08796296296296297 0.5046296296296297 0.08564814814814815
0 0.5046296296296297 0.3055555555555556 0.5023148148148148 0.2986111111111111 0.5069444444444444 0.29398148148148145 0.5115740740740741 0.2962962962962963 0.5115740740740741 0.30324074074074076 0.5069444444444444 0.3055555555555556
0 0.6087962962962963 0.1527777777777778 0.6111111111111112 0.1550925925925926 0.6087962962962963 0.17592592592592593 0.6041666666666666 0.1736111111111111 0.5925925925925926 0.1736111111111111 0.5856481481481481 0.18055555555555555 0.5740740740740741 0.2013888888888889 0.5717592592592593 0.19907407407407407 0.5601851851851852 0.19907407407407407 0.5601851851851852 0.18981481481481483 0.5648148148148148 0.18287037037037038 0.5671296296296297 0.16898148148148148 0.5717592592592593 0.16203703703703703 0.5717592592592593 0.1574074074074074 0.5740740740740741 0.1550925925925926 0.5833333333333334 0.1550925925925926 0.5856481481481481 0.1527777777777778 0.6064814814814815 0.1527777777777778
0 0.5902777777777778 0.17592592592592593 0.6018518518518519 0.1736111111111111 0.6111111111111112 0.17824074074074073 0.6157407407407407 0.18518518518518517 0.6296296296296297 0.19675925925925927 0.6296296296296297 0.2013888888888889 0.6226851851851852 0.20833333333333334 0.6087962962962963 0.21064814814814814 0.5995370370370371 0.2152777777777778 0.5763888888888888 0.2152777777777778 0.5740740740740741 0.2037037037037037 0.5833333333333334 0.19212962962962962 0.5856481481481481 0.18287037037037038 0.5902777777777778 0.17824074074074073
0 0.6180555555555556 0.11342592592592593 0.6273148148148148 0.11805555555555555 0.6342592592592593 0.125 0.6342592592592593 0.12962962962962962 0.6388888888888888 0.13425925925925927 0.6412037037037037 0.1527777777777778 0.6388888888888888 0.1574074074074074 0.6273148148148148 0.16666666666666666 0.6273148148148148 0.16898148148148148 0.6226851851851852 0.16898148148148148 0.6134259259259259 0.17592592592592593 0.6111111111111112 0.1736111111111111 0.6134259259259259 0.16898148148148148 0.6134259259259259 0.1550925925925926 0.6087962962962963 0.15046296296296297 0.5972222222222222 0.15046296296296297 0.5972222222222222 0.1388888888888889 0.6041666666666666 0.12037037037037036 0.6087962962962963 0.11574074074074074 0.6157407407407407 0.11342592592592593
0 0.6550925925925926 0.11574074074074074 0.6620370370370371 0.125 0.6620370370370371 0.14351851851851852 0.6597222222222222 0.14814814814814814 0.6527777777777778 0.14814814814814814 0.6481481481481481 0.1527777777777778 0.6435185185185185 0.15046296296296297 0.6412037037037037 0.13194444444444445 0.6458333333333334 0.125 0.6458333333333334 0.12037037037037036 0.6527777777777778 0.11574074074074074
0 0.6388888888888888 0.16203703703703703 0.6388888888888888 0.1712962962962963 0.6365740740740741 0.1736111111111111 0.6296296296296297 0.1736111111111111 0.6319444444444444 0.16435185185185186 0.6365740740740741 0.16203703703703703
0 0.6574074074074074 0.14814814814814814 0.6597222222222222 0.1527777777777778 0.6597222222222222 0.16435185185185186 0.6574074074074074 0.16898148148148148 0.6504629629629629 0.16898148148148148 0.6481481481481481 0.16435185185185186 0.6481481481481481 0.1550925925925926 0.6504629629629629 0.15046296296296297 0.6550925925925926 0.14814814814814814
0 0.6412037037037037 0.16666666666666666 0.010416666666666666 0.020833333333333332
0 0.6446759259259259 0.18518518518518517 0.01273148148148148 0.015046296296296295
0 0.625 0.17824074074074073 0.6388888888888888 0.17592592592592593 0.6388888888888888 0.1875 0.6365740740740741 0.18981481481481483 0.6273148148148148 0.18981481481481483 0.625 0.18055555555555555
0 0.6309895833333333 0.18888888888888888 0.6265625 0.1763888888888889 0.6223958333333334 0.17546296296296296 0.6153645833333333 0.17824074074074073 0.6151041666666667 0.18194444444444444 0.6177083333333334 0.18564814814814815 0.6265625 0.19305555555555556 0.6309895833333333 0.18888888888888888
0 0.6435185185185185 0.2037037037037037 0.6481481481481481 0.20833333333333334 0.6481481481481481 0.2152777777777778 0.6435185185185185 0.2199074074074074 0.6365740740740741 0.2152777777777778 0.6365740740740741 0.21064814814814814 0.6412037037037037 0.20601851851851852
0 0.6620370370370371 0.20833333333333334 0.6736111111111112 0.20601851851851852 0.6782407407407407 0.2152777777777778 0.6712962962962963 0.2222222222222222 0.6643518518518519 0.2222222222222222 0.6620370370370371 0.21064814814814814
0 0.6689814814814815 0.18518518518518517 0.6689814814814815 0.19444444444444445 0.6643518518518519 0.19675925925925927 0.6550925925925926 0.19675925925925927 0.6550925925925926 0.19444444444444445 0.6597222222222222 0.18518518518518517 0.6666666666666666 0.18518518518518517
0 0.6736111111111112 0.1597222222222222 0.6759259259259259 0.16203703703703703 0.6712962962962963 0.1712962962962963 0.6643518518518519 0.1712962962962963 0.6666666666666666 0.16203703703703703 0.6712962962962963 0.1597222222222222
0 0.6840277777777778 0.1597222222222222 0.011574074074074073 0.010416666666666666
0 0.6967592592592593 0.1574074074074074 0.6990740740740741 0.1597222222222222 0.6990740740740741 0.16898148148148148 0.6898148148148148 0.16898148148148148 0.6898148148148148 0.16203703703703703 0.6944444444444444 0.1597222222222222
0 0.6504629629629629 0.1736111111111111 0.6574074074074074 0.1736111111111111 0.6620370370370371 0.17824074074074073 0.6620370370370371 0.18055555555555555 0.6527777777777778 0.1875 0.6481481481481481 0.17824074074074073 0.6504629629629629 0.17592592592592593
0 0.875 0.17592592592592593 0.8819444444444444 0.18055555555555555 0.8912037037037037 0.18287037037037038 0.8935185185185185 0.1875 0.9027777777777778 0.19444444444444445 0.9074074074074074 0.19444444444444445 0.9097222222222222 0.19675925925925927 0.9097222222222222 0.2013888888888889 0.9120370370370371 0.2037037037037037 0.9120370370370371 0.22685185185185186 0.9074074074074074 0.23842592592592593 0.9050925925925926 0.22916666666666666 0.9004629629629629 0.22453703703703703 0.8912037037037037 0.2337962962962963 0.8819444444444444 0.24768518518518517 0.8726851851851852 0.25462962962962965 0.8657407407407407 0.25462962962962965 0.8634259259259259 0.2569444444444444 0.8125 0.25462962962962965 0.8101851851851852 0.25 0.8101851851851852 0.22916666666666666 0.8171296296296297 0.2175925925925926 0.8194444444444444 0.2175925925925926 0.8240740740740741 0.21064814814814814 0.8449074074074074 0.19212962962962962 0.8472222222222222 0.18287037037037038 0.8518518518518519 0.17592592592592593 0.8564814814814815 0.17592592592592593 0.8587962962962963 0.1736111111111111 0.8634259259259259 0.17592592592592593 0.8726851851851852 0.17592592592592593
0 0.8263888888888888 0.26851851851851855 0.8263888888888888 0.2638888888888889 0.8310185185185185 0.25925925925925924 0.8449074074074074 0.26157407407407407 0.8449074074074074 0.2662037037037037 0.8287037037037037 0.26851851851851855
0 0.7916666666666666 0.20833333333333334 0.7962962962962963 0.21064814814814814 0.7939814814814815 0.2199074074074074 0.7800925925925926 0.2199074074074074 0.7754629629629629 0.2152777777777778 0.7777777777777778 0.21064814814814814 0.7893518518518519 0.20833333333333334
0 0.8009259259259259 0.19444444444444445 0.8055555555555556 0.19444444444444445 0.8101851851851852 0.19907407407407407 0.8101851851851852 0.2037037037037037 0.8125 0.20601851851851852 0.8101851851851852 0.21064814814814814 0.8055555555555556 0.20833333333333334 0.7986111111111112 0.19907407407407407 0.8009259259259259 0.19675925925925927
0 0.7719907407407407 0.1909722222222222 0.006944444444444444 0.009259259259259259
0 0.7638888888888888 0.14814814814814814 0.7731481481481481 0.14814814814814814 0.7731481481481481 0.1550925925925926 0.7754629629629629 0.1574074074074074 0.7754629629629629 0.16435185185185186 0.7731481481481481 0.16666666666666666 0.7615740740740741 0.16435185185185186 0.7592592592592593 0.1597222222222222 0.7638888888888888 0.15046296296296297
0 0.7592592592592593 0.14583333333333334 0.7615740740740741 0.14814814814814814 0.7592592592592593 0.1597222222222222 0.7523148148148148 0.1597222222222222 0.75 0.1574074074074074 0.7523148148148148 0.14814814814814814 0.7569444444444444 0.14583333333333334
0 0.6898148148148148 0.18287037037037038 0.6967592592592593 0.1875 0.6967592592592593 0.19212962962962962 0.6921296296296297 0.19675925925925927 0.6805555555555556 0.19907407407407407 0.6828703703703703 0.18981481481481483 0.6851851851851852 0.18518518518518517 0.6875 0.18518518518518517
0 0.6898148148148148 0.19907407407407407 0.7013888888888888 0.19212962962962962 0.7013888888888888 0.2013888888888889 0.6967592592592593 0.2037037037037037 0.6921296296296297 0.2037037037037037 0.6921296296296297 0.2013888888888889
0 0.7152777777777778 0.18287037037037038 0.7175925925925926 0.18518518518518517 0.7175925925925926 0.18981481481481483 0.7083333333333334 0.19675925925925927 0.7060185185185185 0.19675925925925927 0.7013888888888888 0.18981481481481483 0.7129629629629629 0.18287037037037038
0 0.8726851851851852 0.09953703703703703 0.8726851851851852 0.10416666666666667 0.8819444444444444 0.11342592592592593 0.8819444444444444 0.12268518518518519 0.8773148148148148 0.13425925925925927 0.8703703703703703 0.14351851851851852 0.8587962962962963 0.15046296296296297 0.8518518518518519 0.14814814814814814 0.8518518518518519 0.10648148148148148 0.8564814814814815 0.10185185185185185 0.8703703703703703 0.10185185185185185
0 0.8784722222222222 0.10300925925925926 0.018518518518518517 0.019675925925925927
0 0.8958333333333334 0.17592592592592593 0.9027777777777778 0.17592592592592593 0.9050925925925926 0.1736111111111111 0.9097222222222222 0.17592592592592593 0.9097222222222222 0.18287037037037038 0.9050925925925926 0.1875 0.9004629629629629 0.18518518518518517 0.8958333333333334 0.17824074074074073
0 0.8495370370370371 0.1736111111111111 0.8495370370370371 0.16435185185185186 0.8518518518518519 0.1597222222222222 0.8587962962962963 0.1550925925925926 0.8680555555555556 0.16203703703703703 0.8726851851851852 0.1712962962962963 0.8703703703703703 0.1736111111111111 0.8657407407407407 0.1712962962962963 0.8564814814814815 0.1712962962962963 0.8518518518518519 0.1736111111111111
0 0.84375 0.16203703703703703 0.018518518518518517 0.027777777777777776
0 0.8240740740740741 0.1550925925925926 0.8263888888888888 0.1597222222222222 0.8263888888888888 0.1712962962962963 0.8240740740740741 0.17592592592592593 0.8217592592592593 0.17824074074074073 0.8171296296296297 0.17824074074074073 0.8148148148148148 0.1736111111111111 0.8148148148148148 0.16435185185185186 0.8171296296296297 0.1597222222222222 0.8217592592592593 0.1574074074074074
0 0.8263888888888888 0.15046296296296297 0.8310185185185185 0.14814814814814814 0.8356481481481481 0.15046296296296297 0.8356481481481481 0.1574074074074074 0.8333333333333334 0.1597222222222222 0.8287037037037037 0.1597222222222222 0.8263888888888888 0.1574074074074074 0.8263888888888888 0.1527777777777778
0 0.9976851851851852 0.19444444444444445 0.9976851851851852 0.2361111111111111 0.9953703703703703 0.23842592592592593 0.9837962962962963 0.23842592592592593 0.9814814814814815 0.2361111111111111 0.9768518518518519 0.2361111111111111 0.9722222222222222 0.24074074074074073 0.9675925925925926 0.23842592592592593 0.9490740740740741 0.23842592592592593 0.9444444444444444 0.2337962962962963 0.9444444444444444 0.2175925925925926 0.9513888888888888 0.20601851851851852 0.9652777777777778 0.19907407407407407 0.9814814814814815 0.19675925925925927 0.9837962962962963 0.19444444444444445 0.9953703703703703 0.19444444444444445
0 0.9560185185185185 0.26157407407407407 0.9675925925925926 0.2662037037037037 0.9699074074074074 0.26851851851851855 0.9699074074074074 0.27546296296296297 0.9652777777777778 0.2777777777777778 0.9560185185185185 0.27546296296296297 0.9513888888888888 0.2708333333333333 0.9513888888888888 0.2662037037037037 0.9537037037037037 0.2638888888888889
0 0.9305555555555556 0.2847222222222222 0.9351851851851852 0.2777777777777778 0.9467592592592593 0.27314814814814814 0.9513888888888888 0.27546296296296297 0.9490740740740741 0.2800925925925926 0.9421296296296297 0.2847222222222222 0.9328703703703703 0.2847222222222222
0 0.9375 0.26157407407407407 0.9444444444444444 0.26851851851851855 0.9444444444444444 0.27314814814814814 0.9398148148148148 0.27314814814814814 0.9282407407407407 0.2824074074074074 0.9236111111111112 0.2800925925925926 0.9236111111111112 0.27546296296296297 0.9282407407407407 0.2662037037037037 0.9351851851851852 0.26157407407407407
0 0.9166666666666666 0.2569444444444444 0.9282407407407407 0.2569444444444444 0.9305555555555556 0.25925925925925924 0.9282407407407407 0.2662037037037037 0.9236111111111112 0.2708333333333333 0.9189814814814815 0.2708333333333333 0.9166666666666666 0.25925925925925924
0 0.9050925925925926 0.27314814814814814 0.9097222222222222 0.2800925925925926 0.9097222222222222 0.2847222222222222 0.9074074074074074 0.28703703703703703 0.8912037037037037 0.2800925925925926 0.8958333333333334 0.27314814814814814 0.9027777777777778 0.27314814814814814
0 0.9027777777777778 0.22685185185185186 0.9050925925925926 0.23148148148148148 0.9050925925925926 0.25462962962962965 0.9027777777777778 0.25925925925925924 0.8981481481481481 0.25925925925925924 0.8912037037037037 0.25 0.8935185185185185 0.2337962962962963 0.8958333333333334 0.22916666666666666 0.9004629629629629 0.22685185185185186
0 0.8657407407407407 0.25925925925925924 0.8726851851851852 0.25925925925925924 0.8796296296296297 0.2638888888888889 0.8819444444444444 0.26157407407407407 0.8865740740740741 0.26157407407407407 0.8935185185185185 0.26851851851851855 0.8935185185185185 0.27314814814814814 0.8865740740740741 0.2777777777777778 0.8842592592592593 0.27546296296296297 0.8726851851851852 0.27314814814814814 0.8657407407407407 0.2662037037037037 0.8657407407407407 0.26157407407407407
0 0.9768518518518519 0.25925925925925924 0.9861111111111112 0.25925925925925924 0.9907407407407407 0.26157407407407407 0.9976851851851852 0.2708333333333333 0.9976851851851852 0.2824074074074074 0.9907407407407407 0.2824074074074074 0.9837962962962963 0.2777777777777778 0.9791666666666666 0.2777777777777778 0.9745370370370371 0.27314814814814814 0.9745370370370371 0.2638888888888889 0.9768518518518519 0.26157407407407407
0 0.9537037037037037 0.24768518518518517 0.9560185185185185 0.25 0.9606481481481481 0.24768518518518517 0.9652777777777778 0.2523148148148148 0.9652777777777778 0.2569444444444444 0.9675925925925926 0.25925925925925924 0.9675925925925926 0.26157407407407407 0.9560185185185185 0.25925925925925924 0.9560185185185185 0.25
0 0.9166666666666666 0.22685185185185186 0.9305555555555556 0.22685185185185186 0.9398148148148148 0.2337962962962963 0.9375 0.2361111111111111 0.9328703703703703 0.2361111111111111 0.9259259259259259 0.24305555555555555 0.9236111111111112 0.24074074074074073 0.9166666666666666 0.24074074074074073 0.9143518518518519 0.2361111111111111 0.9166666666666666 0.2337962962962963 0.9143518518518519 0.23148148148148148 0.9166666666666666 0.22916666666666666
0 0.9328703703703703 0.18287037037037038 0.9444444444444444 0.18055555555555555 0.9537037037037037 0.1875 0.9537037037037037 0.19907407407407407 0.9490740740740741 0.2037037037037037 0.9398148148148148 0.2037037037037037 0.9351851851851852 0.19907407407407407 0.9328703703703703 0.18518518518518517
0 0.9282407407407407 0.17824074074074073 0.9305555555555556 0.18055555555555555 0.9305555555555556 0.1875 0.9282407407407407 0.18981481481481483 0.9166666666666666 0.1875 0.9166666666666666 0.18055555555555555 0.9189814814814815 0.17824074074074073 0.9259259259259259 0.17824074074074073
0 0.8148148148148148 0.09722222222222222 0.8217592592592593 0.09490740740740741 0.8240740740740741 0.09953703703703703 0.8240740740740741 0.10648148148148148 0.8194444444444444 0.1111111111111111 0.8148148148148148 0.1111111111111111 0.8125 0.1087962962962963 0.8125 0.10185185185185185 0.8148148148148148 0.09953703703703703
0 0.8009259259259259 0.08796296296296297 0.8055555555555556 0.09027777777777778 0.8055555555555556 0.09722222222222222 0.8101851851851852 0.09953703703703703 0.8101851851851852 0.10185185185185185 0.8078703703703703 0.10416666666666667 0.7962962962962963 0.10648148148148148 0.7939814814814815 0.10416666666666667 0.7939814814814815 0.09953703703703703 0.7986111111111112 0.09027777777777778
0 0.7685185185185185 0.10416666666666667 0.7685185185185185 0.09953703703703703 0.7708333333333334 0.09722222222222222 0.7777777777777778 0.09722222222222222 0.7777777777777778 0.10416666666666667 0.7754629629629629 0.10648148148148148 0.7708333333333334 0.10416666666666667
0 0.7777777777777778 0.09953703703703703 0.7824074074074074 0.09722222222222222 0.7893518518518519 0.09722222222222222 0.7916666666666666 0.09953703703703703 0.7916666666666666 0.10416666666666667 0.7893518518518519 0.10648148148148148 0.7777777777777778 0.10648148148148148 0.7754629629629629 0.10416666666666667 0.7777777777777778 0.10185185185185185
0 0.8333333333333334 0.08796296296296297 0.8402777777777778 0.08796296296296297 0.8402777777777778 0.09490740740740741 0.8356481481481481 0.10185185185185185 0.8310185185185185 0.10185185185185185 0.8333333333333334 0.09027777777777778
0 0.7800925925925926 0.18518518518518517 0.7847222222222222 0.18518518518518517 0.7870370370370371 0.18981481481481483 0.7870370370370371 0.19444444444444445 0.7847222222222222 0.19444444444444445 0.7800925925925926 0.1875
0 0.6752604166666666 0.17777777777777778 0.6723958333333334 0.17453703703703705 0.6682291666666667 0.17407407407407408 0.6651041666666666 0.17592592592592593 0.66171875 0.18194444444444444 0.66171875 0.18564814814814815 0.6684895833333334 0.18564814814814815 0.6734375 0.1824074074074074 0.6752604166666666 0.17777777777777778
0 0.7252604166666666 0.16481481481481483 0.7091145833333333 0.16805555555555554 0.7065104166666666 0.17268518518518516 0.70390625 0.1736111111111111 0.70390625 0.1763888888888889 0.7052083333333333 0.17731481481481481 0.7125 0.1763888888888889 0.7252604166666666 0.16481481481481483
0 0.8494791666666667 0.08842592592592594 0.85078125 0.08611111111111112 0.85390625 0.08472222222222223 0.8559895833333334 0.08148148148148149 0.8544270833333334 0.07685185185185185 0.8447916666666666 0.07731481481481481 0.8377604166666667 0.08472222222222223 0.84453125 0.09259259259259259 0.8497395833333333 0.09166666666666667 0.8494791666666667 0.08842592592592594
0 0.8567708333333334 0.0837962962962963 0.8557291666666667 0.08101851851851852 0.8518229166666667 0.08194444444444444 0.84765625 0.0875 0.84921875 0.09259259259259259 0.85546875 0.09351851851851851 0.8565104166666666 0.09166666666666667 0.8567708333333334 0.0837962962962963
0 0.82421875 0.09074074074074075 0.8278645833333333 0.09675925925925925 0.83125 0.08842592592592594 0.8276041666666666 0.08611111111111112 0.82421875 0.09074074074074075
0 0.903125 0.1527777777777778 0.9028645833333334 0.1439814814814815 0.9010416666666666 0.13935185185185187 0.89765625 0.14027777777777778 0.8950520833333334 0.14444444444444443 0.8942708333333333 0.14907407407407408 0.8953125 0.15416666666666665 0.8981770833333333 0.15555555555555556 0.903125 0.1527777777777778
0 0.959375 0.10740740740740741 0.96171875 0.10185185185185185 0.96015625 0.09305555555555556 0.95703125 0.0912037037037037 0.9552083333333333 0.09259259259259259 0.9484375 0.10555555555555556 0.9471354166666667 0.1125 0.946875 0.11944444444444445 0.94921875 0.12268518518518519 0.9567708333333333 0.11990740740740741 0.959375 0.10740740740740741
0 0.9770833333333334 0.05694444444444445 0.9700520833333334 0.05555555555555555 0.9669270833333333 0.059722222222222225 0.9669270833333333 0.0638888888888889 0.97421875 0.06620370370370371 0.9760416666666666 0.0638888888888889 0.9770833333333334 0.05694444444444445
0 0.9809895833333334 0.15092592592592594 0.9815104166666666 0.14351851851851852 0.9799479166666666 0.14074074074074072 0.9768229166666667 0.13935185185185187 0.9731770833333334 0.1425925925925926 0.9731770833333334 0.15092592592592594 0.9744791666666667 0.15416666666666665 0.97734375 0.1550925925925926 0.9809895833333334 0.15092592592592594
0 0.9674479166666666 0.16898148148148148 0.9682291666666666 0.16435185185185186 0.9630208333333333 0.16203703703703703 0.9583333333333334 0.1638888888888889 0.9552083333333333 0.16805555555555554 0.9544270833333334 0.17175925925925928 0.95546875 0.1763888888888889 0.9567708333333333 0.17731481481481481 0.9674479166666666 0.16898148148148148
0 0.8794270833333334 0.09166666666666667 0.8778645833333334 0.08703703703703704 0.8783854166666666 0.08472222222222223 0.8763020833333334 0.08148148148148149 0.8731770833333333 0.08009259259259259 0.86640625 0.08055555555555555 0.8604166666666666 0.08472222222222223 0.859375 0.09166666666666667 0.8619791666666666 0.09907407407407406 0.8721354166666666 0.0976851851851852 0.8794270833333334 0.09166666666666667
0 0.8567708333333334 0.07453703703703704 0.8567708333333334 0.0712962962962963 0.8544270833333334 0.06851851851851852 0.8486979166666666 0.06759259259259259 0.8442708333333334 0.075 0.8440104166666667 0.07777777777777778 0.8450520833333334 0.0787037037037037 0.8528645833333334 0.0787037037037037 0.8567708333333334 0.07453703703703704
0 0.8466145833333334 0.13703703703703704 0.8463541666666666 0.13333333333333333 0.8419270833333333 0.13055555555555556 0.8346354166666666 0.1300925925925926 0.8328125 0.13749999999999998 0.83515625 0.14212962962962963 0.8411458333333334 0.1425925925925926 0.8466145833333334 0.13703703703703704
0 0.8036458333333334 0.13240740740740742 0.796875 0.13657407407407407 0.7984375 0.1398148148148148 0.80390625 0.14074074074074072 0.8091145833333334 0.13333333333333333 0.8036458333333334 0.13240740740740742
0 0.8635416666666667 0.06944444444444445 0.8661458333333334 0.06435185185185185 0.8627604166666666 0.05740740740740741 0.8591145833333333 0.05694444444444445 0.8583333333333334 0.059722222222222225 0.8557291666666667 0.060648148148148145 0.8559895833333334 0.0638888888888889 0.8541666666666666 0.06759259259259259 0.85859375 0.07268518518518519 0.8635416666666667 0.06944444444444445
0 0.92578125 0.1574074074074074 0.92734375 0.15416666666666665 0.92734375 0.15092592592592594 0.9252604166666666 0.14907407407407408 0.9213541666666666 0.14907407407407408 0.91171875 0.15462962962962962 0.9114583333333334 0.15787037037037038 0.91484375 0.16064814814814815 0.921875 0.1611111111111111 0.92578125 0.1574074074074074
0 0.9153645833333334 0.15416666666666665 0.9158854166666667 0.15046296296296297 0.9091145833333334 0.1388888888888889 0.9046875 0.13518518518518519 0.9015625 0.13703703703703704 0.9013020833333334 0.14027777777777778 0.9041666666666667 0.15231481481481482 0.9114583333333334 0.15601851851851853 0.9153645833333334 0.15416666666666665
0 0.8854166666666666 0.14537037037037037 0.8875 0.14074074074074072 0.8848958333333333 0.13703703703703704 0.8802083333333334 0.13425925925925927 0.8768229166666667 0.13564814814814816 0.8734375 0.14027777777777778 0.8723958333333334 0.14444444444444443 0.8734375 0.14675925925925926 0.8763020833333334 0.14814814814814814 0.8854166666666666 0.14537037037037037
0 0.8760416666666666 0.15787037037037038 0.8755208333333334 0.15416666666666665 0.8731770833333333 0.15 0.8690104166666667 0.1486111111111111 0.8658854166666666 0.15185185185185185 0.8669270833333333 0.15787037037037038 0.86953125 0.16203703703703703 0.8731770833333333 0.1625 0.8760416666666666 0.15787037037037038
0 0.89609375 0.15416666666666665 0.89375 0.14907407407407408 0.8903645833333333 0.1462962962962963 0.8807291666666667 0.14814814814814814 0.87734375 0.15231481481481482 0.8770833333333333 0.15416666666666665 0.87890625 0.15648148148148147 0.8869791666666667 0.16018518518518518 0.89609375 0.15416666666666665
0 0.98671875 0.060648148148148145 0.984375 0.05925925925925926 0.9825520833333333 0.062037037037037036 0.98203125 0.06759259259259259 0.9872395833333334 0.06898148148148148 0.9901041666666667 0.06759259259259259 0.98671875 0.060648148148148145
0 0.9703125 0.15833333333333335 0.9734375 0.15462962962962962 0.97265625 0.14305555555555555 0.965625 0.13564814814814816 0.959375 0.13518518518518519 0.953125 0.1439814814814815 0.95234375 0.14722222222222223 0.9549479166666667 0.15416666666666665 0.9669270833333333 0.15833333333333335 0.9703125 0.15833333333333335