0 0.6273148148148148 0.7013888888888888 0.6388888888888888 0.7060185185185185 0.6435185185185185 0.7129629629629629 0.6435185185185185 0.7268518518518519 0.6388888888888888 0.7337962962962963 0.6342592592592593 0.7337962962962963 0.6319444444444444 0.7361111111111112 0.6273148148148148 0.7361111111111112 0.6226851851851852 0.7314814814814815 0.6226851851851852 0.7291666666666666 0.6134259259259259 0.7199074074074074 0.6134259259259259 0.7152777777777778 0.6111111111111112 0.7129629629629629 0.6111111111111112 0.7037037037037037 0.6134259259259259 0.7013888888888888 0.625 0.7013888888888888
0 0.3888888888888889 0.032407407407407406 0.38657407407407407 0.02546296296296296 0.3912037037037037 0.020833333333333332 0.39814814814814814 0.02546296296296296 0.39814814814814814 0.03009259259259259 0.3958333333333333 0.032407407407407406 0.3912037037037037 0.032407407407407406
0 0.5787037037037037 0.2800925925925926 0.5810185185185185 0.2824074074074074 0.6157407407407407 0.28935185185185186 0.6203703703703703 0.2916666666666667 0.6226851851851852 0.2962962962962963 0.6226851851851852 0.3333333333333333 0.6203703703703703 0.33796296296296297 0.6087962962962963 0.34953703703703703 0.6064814814814815 0.34953703703703703 0.5949074074074074 0.36342592592592593 0.5740740740740741 0.3611111111111111 0.5601851851851852 0.3425925925925926 0.5601851851851852 0.2847222222222222 0.5648148148148148 0.2800925925925926 0.5763888888888888 0.2800925925925926
0 0.1111111111111111 0.06944444444444445 0.11574074074074074 0.06944444444444445 0.11805555555555555 0.07175925925925926 0.11805555555555555 0.0763888888888889 0.1111111111111111 0.0763888888888889 0.1111111111111111 0.07175925925925926
0 0.4236111111111111 0.019675925925925927 0.008101851851851851 0.010416666666666666
0 0.4050925925925926 0.26851851851851855 0.4166666666666667 0.26851851851851855 0.41898148148148145 0.2708333333333333 0.4236111111111111 0.2708333333333333 0.42824074074074076 0.27314814814814814 0.43287037037037035 0.2800925925925926 0.4305555555555556 0.2824074074074074 0.43287037037037035 0.2847222222222222 0.43287037037037035 0.29398148148148145 0.4305555555555556 0.2986111111111111 0.41898148148148145 0.3055555555555556 0.4097222222222222 0.3055555555555556 0.4074074074074074 0.30787037037037035 0.4050925925925926 0.3055555555555556 0.4050925925925926 0.28703703703703703 0.4074074074074074 0.2847222222222222 0.4050925925925926 0.2824074074074074 0.4050925925925926 0.2708333333333333
0 0.6574074074074074 0.041666666666666664 0.6597222222222222 0.04398148148148148 0.6597222222222222 0.05092592592592592 0.6574074074074074 0.05324074074074074 0.6527777777777778 0.05324074074074074 0.6458333333333334 0.06018518518518518 0.6435185185185185 0.07175925925925926 0.6388888888888888 0.07175925925925926 0.6365740740740741 0.07407407407407407 0.6296296296296297 0.07175925925925926 0.6296296296296297 0.05555555555555555 0.6481481481481481 0.041666666666666664 0.6550925925925926 0.041666666666666664
0 0.6666666666666666 0.05787037037037037 0.6689814814814815 0.06018518518518518 0.6736111111111112 0.06018518518518518 0.6759259259259259 0.05787037037037037 0.6805555555555556 0.06018518518518518 0.6805555555555556 0.09953703703703703 0.6782407407407407 0.10416666666666667 0.6712962962962963 0.1087962962962963 0.6527777777777778 0.1087962962962963 0.6481481481481481 0.08564814814814815 0.6458333333333334 0.08333333333333333 0.6458333333333334 0.06481481481481481 0.6481481481481481 0.06018518518518518 0.6550925925925926 0.05555555555555555 0.6643518518518519 0.05787037037037037
0 0.013888888888888888 0.05324074074074074 0.016203703703703703 0.05092592592592592 0.023148148148148147 0.05092592592592592 0.023148148148148147 0.05555555555555555 0.020833333333333332 0.05787037037037037 0.016203703703703703 0.05555555555555555
0 0.03935185185185185 0.05787037037037037 0.041666666666666664 0.06712962962962964 0.032407407407407406 0.06712962962962964 0.032407407407407406 0.0625 0.037037037037037035 0.06018518518518518
0 0.009375 0.06666666666666667 0.005208333333333333 0.06666666666666667 0.005208333333333333 0.0712962962962963 0.008593749999999999 0.07268518518518519 0.012760416666666666 0.07083333333333333 0.009375 0.06666666666666667