0 0.4444444444444444 0.04513888888888889 0.018518518518518517 0.019675925925925927
0 0.36574074074074076 0.009259259259259259 0.3773148148148148 0.018518518518518517 0.37962962962962965 0.041666666666666664 0.375 0.046296296296296294 0.36574074074074076 0.046296296296296294 0.36342592592592593 0.04861111111111111 0.33564814814814814 0.046296296296296294 0.33101851851851855 0.03935185185185185 0.33101851851851855 0.018518518518518517 0.3333333333333333 0.013888888888888888 0.3449074074074074 0.011574074074074073 0.3472222222222222 0.009259259259259259 0.36342592592592593 0.009259259259259259
0 0.19212962962962962 0.03009259259259259 0.19675925925925927 0.032407407407407406 0.2037037037037037 0.041666666666666664 0.2037037037037037 0.05555555555555555 0.19444444444444445 0.06018518518518518 0.18518518518518517 0.06018518518518518 0.18287037037037038 0.0625 0.18055555555555555 0.06018518518518518 0.17824074074074073 0.04861111111111111 0.18518518518518517 0.034722222222222224 0.18981481481481483 0.032407407407407406
0 0.4699074074074074 0.11805555555555555 0.48148148148148145 0.125 0.48148148148148145 0.12731481481481483 0.4976851851851852 0.14583333333333334 0.4976851851851852 0.15046296296296297 0.48842592592592593 0.1574074074074074 0.47685185185185186 0.1574074074074074 0.47453703703703703 0.1597222222222222 0.45601851851851855 0.1597222222222222 0.4537037037037037 0.1574074074074074 0.45601851851851855 0.12962962962962962 0.46064814814814814 0.12037037037037036 0.4675925925925926 0.11805555555555555
0 0.03009259259259259 0.32407407407407407 0.034722222222222224 0.32407407407407407 0.03935185185185185 0.33101851851851855 0.03935185185185185 0.3449074074074074 0.034722222222222224 0.34953703703703703 0.023148148148148147 0.34953703703703703 0.018518518518518517 0.3449074074074074 0.018518518518518517 0.33564814814814814 0.020833333333333332 0.33564814814814814 0.03009259259259259 0.3263888888888889
0 0.21643518518518517 0.04050925925925926 0.03009259259259259 0.03587962962962963
0 0.011574074074074073 0.33101851851851855 0.016203703703703703 0.33796296296296297 0.016203703703703703 0.34953703703703703 0.011574074074074073 0.35185185185185186 0 0.35185185185185186 0 0.33564814814814814 0.009259259259259259 0.33101851851851855
0 0.16203703703703703 0.02546296296296296 0.16898148148148148 0.034722222222222224 0.16898148148148148 0.05092592592592592 0.16435185185185186 0.05092592592592592 0.1574074074074074 0.05555555555555555 0.14583333333333334 0.05324074074074074 0.14583333333333334 0.04861111111111111 0.14351851851851852 0.046296296296296294 0.14351851851851852 0.034722222222222224 0.14814814814814814 0.027777777777777776 0.1597222222222222 0.02546296296296296
0 0.37037037037037035 0.0625 0.3773148148148148 0.06712962962962964 0.37962962962962965 0.0763888888888889 0.3773148148148148 0.0787037037037037 0.3680555555555556 0.0787037037037037 0.36574074074074076 0.0763888888888889 0.3680555555555556 0.06481481481481481
0 0.041666666666666664 0.10648148148148148 0.04398148148148148 0.10416666666666667 0.04398148148148148 0.09953703703703703 0.04861111111111111 0.09490740740740741 0.07407407407407407 0.09027777777777778 0.08101851851851852 0.10648148148148148 0.08101851851851852 0.11342592592592593 0.0787037037037037 0.11574074074074074 0.07407407407407407 0.11574074074074074 0.07175925925925926 0.11805555555555555 0.06018518518518518 0.11805555555555555 0.05787037037037037 0.12037037037037036 0.046296296296296294 0.11342592592592593 0.04398148148148148 0.1087962962962963
0 0.12268518518518519 0.11342592592592593 0.12731481481481483 0.1111111111111111 0.13425925925925927 0.11342592592592593 0.1412037037037037 0.12731481481481483 0.1388888888888889 0.1388888888888889 0.13425925925925927 0.14351851851851852 0.12962962962962962 0.14583333333333334 0.12037037037037036 0.14583333333333334 0.11574074074074074 0.14351851851851852 0.11342592592592593 0.13425925925925927 0.11574074074074074 0.13194444444444445 0.11574074074074074 0.125 0.12268518518518519 0.11574074074074074