0 0.9050925925925926 0.125 0.9074074074074074 0.12731481481481483 0.9074074074074074 0.13425925925925927 0.8958333333333334 0.13194444444444445 0.8958333333333334 0.12962962962962962 0.9027777777777778 0.125
0 0.8981481481481481 0.0023148148148148147 0.9027777777777778 0.009259259259259259 0.9027777777777778 0.020833333333333332 0.9004629629629629 0.023148148148148147 0.9004629629629629 0.027777777777777776 0.8935185185185185 0.032407407407407406 0.8865740740740741 0.027777777777777776 0.8865740740740741 0.009259259259259259 0.8958333333333334 0.0023148148148148147
0 0.90625 0.08564814814814815 0.011574074074074073 0.020833333333333332
0 0.5023148148148148 0.4791666666666667 0.5115740740740741 0.4791666666666667 0.5231481481481481 0.48842592592592593 0.5231481481481481 0.5023148148148148 0.5162037037037037 0.5185185185185185 0.5185185185185185 0.5324074074074074 0.5231481481481481 0.5393518518518519 0.5231481481481481 0.5532407407407407 0.5092592592592593 0.5648148148148148 0.49537037037037035 0.5648148148148148 0.49074074074074076 0.5555555555555556 0.49074074074074076 0.5462962962962963 0.49537037037037035 0.5370370370370371 0.4930555555555556 0.49537037037037035 0.49537037037037035 0.4930555555555556 0.49537037037037035 0.48842592592592593 0.5023148148148148 0.48148148148148145
0 0.5277777777777778 0.5671296296296297 0.5324074074074074 0.5694444444444444 0.5347222222222222 0.5810185185185185 0.5277777777777778 0.5902777777777778 0.5231481481481481 0.6041666666666666 0.5185185185185185 0.6041666666666666 0.5046296296296297 0.6134259259259259 0.5 0.6087962962962963 0.5023148148148148 0.5925925925925926 0.5162037037037037 0.5717592592592593 0.5254629629629629 0.5671296296296297
0 0.19907407407407407 0.30324074074074076 0.2037037037037037 0.30324074074074076 0.21296296296296297 0.3125 0.2222222222222222 0.3263888888888889 0.2222222222222222 0.33796296296296297 0.2199074074074074 0.3425925925925926 0.20833333333333334 0.34953703703703703 0.19907407407407407 0.3587962962962963 0.19444444444444445 0.3587962962962963 0.19212962962962962 0.33796296296296297 0.19444444444444445 0.33564814814814814 0.19675925925925927 0.30787037037037035 0.19907407407407407 0.3055555555555556
0 0.3402777777777778 0.3726851851851852 0.35648148148148145 0.37962962962962965 0.4027777777777778 0.37962962962962965 0.4050925925925926 0.3819444444444444 0.4166666666666667 0.38425925925925924 0.4236111111111111 0.39351851851851855 0.4236111111111111 0.4166666666666667 0.42592592592592593 0.41898148148148145 0.42592592592592593 0.43287037037037035 0.42824074074074076 0.4351851851851852 0.42824074074074076 0.44675925925925924 0.4305555555555556 0.44907407407407407 0.4305555555555556 0.46296296296296297 0.4212962962962963 0.47685185185185186 0.4050925925925926 0.49074074074074076 0.3726851851851852 0.5069444444444444 0.3449074074074074 0.5069444444444444 0.33796296296296297 0.5023148148148148 0.3333333333333333 0.5023148148148148 0.3148148148148148 0.4861111111111111 0.3055555555555556 0.48148148148148145 0.29398148148148145 0.4699074074074074 0.2916666666666667 0.4699074074074074 0.27314814814814814 0.4444444444444444 0.27314814814814814 0.4027777777777778 0.27546296296296297 0.40046296296296297 0.27546296296296297 0.3888888888888889 0.2800925925925926 0.37962962962962965 0.28703703703703703 0.375 0.28935185185185186 0.3773148148148148 0.3055555555555556 0.3773148148148148 0.30787037037037035 0.37962962962962965 0.3125 0.37962962962962965 0.3263888888888889 0.3726851851851852 0.33796296296296297 0.3726851851851852
0 0.9652777777777778 0.10185185185185185 0.9675925925925926 0.10416666666666667 0.9837962962962963 0.10185185185185185 0.9907407407407407 0.10648148148148148 0.9953703703703703 0.10648148148148148 0.9976851851851852 0.1111111111111111 0.9953703703703703 0.12731481481481483 0.9884259259259259 0.13425925925925927 0.9884259259259259 0.1412037037037037 0.9814814814814815 0.14583333333333334 0.9537037037037037 0.14583333333333334 0.9513888888888888 0.14351851851851852 0.9444444444444444 0.14351851851851852 0.9375 0.13425925925925927 0.9398148148148148 0.1087962962962963 0.9467592592592593 0.10416666666666667 0.9629629629629629 0.10185185185185185
0 0.9189814814814815 0.11342592592592593 0.9236111111111112 0.11805555555555555 0.9259259259259259 0.12731481481481483 0.9328703703703703 0.13425925925925927 0.9328703703703703 0.1412037037037037 0.9236111111111112 0.1388888888888889 0.9120370370370371 0.13194444444444445 0.9097222222222222 0.12037037037037036 0.9166666666666666 0.11574074074074074
0 0.9143518518518519 0.027777777777777776 0.9166666666666666 0.03009259259259259 0.9166666666666666 0.046296296296296294 0.9050925925925926 0.05324074074074074 0.8981481481481481 0.05092592592592592 0.8981481481481481 0.046296296296296294 0.9074074074074074 0.03009259259259259 0.9120370370370371 0.027777777777777776
0 0.9074074074074074 0.013888888888888888 0.9050925925925926 0.009259259259259259 0.9050925925925926 0.0023148148148148147 0.9074074074074074 0 0.9143518518518519 0 0.9143518518518519 0.013888888888888888 0.9097222222222222 0.013888888888888888
0 0.9768518518518519 0.0023148148148148147 0.9814814814814815 0.011574074074074073 0.9814814814814815 0.023148148148148147 0.9768518518518519 0.027777777777777776 0.9722222222222222 0.027777777777777776 0.9722222222222222 0.011574074074074073 0.9768518518518519 0.004629629629629629
0 0.11805555555555555 0.28703703703703703 0.03356481481481482 0.03819444444444445