0 0.3449074074074074 0.5902777777777778 0.34953703703703703 0.5902777777777778 0.3587962962962963 0.6018518518518519 0.35185185185185186 0.6111111111111112 0.34953703703703703 0.6180555555555556 0.33564814814814814 0.6226851851851852 0.3333333333333333 0.6203703703703703 0.3333333333333333 0.6087962962962963 0.3449074074074074 0.5925925925925926
0 0.9467592592592593 0.6828703703703703 0.9513888888888888 0.6851851851851852 0.9560185185185185 0.6921296296296297 0.9583333333333334 0.7245370370370371 0.9537037037037037 0.7361111111111112 0.9444444444444444 0.7430555555555556 0.9351851851851852 0.7546296296296297 0.9305555555555556 0.7546296296296297 0.9212962962962963 0.7476851851851852 0.9143518518518519 0.7384259259259259 0.9074074074074074 0.7222222222222222 0.9074074074074074 0.7060185185185185 0.9328703703703703 0.6851851851851852 0.9444444444444444 0.6828703703703703
0 0.6203703703703703 0.16435185185185186 0.6226851851851852 0.1736111111111111 0.6180555555555556 0.18287037037037038 0.6134259259259259 0.18287037037037038 0.5949074074074074 0.16898148148148148 0.5949074074074074 0.16203703703703703 0.5972222222222222 0.1597222222222222 0.6157407407407407 0.16203703703703703 0.6180555555555556 0.16435185185185186
0 0.7384259259259259 0.4513888888888889 0.7523148148148148 0.46296296296296297 0.7523148148148148 0.47453703703703703 0.7430555555555556 0.48148148148148145 0.7361111111111112 0.48148148148148145 0.7337962962962963 0.4791666666666667 0.7268518518518519 0.4699074074074074 0.7268518518518519 0.46296296296296297 0.7361111111111112 0.4537037037037037
0 0.8587962962962963 0.5277777777777778 0.8680555555555556 0.5370370370370371 0.8680555555555556 0.5532407407407407 0.8634259259259259 0.5648148148148148 0.8541666666666666 0.5648148148148148 0.8379629629629629 0.5578703703703703 0.8171296296296297 0.5555555555555556 0.8125 0.5532407407407407 0.8125 0.5370370370370371 0.8148148148148148 0.5347222222222222 0.8310185185185185 0.5300925925925926 0.8379629629629629 0.5254629629629629 0.8541666666666666 0.5254629629629629 0.8564814814814815 0.5277777777777778
0 0.7824074074074074 0.9375 0.7870370370370371 0.9421296296296297 0.7916666666666666 0.9537037037037037 0.7916666666666666 0.9629629629629629 0.7962962962962963 0.9745370370370371 0.7986111111111112 0.9976851851851852 0.7453703703703703 0.9976851851851852 0.7476851851851852 0.9768518518518519 0.7592592592592593 0.9444444444444444 0.7662037037037037 0.9398148148148148 0.7800925925925926 0.9375
0 0.6736111111111112 0.3888888888888889 0.6851851851851852 0.3958333333333333 0.6875 0.40046296296296297 0.6851851851851852 0.4074074074074074 0.6782407407407407 0.4166666666666667 0.6666666666666666 0.41435185185185186 0.6620370370370371 0.4050925925925926 0.6620370370370371 0.3958333333333333 0.6712962962962963 0.3888888888888889
0 0.16898148148148148 0.3055555555555556 0.16898148148148148 0.2962962962962963 0.1712962962962963 0.29398148148148145 0.17824074074074073 0.2986111111111111 0.17824074074074073 0.30787037037037035 0.1736111111111111 0.30787037037037035 0.1712962962962963 0.3055555555555556
0 0.34953703703703703 0.2569444444444444 0.35185185185185186 0.25462962962962965 0.35185185185185186 0.25 0.3611111111111111 0.24074074074074073 0.36342592592592593 0.24074074074074073 0.3680555555555556 0.24768518518518517 0.3680555555555556 0.2569444444444444 0.3587962962962963 0.2638888888888889 0.35185185185185186 0.2638888888888889 0.35185185185185186 0.25925925925925924
0 0.5509259259259259 0.3958333333333333 0.5532407407407407 0.39814814814814814 0.5532407407407407 0.41203703703703703 0.5208333333333334 0.4097222222222222 0.5185185185185185 0.4050925925925926 0.5185185185185185 0.40046296296296297 0.5300925925925926 0.39351851851851855 0.5462962962962963 0.39351851851851855 0.5486111111111112 0.3958333333333333
0 0.7731481481481481 0.8634259259259259 0.7800925925925926 0.8773148148148148 0.7800925925925926 0.8865740740740741 0.7847222222222222 0.8935185185185185 0.7870370370370371 0.9120370370370371 0.7662037037037037 0.9212962962962963 0.7523148148148148 0.9212962962962963 0.7476851851851852 0.9166666666666666 0.7407407407407407 0.9027777777777778 0.7407407407407407 0.8981481481481481 0.7314814814814815 0.8888888888888888 0.7314814814814815 0.8796296296296297 0.7337962962962963 0.875 0.7384259259259259 0.8773148148148148 0.7523148148148148 0.8773148148148148 0.7638888888888888 0.8634259259259259 0.7708333333333334 0.8634259259259259
0 0.8194444444444444 0.8912037037037037 0.8356481481481481 0.9004629629629629 0.8402777777777778 0.9097222222222222 0.8402777777777778 0.9212962962962963 0.8425925925925926 0.9236111111111112 0.8449074074074074 0.9421296296296297 0.8472222222222222 0.9444444444444444 0.8449074074074074 0.9467592592592593 0.8379629629629629 0.9444444444444444 0.8263888888888888 0.9537037037037037 0.8055555555555556 0.9513888888888888 0.8009259259259259 0.9467592592592593 0.7893518518518519 0.9143518518518519 0.7893518518518519 0.9004629629629629 0.7939814814814815 0.8935185185185185 0.8032407407407407 0.8888888888888888 0.8148148148148148 0.8888888888888888 0.8171296296296297 0.8912037037037037
0 0.9050925925925926 0.5347222222222222 0.9120370370370371 0.5416666666666666 0.9189814814814815 0.5439814814814815 0.9282407407407407 0.5509259259259259 0.9282407407407407 0.5555555555555556 0.9305555555555556 0.5578703703703703 0.9305555555555556 0.5740740740740741 0.9282407407407407 0.5763888888888888 0.9282407407407407 0.5856481481481481 0.9259259259259259 0.5902777777777778 0.9189814814814815 0.5902777777777778 0.9050925925925926 0.5833333333333334 0.8935185185185185 0.5694444444444444 0.8935185185185185 0.5648148148148148 0.8912037037037037 0.5625 0.8912037037037037 0.5439814814814815 0.9004629629629629 0.5347222222222222 0.9027777777777778 0.5347222222222222
0 0.4398148148148148 0.32407407407407407 0.44675925925925924 0.3402777777777778 0.4444444444444444 0.34953703703703703 0.44212962962962965 0.35185185185185186 0.4236111111111111 0.35648148148148145 0.42592592592592593 0.3425925925925926 0.4351851851851852 0.3263888888888889 0.4375 0.3263888888888889
0 0.7083333333333334 0.7939814814814815 0.7106481481481481 0.7962962962962963 0.7106481481481481 0.8194444444444444 0.7129629629629629 0.8217592592592593 0.7106481481481481 0.8541666666666666 0.7083333333333334 0.8564814814814815 0.7083333333333334 0.8634259259259259 0.7060185185185185 0.8657407407407407 0.7037037037037037 0.8773148148148148 0.6921296296296297 0.8865740740740741 0.6805555555555556 0.8819444444444444 0.6736111111111112 0.875 0.6736111111111112 0.8587962962962963 0.6782407407407407 0.8518518518518519 0.6828703703703703 0.8333333333333334 0.6944444444444444 0.8194444444444444 0.6990740740740741 0.8009259259259259 0.7013888888888888 0.7962962962962963 0.7060185185185185 0.7939814814814815
0 0.9467592592592593 0.9398148148148148 0.9583333333333334 0.9537037037037037 0.9675925925925926 0.9722222222222222 0.9699074074074074 0.9976851851851852 0.9097222222222222 0.9976851851851852 0.9097222222222222 0.9837962962962963 0.9120370370370371 0.9814814814814815 0.9120370370370371 0.9768518518518519 0.9097222222222222 0.9745370370370371 0.9097222222222222 0.9583333333333334 0.9143518518518519 0.9490740740740741 0.9189814814814815 0.9421296296296297 0.9282407407407407 0.9351851851851852 0.9398148148148148 0.9351851851851852 0.9444444444444444 0.9398148148148148
0 0.21296296296296297 0.3888888888888889 0.2199074074074074 0.4050925925925926 0.2199074074074074 0.41898148148148145 0.2152777777777778 0.4236111111111111 0.19907407407407407 0.4236111111111111 0.1875 0.41435185185185186 0.18981481481481483 0.4050925925925926 0.2013888888888889 0.39351851851851855 0.21064814814814814 0.3912037037037037
0 0.42592592592592593 0.5856481481481481 0.4305555555555556 0.5902777777777778 0.43287037037037035 0.6064814814814815 0.41435185185185186 0.6365740740740741 0.4074074074074074 0.6388888888888888 0.4074074074074074 0.6296296296296297 0.4097222222222222 0.6273148148148148 0.4097222222222222 0.6203703703703703 0.41435185185185186 0.6087962962962963 0.41435185185185186 0.5972222222222222 0.41898148148148145 0.5879629629629629 0.4236111111111111 0.5879629629629629
0 0.8912037037037037 0.9907407407407407 0.8958333333333334 0.9976851851851852 0.8587962962962963 0.9976851851851852 0.8587962962962963 0.9768518518518519 0.8564814814814815 0.9722222222222222 0.8587962962962963 0.9699074074074074 0.8587962962962963 0.9652777777777778 0.8634259259259259 0.9606481481481481 0.8703703703703703 0.9652777777777778 0.8888888888888888 0.9907407407407407
0 0.6828703703703703 0.4375 0.6898148148148148 0.44212962962962965 0.6898148148148148 0.44675925925925924 0.6921296296296297 0.44907407407407407 0.7013888888888888 0.4513888888888889 0.7083333333333334 0.45601851851851855 0.7384259259259259 0.4861111111111111 0.7384259259259259 0.48842592592592593 0.7430555555555556 0.49074074074074076 0.7453703703703703 0.49537037037037035 0.7662037037037037 0.5138888888888888 0.7754629629629629 0.5277777777777778 0.7870370370370371 0.5347222222222222 0.7962962962962963 0.5439814814814815 0.8148148148148148 0.5694444444444444 0.8148148148148148 0.5879629629629629 0.8125 0.5902777777777778 0.8125 0.6134259259259259 0.8148148148148148 0.6157407407407407 0.8125 0.6180555555555556 0.8101851851851852 0.6412037037037037 0.8032407407407407 0.6527777777777778 0.7800925925925926 0.6689814814814815 0.7731481481481481 0.6689814814814815 0.7708333333333334 0.6712962962962963 0.7569444444444444 0.6712962962962963 0.7546296296296297 0.6689814814814815 0.75 0.6712962962962963 0.7384259259259259 0.6712962962962963 0.7291666666666666 0.6643518518518519 0.7222222222222222 0.6643518518518519 0.7106481481481481 0.6574074074074074 0.7013888888888888 0.6550925925925926 0.6967592592592593 0.6504629629629629 0.6851851851851852 0.6458333333333334 0.6712962962962963 0.6342592592592593 0.6574074074074074 0.6296296296296297 0.6527777777777778 0.6226851851851852 0.6388888888888888 0.6157407407407407 0.6342592592592593 0.6111111111111112 0.6111111111111112 0.6018518518518519 0.6041666666666666 0.5972222222222222 0.5925925925925926 0.5856481481481481 0.5902777777777778 0.5787037037037037 0.5810185185185185 0.5717592592592593 0.5810185185185185 0.5671296296296297 0.5787037037037037 0.5648148148148148 0.5787037037037037 0.5439814814814815 0.5879629629629629 0.5231481481481481 0.5995370370370371 0.5162037037037037 0.5995370370370371 0.5115740740740741 0.6134259259259259 0.4837962962962963 0.6134259259259259 0.47453703703703703 0.6203703703703703 0.4652777777777778 0.6180555555555556 0.46064814814814814 0.6203703703703703 0.4513888888888889 0.625 0.44675925925925924 0.6412037037037037 0.44675925925925924 0.6481481481481481 0.44212962962962965 0.6666666666666666 0.4444444444444444 0.6689814814814815 0.44675925925925924 0.6805555555555556 0.4398148148148148
0 0.3263888888888889 0.5381944444444444 0.023148148148148147 0.02662037037037037
0 0.6736111111111112 0.37037037037037035 0.6805555555555556 0.3773148148148148 0.6805555555555556 0.3819444444444444 0.6759259259259259 0.38657407407407407 0.6689814814814815 0.38657407407407407 0.6597222222222222 0.39814814814814814 0.6527777777777778 0.38657407407407407 0.6550925925925926 0.37037037037037035 0.6597222222222222 0.36574074074074076 0.6666666666666666 0.36574074074074076 0.6712962962962963 0.37037037037037035
0 0.6597222222222222 0.27546296296296297 0.6666666666666666 0.2800925925925926 0.6759259259259259 0.2916666666666667 0.6759259259259259 0.2986111111111111 0.6736111111111112 0.30092592592592593 0.6666666666666666 0.2986111111111111 0.6574074074074074 0.28703703703703703 0.6527777777777778 0.2777777777777778 0.6574074074074074 0.27546296296296297
0 0.8587962962962963 0.7939814814814815 0.8634259259259259 0.7962962962962963 0.8703703703703703 0.8078703703703703 0.8912037037037037 0.8287037037037037 0.8912037037037037 0.8379629629629629 0.8888888888888888 0.8425925925925926 0.8634259259259259 0.8726851851851852 0.8495370370370371 0.8518518518518519 0.8379629629629629 0.8402777777777778 0.8287037037037037 0.8402777777777778 0.8263888888888888 0.8379629629629629 0.8263888888888888 0.8310185185185185 0.8240740740740741 0.8287037037037037 0.8240740740740741 0.8171296296296297 0.8287037037037037 0.8055555555555556 0.8449074074074074 0.7939814814814815 0.8564814814814815 0.7939814814814815
0 0.8171296296296297 0.9976851851851852 0.8171296296296297 0.9884259259259259 0.8194444444444444 0.9861111111111112 0.8194444444444444 0.9791666666666666 0.8217592592592593 0.9768518518518519 0.8263888888888888 0.9583333333333334 0.8287037037037037 0.9537037037037037 0.8379629629629629 0.9467592592592593 0.8449074074074074 0.9513888888888888 0.8518518518518519 0.9629629629629629 0.8541666666666666 0.9768518518518519 0.8564814814814815 0.9791666666666666 0.8564814814814815 0.9976851851851852 0.8194444444444444 0.9976851851851852
0 0.5925925925925926 0.27314814814814814 0.5995370370370371 0.2777777777777778 0.6041666666666666 0.28703703703703703 0.6018518518518519 0.2916666666666667 0.5787037037037037 0.28935185185185186 0.5763888888888888 0.28703703703703703 0.5763888888888888 0.2777777777777778 0.5787037037037037 0.27314814814814814 0.5810185185185185 0.2708333333333333 0.5879629629629629 0.2708333333333333 0.5902777777777778 0.27314814814814814
0 0.8865740740740741 0.4351851851851852 0.8912037037037037 0.44675925925925924 0.8912037037037037 0.45601851851851855 0.8865740740740741 0.46064814814814814 0.875 0.46064814814814814 0.8726851851851852 0.4583333333333333 0.8726851851851852 0.4444444444444444 0.8819444444444444 0.4351851851851852 0.8842592592592593 0.4351851851851852
0 0.35648148148148145 0.5601851851851852 0.3611111111111111 0.5601851851851852 0.3680555555555556 0.5648148148148148 0.3680555555555556 0.5856481481481481 0.3611111111111111 0.5925925925925926 0.3541666666666667 0.5925925925925926 0.3472222222222222 0.5833333333333334 0.34953703703703703 0.5810185185185185 0.34953703703703703 0.5740740740740741 0.35648148148148145 0.5625
0 0.5625 0.36574074074074076 0.5648148148148148 0.375 0.5625 0.3773148148148148 0.5601851851851852 0.3912037037037037 0.5555555555555556 0.3958333333333333 0.5462962962962963 0.39351851851851855 0.5416666666666666 0.38425925925925924 0.5439814814814815 0.37962962962962965 0.5578703703703703 0.36574074074074076 0.5601851851851852 0.36574074074074076
0 0.2708333333333333 0.5995370370370371 0.2800925925925926 0.5879629629629629 0.2847222222222222 0.5856481481481481 0.2962962962962963 0.5856481481481481 0.2986111111111111 0.5879629629629629 0.2986111111111111 0.5949074074074074 0.28703703703703703 0.6064814814814815 0.2777777777777778 0.6111111111111112 0.27314814814814814 0.6018518518518519
0 0.3425925925925926 0.28935185185185186 0.3472222222222222 0.29398148148148145 0.34953703703703703 0.30787037037037035 0.3449074074074074 0.3148148148148148 0.33796296296296297 0.3194444444444444 0.3333333333333333 0.3194444444444444 0.33101851851851855 0.31712962962962965 0.3287037037037037 0.3125 0.3287037037037037 0.30324074074074076 0.3333333333333333 0.29398148148148145 0.3402777777777778 0.28935185185185186
0 0.1875 0.6157407407407407 0.18287037037037038 0.6041666666666666 0.18518518518518517 0.5810185185185185 0.1875 0.5787037037037037 0.1875 0.5740740740740741 0.19675925925925927 0.5671296296296297 0.20601851851851852 0.5694444444444444 0.20601851851851852 0.6041666666666666 0.2013888888888889 0.6111111111111112 0.19444444444444445 0.6157407407407407 0.18981481481481483 0.6157407407407407
0 0.7430555555555556 0.9166666666666666 0.75 0.9259259259259259 0.7523148148148148 0.9398148148148148 0.7546296296296297 0.9421296296296297 0.7523148148148148 0.9606481481481481 0.7430555555555556 0.9861111111111112 0.7430555555555556 0.9976851851851852 0.7245370370370371 0.9976851851851852 0.7245370370370371 0.9861111111111112 0.7129629629629629 0.9629629629629629 0.7129629629629629 0.9490740740740741 0.7337962962962963 0.9212962962962963 0.7407407407407407 0.9166666666666666
0 0.6527777777777778 0.8865740740740741 0.6689814814814815 0.9050925925925926 0.6712962962962963 0.9120370370370371 0.6805555555555556 0.9212962962962963 0.6898148148148148 0.9375 0.7106481481481481 0.9629629629629629 0.7106481481481481 0.9675925925925926 0.7129629629629629 0.9699074074074074 0.7129629629629629 0.9953703703703703 0.7060185185185185 0.9953703703703703 0.7037037037037037 0.9976851851851852 0.6782407407407407 0.9976851851851852 0.6759259259259259 0.9953703703703703 0.6736111111111112 0.9976851851851852 0.6435185185185185 0.9976851851851852 0.6412037037037037 0.9930555555555556 0.6435185185185185 0.8888888888888888 0.6504629629629629 0.8865740740740741
0 0.34953703703703703 0.5069444444444444 0.36574074074074076 0.5162037037037037 0.36342592592592593 0.5277777777777778 0.35648148148148145 0.5370370370370371 0.3472222222222222 0.5370370370370371 0.3333333333333333 0.5254629629629629 0.3333333333333333 0.5162037037037037 0.3472222222222222 0.5069444444444444
0 0.9351851851851852 0.7615740740740741 0.9467592592592593 0.7708333333333334 0.9490740740740741 0.7870370370370371 0.9444444444444444 0.7916666666666666 0.9328703703703703 0.7916666666666666 0.9305555555555556 0.7893518518518519 0.9212962962962963 0.7893518518518519 0.9143518518518519 0.7847222222222222 0.8958333333333334 0.7592592592592593 0.8888888888888888 0.7430555555555556 0.8888888888888888 0.7337962962962963 0.8981481481481481 0.7245370370370371 0.9050925925925926 0.7245370370370371 0.9143518518518519 0.7430555555555556 0.9328703703703703 0.7615740740740741
0 0.8287037037037037 0.36342592592592593 0.8310185185185185 0.36574074074074076 0.8425925925925926 0.36574074074074076 0.8495370370370371 0.37037037037037035 0.8541666666666666 0.37037037037037035 0.8587962962962963 0.375 0.8611111111111112 0.3912037037037037 0.8587962962962963 0.39351851851851855 0.8472222222222222 0.39351851851851855 0.8449074074074074 0.3912037037037037 0.8333333333333334 0.3888888888888889 0.8217592592592593 0.3773148148148148 0.8217592592592593 0.3726851851851852 0.8263888888888888 0.36574074074074076
0 0.9143518518518519 0.8402777777777778 0.9351851851851852 0.8495370370370371 0.9398148148148148 0.8495370370370371 0.9537037037037037 0.8587962962962963 0.9537037037037037 0.8703703703703703 0.9560185185185185 0.8726851851851852 0.9560185185185185 0.8888888888888888 0.9537037037037037 0.8912037037037037 0.9537037037037037 0.8958333333333334 0.9444444444444444 0.9074074074074074 0.9328703703703703 0.9074074074074074 0.9305555555555556 0.9097222222222222 0.9143518518518519 0.9074074074074074 0.8935185185185185 0.8935185185185185 0.8796296296296297 0.8726851851851852 0.8796296296296297 0.8680555555555556 0.8773148148148148 0.8657407407407407 0.8796296296296297 0.8564814814814815 0.8912037037037037 0.8449074074074074 0.9004629629629629 0.8402777777777778 0.9120370370370371 0.8402777777777778
0 0.2523148148148148 0.3888888888888889 0.25925925925925924 0.39351851851851855 0.25925925925925924 0.40046296296296297 0.24768518518518517 0.41203703703703703 0.23842592592592593 0.4305555555555556 0.22916666666666666 0.4166666666666667 0.22685185185185186 0.4050925925925926 0.23842592592592593 0.3912037037037037 0.25 0.3888888888888889
0 0.8263888888888888 0.8449074074074074 0.8379629629629629 0.8425925925925926 0.8541666666666666 0.8634259259259259 0.8564814814814815 0.8726851851851852 0.8657407407407407 0.8865740740740741 0.8657407407407407 0.8912037037037037 0.8773148148148148 0.9050925925925926 0.8773148148148148 0.9236111111111112 0.8796296296296297 0.9259259259259259 0.8773148148148148 0.9537037037037037 0.8726851851851852 0.9606481481481481 0.8657407407407407 0.9583333333333334 0.8541666666666666 0.9467592592592593 0.8495370370370371 0.9398148148148148 0.8495370370370371 0.9351851851851852 0.8425925925925926 0.9189814814814815 0.8402777777777778 0.9027777777777778 0.8263888888888888 0.8935185185185185 0.8217592592592593 0.8865740740740741 0.8217592592592593 0.8564814814814815 0.8263888888888888 0.8472222222222222
0 0.7685185185185185 0.8217592592592593 0.7708333333333334 0.8240740740740741 0.7777777777777778 0.8240740740740741 0.7893518518518519 0.8356481481481481 0.7939814814814815 0.8449074074074074 0.7939814814814815 0.8495370370370371 0.7847222222222222 0.8495370370370371 0.7754629629629629 0.8425925925925926 0.7615740740740741 0.8263888888888888 0.7615740740740741 0.8240740740740741 0.7662037037037037 0.8217592592592593
0 0.29398148148148145 0.4398148148148148 0.2962962962962963 0.44212962962962965 0.2962962962962963 0.4513888888888889 0.29398148148148145 0.4537037037037037 0.29398148148148145 0.46296296296296297 0.2962962962962963 0.4675925925925926 0.29398148148148145 0.4699074074074074 0.29398148148148145 0.47453703703703703 0.28935185185185186 0.4791666666666667 0.2777777777777778 0.48148148148148145 0.27546296296296297 0.4837962962962963 0.26157407407407407 0.4837962962962963 0.2569444444444444 0.47685185185185186 0.27546296296296297 0.45601851851851855 0.2824074074074074 0.44212962962962965 0.2916666666666667 0.4398148148148148
0 0.23842592592592593 0.2013888888888889 0.24074074074074073 0.21064814814814814 0.2361111111111111 0.2152777777777778 0.22685185185185186 0.2152777777777778 0.22453703703703703 0.21064814814814814 0.22916666666666666 0.2013888888888889 0.2361111111111111 0.2013888888888889
0 0.2013888888888889 0.5 0.20833333333333334 0.5138888888888888 0.20833333333333334 0.5254629629629629 0.20601851851851852 0.5300925925925926 0.2013888888888889 0.5324074074074074 0.18981481481481483 0.5324074074074074 0.1875 0.5300925925925926 0.18981481481481483 0.5277777777777778 0.18981481481481483 0.5185185185185185 0.19212962962962962 0.5162037037037037 0.19444444444444445 0.5023148148148148 0.19907407407407407 0.5
0 0.33796296296296297 0.4525462962962963 0.03125 0.03356481481481482
0 0.08796296296296297 0.4050925925925926 0.09027777777777778 0.4074074074074074 0.09490740740740741 0.4074074074074074 0.09490740740740741 0.4212962962962963 0.09027777777777778 0.4236111111111111 0.0763888888888889 0.4236111111111111 0.07407407407407407 0.4212962962962963 0.06018518518518518 0.4212962962962963 0.05787037037037037 0.4236111111111111 0.05555555555555555 0.4212962962962963 0.05555555555555555 0.41203703703703703 0.05787037037037037 0.4097222222222222 0.06712962962962964 0.4097222222222222 0.06944444444444445 0.4074074074074074 0.08564814814814815 0.4074074074074074
0 0.3680555555555556 0.5185185185185185 0.3726851851851852 0.5162037037037037 0.37962962962962965 0.5162037037037037 0.3819444444444444 0.5185185185185185 0.3819444444444444 0.5347222222222222 0.3726851851851852 0.5416666666666666 0.36342592592592593 0.5347222222222222 0.36342592592592593 0.5277777777777778 0.3680555555555556 0.5208333333333334
0 0.7337962962962963 0.41203703703703703 0.7361111111111112 0.4166666666666667 0.7361111111111112 0.42592592592592593 0.7384259259259259 0.42824074074074076 0.7384259259259259 0.44675925925925924 0.7245370370370371 0.4351851851851852 0.7245370370370371 0.41898148148148145 0.7268518518518519 0.41435185185185186 0.7314814814814815 0.41203703703703703
0 0.6550925925925926 0.41898148148148145 0.6597222222222222 0.42592592592592593 0.6597222222222222 0.4305555555555556 0.6527777777777778 0.4398148148148148 0.6435185185185185 0.4398148148148148 0.6412037037037037 0.44212962962962965 0.6342592592592593 0.4398148148148148 0.6296296296296297 0.4351851851851852 0.6388888888888888 0.4236111111111111 0.6527777777777778 0.41898148148148145
0 0.6504629629629629 0.32407407407407407 0.6550925925925926 0.32407407407407407 0.6597222222222222 0.33101851851851855 0.6597222222222222 0.3425925925925926 0.6527777777777778 0.3425925925925926 0.6481481481481481 0.33564814814814814 0.6504629629629629 0.3263888888888889
0 0.5092592592592593 0.8194444444444444 0.5185185185185185 0.8240740740740741 0.5231481481481481 0.8310185185185185 0.5254629629629629 0.8402777777777778 0.5300925925925926 0.8449074074074074 0.5509259259259259 0.8865740740740741 0.5532407407407407 0.9050925925925926 0.5555555555555556 0.9074074074074074 0.5555555555555556 0.9189814814814815 0.5578703703703703 0.9212962962962963 0.5578703703703703 0.9282407407407407 0.5625 0.9398148148148148 0.5625 0.9490740740740741 0.5648148148148148 0.9513888888888888 0.5648148148148148 0.9814814814814815 0.5601851851851852 0.9930555555555556 0.5555555555555556 0.9976851851851852 0.5231481481481481 0.9976851851851852 0.5208333333333334 0.9953703703703703 0.5185185185185185 0.9976851851851852 0.5162037037037037 0.9953703703703703 0.5 0.9953703703703703 0.4976851851851852 0.9976851851851852 0.49537037037037035 0.9953703703703703 0.41203703703703703 0.9976851851851852 0.41435185185185186 0.9814814814814815 0.4166666666666667 0.9791666666666666 0.4212962962962963 0.9560185185185185 0.42592592592592593 0.9467592592592593 0.42592592592592593 0.9236111111111112 0.4398148148148148 0.8865740740740741 0.4513888888888889 0.8703703703703703 0.4699074074074074 0.8518518518518519 0.4722222222222222 0.8449074074074074 0.48148148148148145 0.8356481481481481 0.4837962962962963 0.8263888888888888 0.49537037037037035 0.8194444444444444 0.5069444444444444 0.8194444444444444
0 0.2488425925925926 0.4826388888888889 0.020833333333333332 0.02546296296296296
0 0.4791666666666667 0.5300925925925926 0.49074074074074076 0.5393518518518519 0.4930555555555556 0.5509259259259259 0.47453703703703703 0.5717592592592593 0.45601851851851855 0.5810185185185185 0.4537037037037037 0.5810185185185185 0.4537037037037037 0.5694444444444444 0.46064814814814814 0.5509259259259259 0.46296296296296297 0.5347222222222222 0.4675925925925926 0.5277777777777778 0.47453703703703703 0.5277777777777778 0.47685185185185186 0.5300925925925926
0 0.8888888888888888 0.5115740740740741 0.8888888888888888 0.5092592592592593 0.8680555555555556 0.4861111111111111 0.8680555555555556 0.47685185185185186 0.8796296296296297 0.4699074074074074 0.8912037037037037 0.4699074074074074 0.8935185185185185 0.4722222222222222 0.8981481481481481 0.4722222222222222 0.9074074074074074 0.49074074074074076 0.9074074074074074 0.5092592592592593 0.9050925925925926 0.5138888888888888 0.9004629629629629 0.5185185185185185 0.8958333333333334 0.5185185185185185 0.8912037037037037 0.5115740740740741
0 0.2175925925925926 0.7199074074074074 0.22685185185185186 0.7199074074074074 0.23148148148148148 0.7245370370370371 0.23148148148148148 0.7337962962962963 0.22685185185185186 0.7361111111111112 0.2199074074074074 0.7314814814814815 0.2175925925925926 0.7222222222222222
0 0.10185185185185185 0.3611111111111111 0.10648148148148148 0.3611111111111111 0.1087962962962963 0.36342592592592593 0.1087962962962963 0.3680555555555556 0.10185185185185185 0.3680555555555556 0.10185185185185185 0.36342592592592593
0 0.1400462962962963 0.3599537037037037 0.015046296296296295 0.017361111111111112
0 0.1111111111111111 0.3402777777777778 0.11805555555555555 0.3425925925925926 0.11805555555555555 0.3472222222222222 0.11342592592592593 0.3472222222222222 0.1111111111111111 0.3425925925925926
0 0.05787037037037037 0.3726851851851852 0.008101851851851851 0.011574074074074073
0 0.05787037037037037 0.3726851851851852 0.06481481481481481 0.3773148148148148 0.06481481481481481 0.38425925925925924 0.0625 0.38657407407407407 0.05787037037037037 0.38657407407407407 0.05787037037037037 0.375
0 0.08101851851851852 0.3460648148148148 0.005787037037037037 0.010416666666666666
0 0.07407407407407407 0.36689814814814814 0.006944444444444444 0.009259259259259259
0 0.04976851851851852 0.3055555555555556 0.008101851851851851 0.009259259259259259
0 0.18518518518518517 0.33796296296296297 0.19212962962962962 0.33796296296296297 0.19444444444444445 0.3402777777777778 0.19212962962962962 0.3449074074074074 0.1875 0.3449074074074074 0.18518518518518517 0.3402777777777778
0 0.21296296296296297 0.32175925925925924 0.2175925925925926 0.32175925925925924 0.2199074074074074 0.3263888888888889 0.2199074074074074 0.3287037037037037 0.2152777777777778 0.33101851851851855 0.21296296296296297 0.3287037037037037 0.21296296296296297 0.32407407407407407
0 0.22453703703703703 0.3599537037037037 0.009259259259259259 0.010416666666666666
0 0.15162037037037038 0.39467592592592593 0.01273148148148148 0.010416666666666666
0 0.14814814814814814 0.3819444444444444 0.1527777777777778 0.3819444444444444 0.1550925925925926 0.38657407407407407 0.1527777777777778 0.3912037037037037 0.14814814814814814 0.3912037037037037 0.14583333333333334 0.3888888888888889 0.14814814814814814 0.38425925925925924
0 0.19791666666666666 0.2488425925925926 0.008101851851851851 0.01273148148148148
0 0.23842592592592593 0.2847222222222222 0.24074074074074073 0.28703703703703703 0.24074074074074073 0.2962962962962963 0.23842592592592593 0.2986111111111111 0.2361111111111111 0.2962962962962963 0.2361111111111111 0.28703703703703703
0 0.3368055555555556 0.32523148148148145 0.010416666666666666 0.013888888888888888
0 0.25 0.35532407407407407 0.009259259259259259 0.009259259259259259
0 0.14583333333333334 0.4791666666666667 0.15046296296296297 0.4791666666666667 0.1527777777777778 0.48148148148148145 0.1527777777777778 0.48842592592592593 0.15046296296296297 0.49074074074074076 0.14351851851851852 0.49074074074074076 0.14583333333333334 0.48148148148148145
0 0.2847222222222222 0.4212962962962963 0.29398148148148145 0.42592592592592593 0.2916666666666667 0.4305555555555556 0.29398148148148145 0.4351851851851852 0.28935185185185186 0.4351851851851852 0.27314814814814814 0.4444444444444444 0.2777777777777778 0.42824074074074076 0.2800925925925926 0.4236111111111111 0.2824074074074074 0.4236111111111111
0 0.009259259259259259 0.1550925925925926 0.018518518518518517 0.1550925925925926 0.018518518518518517 0.16203703703703703 0.009259259259259259 0.16898148148148148 0.006944444444444444 0.16435185185185186 0.009259259259259259 0.1574074074074074
0 0.018518518518518517 0 0.027777777777777776 0 0.03009259259259259 0.004629629629629629 0.03009259259259259 0.009259259259259259 0.016203703703703703 0.009259259259259259 0.016203703703703703 0.004629629629629629 0.018518518518518517 0.0023148148148148147
0 0.27314814814814814 0 0.2824074074074074 0 0.28703703703703703 0.011574074074074073 0.2847222222222222 0.016203703703703703 0.2777777777777778 0.016203703703703703 0.27314814814814814 0.009259259259259259 0.27314814814814814 0.0023148148148148147
0 0.7708333333333334 0.10648148148148148 0.77265625 0.10324074074074074 0.7692708333333333 0.09861111111111111 0.7651041666666666 0.0962962962962963 0.7609375 0.0962962962962963 0.7583333333333334 0.09861111111111111 0.7580729166666667 0.10277777777777777 0.7591145833333334 0.10462962962962964 0.765625 0.10833333333333332 0.7708333333333334 0.10648148148148148
0 0.7447916666666666 0.1111111111111111 0.7484375 0.10601851851851851 0.7481770833333333 0.09814814814814815 0.7432291666666666 0.09675925925925925 0.7390625 0.09907407407407406 0.7380208333333333 0.10462962962962964 0.7393229166666666 0.11018518518518519 0.7408854166666666 0.11203703703703703 0.7447916666666666 0.1111111111111111
0 0.8072916666666666 0.13749999999999998 0.8078125 0.12314814814814816 0.8018229166666666 0.125 0.7984375 0.1300925925925926 0.7984375 0.14027777777777778 0.8002604166666666 0.1425925925925926 0.8036458333333334 0.1425925925925926 0.8072916666666666 0.13749999999999998
0 0.5494791666666666 0.7129629629629629 0.5541666666666667 0.6990740740740741 0.5544270833333333 0.6902777777777778 0.55234375 0.6828703703703703 0.5497395833333334 0.6810185185185185 0.5466145833333333 0.6837962962962962 0.5424479166666667 0.7018518518518518 0.5421874999999999 0.7097222222222223 0.5434895833333333 0.7152777777777778 0.5466145833333333 0.7166666666666667 0.5494791666666666 0.7129629629629629
0 0.296875 0.7898148148148147 0.2963541666666667 0.7851851851851852 0.29296875 0.7773148148148148 0.2895833333333333 0.775 0.2864583333333333 0.7782407407407407 0.28619791666666666 0.7837962962962963 0.28828125 0.7879629629629629 0.29296875 0.7916666666666666 0.296875 0.7898148148148147
0 0.29401041666666666 0.8027777777777778 0.2963541666666667 0.7967592592592593 0.29270833333333335 0.7949074074074074 0.2825520833333333 0.8055555555555556 0.28203125 0.8106481481481481 0.28281249999999997 0.8115740740740741 0.2885416666666667 0.8106481481481481 0.29401041666666666 0.8027777777777778
0 0.3119791666666667 0.5333333333333333 0.3140625 0.5291666666666667 0.3138020833333333 0.5259259259259259 0.3106770833333333 0.5222222222222223 0.3072916666666667 0.5231481481481481 0.30234375 0.5282407407407407 0.29973958333333334 0.5351851851851852 0.2994791666666667 0.5398148148148147 0.3002604166666667 0.5407407407407407 0.3041666666666667 0.5402777777777777 0.3119791666666667 0.5333333333333333
0 0.20703125 0.7407407407407407 0.20989583333333334 0.7388888888888888 0.2109375 0.7356481481481482 0.21067708333333335 0.7310185185185185 0.20807291666666666 0.7287037037037037 0.19765625 0.7314814814814815 0.19609375 0.7342592592592593 0.19765625 0.7412037037037037 0.19921875 0.7430555555555556 0.20703125 0.7407407407407407
0 0.23046875 0.7106481481481481 0.23255208333333335 0.7069444444444444 0.23255208333333335 0.7023148148148147 0.23072916666666665 0.6981481481481482 0.22734375 0.6981481481481482 0.22291666666666665 0.7018518518518518 0.22213541666666667 0.7027777777777778 0.22317708333333333 0.7050925925925926 0.22734375 0.711574074074074 0.23046875 0.7106481481481481
0 0.24765625 0.7050925925925926 0.25234375000000003 0.700925925925926 0.25390625 0.6925925925925925 0.2518229166666667 0.688888888888889 0.2453125 0.6893518518518519 0.24140625 0.6925925925925925 0.24114583333333334 0.6958333333333334 0.24296875 0.700925925925926 0.24479166666666666 0.7041666666666666 0.24765625 0.7050925925925926
0 0.03046875 0.4981481481481481 0.026302083333333334 0.4898148148148148 0.02369791666666667 0.4912037037037037 0.022135416666666668 0.49537037037037035 0.021875 0.4981481481481481 0.02578125 0.5018518518518519 0.029166666666666667 0.5018518518518519 0.03046875 0.4981481481481481
0 0.28515625 0.3384259259259259 0.2833333333333333 0.3361111111111111 0.28020833333333334 0.3365740740740741 0.2760416666666667 0.34120370370370373 0.2760416666666667 0.34768518518518515 0.27968750000000003 0.34814814814814815 0.28281249999999997 0.3453703703703703 0.28515625 0.3384259259259259
0 0.2807291666666667 0.2828703703703704 0.2791666666666667 0.2796296296296296 0.2755208333333333 0.2791666666666667 0.27239583333333334 0.28101851851851856 0.27109374999999997 0.2851851851851852 0.2708333333333333 0.29305555555555557 0.27265625 0.2962962962962963 0.2794270833333333 0.287962962962963 0.2807291666666667 0.2828703703703704
0 0.31796875 0.27175925925925926 0.3140625 0.27361111111111114 0.3119791666666667 0.2791666666666667 0.31171875 0.2851851851851852 0.3140625 0.2861111111111111 0.31796875 0.2759259259259259 0.31796875 0.27175925925925926
0 0.22109375 0.2796296296296296 0.21848958333333335 0.27314814814814814 0.21510416666666665 0.27361111111111114 0.21354166666666666 0.27546296296296297 0.21432291666666667 0.2791666666666667 0.21666666666666665 0.28055555555555556 0.22109375 0.2796296296296296
0 0.16197916666666665 0.3023148148148148 0.15729166666666666 0.30324074074074076 0.15963541666666667 0.3074074074074074 0.16328125 0.3069444444444444 0.16328125 0.3037037037037037 0.16197916666666665 0.3023148148148148
0 0.16796875 0.25092592592592594 0.16510416666666666 0.24814814814814815 0.16197916666666665 0.25046296296296294 0.16302083333333334 0.2555555555555556 0.16796875 0.2583333333333333 0.17005208333333335 0.2564814814814815 0.16796875 0.25092592592592594
0 0.1734375 0.3972222222222222 0.1734375 0.39166666666666666 0.17213541666666665 0.38842592592592595 0.16770833333333335 0.3907407407407408 0.16744791666666667 0.3972222222222222 0.16822916666666665 0.3986111111111111 0.17213541666666665 0.3990740740740741 0.1734375 0.3972222222222222
0 0.18020833333333333 0.4611111111111111 0.18177083333333335 0.4574074074074074 0.18020833333333333 0.4532407407407408 0.17552083333333335 0.45462962962962966 0.17447916666666666 0.45648148148148143 0.175 0.4597222222222222 0.178125 0.4625 0.18020833333333333 0.4611111111111111
0 0.19895833333333335 0.3185185185185185 0.20286458333333335 0.3175925925925926 0.20260416666666667 0.3138888888888889 0.19739583333333335 0.3069444444444444 0.1921875 0.30509259259259264 0.19114583333333335 0.3069444444444444 0.19140625 0.3106481481481481 0.1953125 0.3166666666666667 0.19895833333333335 0.3185185185185185
0 0.20208333333333334 0.2828703703703704 0.20026041666666666 0.2777777777777778 0.19661458333333334 0.2791666666666667 0.19635416666666666 0.2824074074074074 0.19791666666666666 0.2847222222222222 0.19973958333333333 0.2851851851851852 0.20208333333333334 0.2828703703703704
0 0.24739583333333334 0.3800925925925926 0.246875 0.3768518518518519 0.24479166666666666 0.375 0.24114583333333334 0.37453703703703706 0.23932291666666666 0.3773148148148148 0.2390625 0.3805555555555556 0.24088541666666666 0.3837962962962963 0.24505208333333334 0.3837962962962963 0.24739583333333334 0.3800925925925926
0 0.3041666666666667 0.42407407407407405 0.30755208333333334 0.4222222222222222 0.3106770833333333 0.41620370370370374 0.3109375 0.41203703703703703 0.3072916666666667 0.4083333333333333 0.30234375 0.4083333333333333 0.29791666666666666 0.4148148148148148 0.2973958333333333 0.41851851851851857 0.2984375 0.42268518518518516 0.3 0.42453703703703705 0.3041666666666667 0.42407407407407405
0 0.3098958333333333 0.4041666666666667 0.309375 0.4009259259259259 0.3065104166666667 0.3976851851851852 0.303125 0.3976851851851852 0.3005208333333333 0.4013888888888889 0.3 0.4083333333333333 0.3026041666666667 0.41064814814814815 0.3088541666666667 0.4083333333333333 0.3098958333333333 0.4041666666666667
0 0.31536458333333334 0.3388888888888889 0.315625 0.33148148148148143 0.31145833333333334 0.33148148148148143 0.30859375 0.3351851851851852 0.3083333333333333 0.3416666666666667 0.3106770833333333 0.3444444444444445 0.31328125 0.34351851851851856 0.31536458333333334 0.3388888888888889
0 0.3130208333333333 0.3486111111111111 0.3106770833333333 0.3444444444444445 0.3072916666666667 0.3449074074074074 0.3052083333333333 0.3486111111111111 0.3067708333333333 0.35370370370370374 0.3106770833333333 0.3527777777777778 0.3130208333333333 0.3486111111111111
0 0.2747395833333333 0.3819444444444444 0.2734375 0.3773148148148148 0.26953125 0.37546296296296294 0.26536458333333335 0.375 0.2635416666666667 0.3787037037037037 0.2635416666666667 0.3837962962962963 0.2682291666666667 0.38657407407407407 0.27317708333333335 0.3847222222222222 0.2747395833333333 0.3819444444444444
0 0.26015625000000003 0.375 0.2604166666666667 0.3689814814814815 0.2583333333333333 0.36712962962962964 0.25494791666666666 0.3680555555555556 0.25416666666666665 0.3694444444444444 0.25546874999999997 0.37453703703703706 0.2578125 0.3763888888888889 0.26015625000000003 0.375
0 0.27109374999999997 0.27870370370370373 0.2716145833333333 0.27499999999999997 0.26927083333333335 0.26851851851851855 0.2661458333333333 0.26851851851851855 0.26536458333333335 0.2689814814814815 0.26666666666666666 0.2777777777777778 0.26927083333333335 0.28101851851851856 0.27109374999999997 0.27870370370370373
0 0.2638020833333333 0.2708333333333333 0.26197916666666665 0.26851851851851855 0.2583333333333333 0.26805555555555555 0.25885416666666666 0.27499999999999997 0.2625 0.2773148148148148 0.2638020833333333 0.274537037037037 0.2638020833333333 0.2708333333333333
0 0.2583333333333333 0.2689814814814815 0.2557291666666667 0.26435185185185184 0.2513020833333333 0.2675925925925926 0.2513020833333333 0.2722222222222222 0.2544270833333333 0.274537037037037 0.25677083333333334 0.27361111111111114 0.2583333333333333 0.2689814814814815
0 0.21614583333333334 0.2967592592592592 0.21432291666666667 0.29305555555555557 0.21145833333333333 0.2925925925925926 0.21041666666666667 0.29305555555555557 0.2109375 0.29768518518518516 0.21354166666666666 0.29953703703703705 0.21614583333333334 0.2967592592592592
0 0.24609375 0.3138888888888889 0.24479166666666666 0.3125 0.24114583333333334 0.31296296296296294 0.240625 0.3143518518518519 0.24244791666666665 0.3175925925925926 0.24583333333333335 0.3166666666666667 0.24609375 0.3138888888888889
0 0.20286458333333335 0.3550925925925926 0.19947916666666665 0.35462962962962963 0.19817708333333334 0.35648148148148145 0.19791666666666666 0.3587962962962963 0.20104166666666665 0.36203703703703705 0.20598958333333334 0.3625 0.20286458333333335 0.3550925925925926
0 0.1984375 0.3652777777777778 0.19609375 0.36064814814814816 0.19244791666666666 0.3611111111111111 0.19270833333333334 0.3662037037037037 0.19583333333333333 0.37037037037037035 0.19817708333333334 0.3694444444444444 0.1984375 0.3652777777777778
0 0.20286458333333335 0.36574074074074076 0.20078125 0.3666666666666667 0.19973958333333333 0.3694444444444444 0.20234375 0.3726851851851852 0.20546875 0.3694444444444444 0.20286458333333335 0.36574074074074076
0 0.2484375 0.29907407407407405 0.24479166666666666 0.30185185185185187 0.24401041666666665 0.3041666666666667 0.2518229166666667 0.3106481481481481 0.25156249999999997 0.3027777777777778 0.2484375 0.29907407407407405
0 0.3171875 0.24768518518518517 0.3166666666666667 0.2449074074074074 0.3138020833333333 0.2439814814814815 0.3065104166666667 0.24814814814814815 0.3041666666666667 0.2513888888888889 0.3072916666666667 0.25462962962962965 0.3140625 0.25324074074074077 0.3171875 0.24768518518518517
0 0.3078125 0.2513888888888889 0.30364583333333334 0.25092592592592594 0.2984375 0.25416666666666665 0.3002604166666667 0.25925925925925924 0.30234375 0.2587962962962963 0.3072916666666667 0.2555555555555556 0.3078125 0.2513888888888889
0 0.3002604166666667 0.33981481481481485 0.30364583333333334 0.3347222222222222 0.2989583333333333 0.3263888888888889 0.2934895833333333 0.32592592592592595 0.28932291666666665 0.3277777777777778 0.2869791666666667 0.33148148148148143 0.2877604166666667 0.33101851851851855 0.2895833333333333 0.3351851851851852 0.3002604166666667 0.33981481481481485
0 0.2817708333333333 0.38148148148148153 0.284375 0.3736111111111111 0.28281249999999997 0.3712962962962963 0.27968750000000003 0.3708333333333333 0.2778645833333333 0.3726851851851852 0.2760416666666667 0.3773148148148148 0.27708333333333335 0.3819444444444444 0.27890624999999997 0.3833333333333333 0.2817708333333333 0.38148148148148153
0 0.27317708333333335 0.3361111111111111 0.27447916666666666 0.33101851851851855 0.27239583333333334 0.32407407407407407 0.2677083333333333 0.3282407407407408 0.2669270833333333 0.33148148148148143 0.2674479166666667 0.3361111111111111 0.2713541666666667 0.3375 0.27317708333333335 0.3361111111111111
0 0.24114583333333334 0.362962962962963 0.23802083333333335 0.3587962962962963 0.23359375 0.3611111111111111 0.23307291666666666 0.3625 0.2375 0.3689814814814815 0.2390625 0.3680555555555556 0.24114583333333334 0.362962962962963
0 0.18020833333333333 0.3902777777777778 0.17890625 0.3833333333333333 0.17630208333333333 0.3791666666666667 0.17421875 0.3791666666666667 0.17109375 0.38287037037037036 0.17135416666666667 0.3902777777777778 0.17526041666666667 0.3949074074074074 0.17864583333333334 0.39351851851851855 0.18020833333333333 0.3902777777777778
0 0.4361979166666667 0.399537037037037 0.4356770833333333 0.3930555555555556 0.4315104166666667 0.3925925925925926 0.4276041666666667 0.39629629629629626 0.4270833333333333 0.40046296296296297 0.4291666666666667 0.40185185185185185 0.4354166666666667 0.4013888888888889 0.4361979166666667 0.399537037037037
0 0.7697916666666667 0.11851851851851852 0.7658854166666667 0.11574074074074074 0.76171875 0.11805555555555555 0.7622395833333334 0.12638888888888888 0.7703125 0.12685185185185185 0.7723958333333334 0.1236111111111111 0.7697916666666667 0.11851851851851852
0 0.7739583333333334 0.1337962962962963 0.7739583333333334 0.12916666666666665 0.7723958333333334 0.1236111111111111 0.76484375 0.1300925925925926 0.7630208333333334 0.1337962962962963 0.7653645833333333 0.13703703703703704 0.7723958333333334 0.13749999999999998 0.7739583333333334 0.1337962962962963
0 0.7447916666666666 0.13749999999999998 0.7497395833333333 0.1337962962962963 0.7497395833333333 0.12638888888888888 0.7486979166666666 0.12453703703703703 0.7440104166666667 0.12268518518518519 0.73984375 0.1259259259259259 0.7385416666666667 0.1300925925925926 0.7390625 0.13333333333333333 0.7408854166666666 0.13564814814814816 0.7447916666666666 0.13749999999999998
0 0.7520833333333333 0.13564814814814816 0.7481770833333333 0.13425925925925927 0.74453125 0.13657407407407407 0.74453125 0.1439814814814815 0.75234375 0.14444444444444443 0.7528645833333334 0.13703703703703704 0.7520833333333333 0.13564814814814816
0 0.7166666666666667 0.12314814814814816 0.7135416666666666 0.11805555555555555 0.7065104166666666 0.11805555555555555 0.70625 0.11990740740740741 0.7098958333333334 0.1259259259259259 0.7135416666666666 0.12685185185185185 0.7166666666666667 0.12314814814814816
0 0.70859375 0.11296296296296296 0.7083333333333334 0.11898148148148148 0.7169270833333333 0.11620370370370371 0.7135416666666666 0.10925925925925926 0.70859375 0.11296296296296296
0 0.7578125 0.09537037037037038 0.7572916666666666 0.09166666666666667 0.7544270833333334 0.08796296296296297 0.7481770833333333 0.0875 0.7447916666666666 0.09074074074074075 0.7447916666666666 0.09490740740740741 0.7479166666666667 0.09722222222222222 0.7552083333333334 0.09814814814814815 0.7578125 0.09537037037037038
0 0.7591145833333334 0.12638888888888888 0.759375 0.12314814814814816 0.7557291666666667 0.11712962962962964 0.7513020833333334 0.11620370370370371 0.74765625 0.11851851851851852 0.7473958333333334 0.12314814814814816 0.7526041666666666 0.1277777777777778 0.7580729166666667 0.12824074074074074 0.7591145833333334 0.12638888888888888
0 0.7713541666666667 0.15092592592592594 0.7690104166666666 0.1439814814814815 0.7651041666666666 0.1449074074074074 0.7625 0.14768518518518517 0.7619791666666667 0.15416666666666665 0.7627604166666666 0.15462962962962962 0.7690104166666666 0.15416666666666665 0.7713541666666667 0.15092592592592594
0 0.7919270833333334 0.1125 0.79140625 0.10925925925925926 0.78515625 0.10925925925925926 0.7841145833333334 0.1125 0.7861979166666666 0.11666666666666667 0.78984375 0.11990740740740741 0.7919270833333334 0.1125
0 0.7854166666666667 0.13703703703703704 0.7799479166666666 0.13287037037037036 0.7765625 0.13425925925925927 0.7747395833333334 0.13842592592592592 0.7747395833333334 0.1412037037037037 0.7791666666666667 0.1462962962962963 0.7854166666666667 0.14027777777777778 0.7854166666666667 0.13703703703703704