0 0.6712962962962963 0.4722222222222222 0.6759259259259259 0.47685185185185186 0.6759259259259259 0.4861111111111111 0.6736111111111112 0.48842592592592593 0.6689814814814815 0.48842592592592593 0.6643518518518519 0.4930555555555556 0.6550925925925926 0.49074074074074076 0.6527777777777778 0.4861111111111111 0.6527777777777778 0.47453703703703703 0.6574074074074074 0.4722222222222222 0.6689814814814815 0.4722222222222222
0 0.032407407407407406 0.2037037037037037 0.037037037037037035 0.20833333333333334 0.037037037037037035 0.2175925925925926 0.03009259259259259 0.2175925925925926 0.02546296296296296 0.20833333333333334 0.02546296296296296 0.20601851851851852 0.03009259259259259 0.2037037037037037
0 0.1111111111111111 0.25462962962962965 0.10416666666666667 0.24768518518518517 0.10416666666666667 0.22916666666666666 0.10648148148148148 0.22685185185185186 0.11342592592592593 0.22685185185185186 0.11574074074074074 0.22916666666666666 0.11574074074074074 0.24537037037037038 0.11342592592592593 0.24768518518518517 0.11342592592592593 0.2523148148148148
0 0.40046296296296297 0.3425925925925926 0.4027777777777778 0.3449074074074074 0.4027777777777778 0.36574074074074076 0.3958333333333333 0.36342592592592593 0.38425925925925924 0.35185185185185186 0.38425925925925924 0.3449074074074074 0.39351851851851855 0.3449074074074074 0.39814814814814814 0.3425925925925926
0 0.9189814814814815 0.4652777777777778 0.9282407407407407 0.47453703703703703 0.9282407407407407 0.47685185185185186 0.9120370370370371 0.4699074074074074 0.8912037037037037 0.4699074074074074 0.8865740740740741 0.4675925925925926 0.8935185185185185 0.46296296296296297 0.9143518518518519 0.46296296296296297 0.9166666666666666 0.4652777777777778
0 0.31712962962962965 0.22916666666666666 0.3194444444444444 0.23148148148148148 0.3194444444444444 0.26851851851851855 0.3148148148148148 0.27314814814814814 0.30324074074074076 0.27314814814814814 0.28935185185185186 0.2800925925925926 0.28703703703703703 0.2847222222222222 0.2800925925925926 0.28935185185185186 0.2662037037037037 0.28935185185185186 0.2662037037037037 0.2523148148148148 0.26851851851851855 0.24768518518518517 0.2708333333333333 0.24768518518518517 0.28935185185185186 0.22916666666666666 0.30092592592592593 0.22916666666666666 0.30324074074074076 0.23148148148148148 0.3148148148148148 0.22916666666666666
0 0.9965277777777778 0.46296296296296297 0.005787037037037037 0.009259259259259259
0 0.05092592592592592 0.2222222222222222 0.05787037037037037 0.22685185185185186 0.05787037037037037 0.23148148148148148 0.06018518518518518 0.2337962962962963 0.05787037037037037 0.25 0.05092592592592592 0.25 0.04861111111111111 0.24768518518518517 0.04861111111111111 0.22685185185185186 0.05092592592592592 0.22453703703703703
0 0.9664351851851852 0.4618055555555556 0.009259259259259259 0.009259259259259259
0 0.7268518518518519 0.4652777777777778 0.7245370370370371 0.46064814814814814 0.7245370370370371 0.44907407407407407 0.7314814814814815 0.4444444444444444 0.7476851851851852 0.4444444444444444 0.7523148148148148 0.4513888888888889 0.7546296296296297 0.46296296296296297 0.7453703703703703 0.4699074074074074 0.7314814814814815 0.4675925925925926 0.7291666666666666 0.4652777777777778
0 0.13078703703703703 0.27314814814814814 0.015046296296296295 0.010416666666666666
0 0.06712962962962964 0.2361111111111111 0.07175925925925926 0.24074074074074073 0.07175925925925926 0.2523148148148148 0.0625 0.2523148148148148 0.06018518518518518 0.24305555555555555 0.0625 0.23842592592592593 0.06481481481481481 0.23842592592592593
0 0 0.2337962962962963 0.009259259259259259 0.2361111111111111 0.011574074074074073 0.24074074074074073 0.009259259259259259 0.24305555555555555 0 0.24305555555555555 0 0.2361111111111111
0 0.2638888888888889 0.3587962962962963 0.28703703703703703 0.3587962962962963 0.2916666666666667 0.36342592592592593 0.2916666666666667 0.3726851851851852 0.27314814814814814 0.3912037037037037 0.2638888888888889 0.37962962962962965 0.2638888888888889 0.37037037037037035 0.26157407407407407 0.3680555555555556 0.2638888888888889 0.36574074074074076 0.2638888888888889 0.3611111111111111
0 0.08101851851851852 0.2175925925925926 0.09490740740740741 0.22453703703703703 0.09490740740740741 0.22685185185185186 0.09259259259259259 0.22453703703703703 0.09027777777777778 0.22685185185185186 0.09027777777777778 0.24074074074074073 0.0787037037037037 0.2361111111111111 0.0787037037037037 0.2199074074074074
0 0.19444444444444445 0.2962962962962963 0.19444444444444445 0.2800925925925926 0.19675925925925927 0.2777777777777778 0.19675925925925927 0.27314814814814814 0.19907407407407407 0.26851851851851855 0.20601851851851852 0.2638888888888889 0.2175925925925926 0.2638888888888889 0.2199074074074074 0.2662037037037037 0.22453703703703703 0.2662037037037037 0.23148148148148148 0.27314814814814814 0.2337962962962963 0.2847222222222222 0.2361111111111111 0.28703703703703703 0.2337962962962963 0.2916666666666667 0.22916666666666666 0.2916666666666667 0.22685185185185186 0.29398148148148145 0.2013888888888889 0.29398148148148145 0.19675925925925927 0.2962962962962963
0 0.06712962962962964 0.4583333333333333 0.03125 0.041666666666666664
0 0.5902777777777778 0.5185185185185185 0.5925925925925926 0.5208333333333334 0.5925925925925926 0.5370370370370371 0.5833333333333334 0.5370370370370371 0.5787037037037037 0.5277777777777778 0.5787037037037037 0.5208333333333334 0.5810185185185185 0.5185185185185185 0.5879629629629629 0.5185185185185185
0 0.9699074074074074 0.4409722222222222 0.008101851851851851 0.006944444444444444
0 0.018518518518518517 0.2037037037037037 0.027777777777777776 0.2152777777777778 0.027777777777777776 0.2199074074074074 0.02546296296296296 0.2222222222222222 0.020833333333333332 0.2175925925925926 0.018518518518518517 0.2175925925925926 0.016203703703703703 0.2222222222222222 0.011574074074074073 0.2175925925925926 0.009259259259259259 0.21064814814814814 0.011574074074074073 0.20601851851851852 0.016203703703703703 0.2037037037037037
0 0.2175925925925926 0.5972222222222222 0.24305555555555555 0.6041666666666666 0.2523148148148148 0.6180555555555556 0.2523148148148148 0.6203703703703703 0.24537037037037038 0.625 0.23148148148148148 0.6226851851851852 0.22685185185185186 0.6134259259259259 0.2199074074074074 0.6064814814814815 0.2175925925925926 0.5995370370370371
0 0 0.20833333333333334 0.0023148148148148147 0.20833333333333334 0.013888888888888888 0.2222222222222222 0.013888888888888888 0.22685185185185186 0.006944444444444444 0.2337962962962963 0 0.2337962962962963 0 0.21064814814814814
0 0.16666666666666666 0.29398148148148145 0.17592592592592593 0.2847222222222222 0.18287037037037038 0.2847222222222222 0.18287037037037038 0.2916666666666667 0.18055555555555555 0.29398148148148145 0.16898148148148148 0.29398148148148145
0 0.05324074074074074 0.20717592592592593 0.018518518518518517 0.02662037037037037
0 0.35185185185185186 0.26157407407407407 0.35648148148148145 0.2662037037037037 0.35648148148148145 0.2708333333333333 0.34953703703703703 0.2777777777777778 0.3402777777777778 0.2777777777777778 0.33564814814814814 0.27314814814814814 0.33564814814814814 0.26851851851851855 0.3425925925925926 0.26157407407407407 0.34953703703703703 0.26157407407407407
0 0.5995370370370371 0.41203703703703703 0.6041666666666666 0.41435185185185186 0.6087962962962963 0.4212962962962963 0.6087962962962963 0.42592592592592593 0.6134259259259259 0.4351851851851852 0.6134259259259259 0.44675925925925924 0.6157407407407407 0.44907407407407407 0.6064814814814815 0.44212962962962965 0.6018518518518519 0.44212962962962965 0.5879629629629629 0.42824074074074076 0.5902777777777778 0.41203703703703703 0.5925925925925926 0.4097222222222222 0.5972222222222222 0.41203703703703703
0 0.9328703703703703 0.45601851851851855 0.9351851851851852 0.4537037037037037 0.9421296296296297 0.45601851851851855 0.9444444444444444 0.46064814814814814 0.9375 0.46064814814814814 0.9351851851851852 0.4583333333333333
0 0.1388888888888889 0.38425925925925924 0.1412037037037037 0.38657407407407407 0.1412037037037037 0.3958333333333333 0.13657407407407407 0.4027777777777778 0.12731481481481483 0.4027777777777778 0.12268518518518519 0.3958333333333333 0.12268518518518519 0.38657407407407407 0.125 0.38425925925925924 0.13657407407407407 0.38425925925925924
0 0.23148148148148148 0.4583333333333333 0.23842592592592593 0.4652777777777778 0.24305555555555555 0.47453703703703703 0.24305555555555555 0.48148148148148145 0.24537037037037038 0.4837962962962963 0.24537037037037038 0.49074074074074076 0.24305555555555555 0.4930555555555556 0.2361111111111111 0.4930555555555556 0.22916666666666666 0.48842592592592593 0.2175925925925926 0.48842592592592593 0.21064814814814814 0.4791666666666667 0.2152777777777778 0.46296296296296297 0.22453703703703703 0.45601851851851855 0.22916666666666666 0.4583333333333333
0 0.09490740740740741 0.37037037037037035 0.09953703703703703 0.375 0.09953703703703703 0.38425925925925924 0.09722222222222222 0.3888888888888889 0.09259259259259259 0.3912037037037037 0.08796296296296297 0.38425925925925924 0.08796296296296297 0.3726851851851852 0.09259259259259259 0.37037037037037035
0 0.06481481481481481 0.2199074074074074 0.06712962962962964 0.2222222222222222 0.07175925925925926 0.2222222222222222 0.07407407407407407 0.2199074074074074 0.0763888888888889 0.2222222222222222 0.0763888888888889 0.2337962962962963 0.07407407407407407 0.2361111111111111 0.06712962962962964 0.2337962962962963 0.06712962962962964 0.2222222222222222
0 0.2638888888888889 0.3587962962962963 0.27314814814814814 0.3587962962962963 0.2777777777777778 0.3680555555555556 0.2777777777777778 0.3773148148148148 0.27546296296296297 0.37962962962962965 0.27314814814814814 0.3912037037037037 0.2638888888888889 0.37962962962962965 0.2638888888888889 0.3611111111111111
0 0.06712962962962964 0.19907407407407407 0.07407407407407407 0.2037037037037037 0.0787037037037037 0.2152777777777778 0.07175925925925926 0.2222222222222222 0.06712962962962964 0.2222222222222222 0.0625 0.2175925925925926 0.0625 0.20601851851851852 0.06481481481481481 0.2013888888888889
0 0.06018518518518518 0.2199074074074074 0.06481481481481481 0.22453703703703703 0.06481481481481481 0.2337962962962963 0.0625 0.2361111111111111 0.06018518518518518 0.2337962962962963 0.05787037037037037 0.2222222222222222
0 0.9606481481481481 0.4236111111111111 0.9699074074074074 0.42824074074074076 0.9652777777777778 0.4305555555555556 0.9606481481481481 0.42824074074074076 0.9606481481481481 0.42592592592592593
0 0.023148148148148147 0.21296296296296297 0.027777777777777776 0.2222222222222222 0.020833333333333332 0.24074074074074073 0.013888888888888888 0.24074074074074073 0.013888888888888888 0.2361111111111111 0.011574074074074073 0.2337962962962963 0.016203703703703703 0.22685185185185186 0.016203703703703703 0.2175925925925926 0.020833333333333332 0.2152777777777778
0 0.03009259259259259 0.2199074074074074 0.03935185185185185 0.2175925925925926 0.046296296296296294 0.22453703703703703 0.046296296296296294 0.2361111111111111 0.04398148148148148 0.23842592592592593 0.037037037037037035 0.23842592592592593 0.032407407407407406 0.2337962962962963 0.027777777777777776 0.2337962962962963 0.02546296296296296 0.23148148148148148 0.03009259259259259 0.2222222222222222
0 0.6041666666666666 0.4444444444444444 0.6087962962962963 0.4444444444444444 0.6203703703703703 0.46064814814814814 0.6203703703703703 0.4652777777777778 0.6180555555555556 0.4652777777777778 0.6041666666666666 0.44675925925925924
0 0.3958333333333333 0.5370370370370371 0.39814814814814814 0.5393518518518519 0.4074074074074074 0.5393518518518519 0.41203703703703703 0.5416666666666666 0.41435185185185186 0.5462962962962963 0.41203703703703703 0.5555555555555556 0.4050925925925926 0.5625 0.3958333333333333 0.5601851851851852 0.3912037037037037 0.5532407407407407 0.3912037037037037 0.5393518518518519 0.39351851851851855 0.5393518518518519
0 0.07407407407407407 0.2361111111111111 0.0787037037037037 0.2361111111111111 0.08796296296296297 0.24537037037037038 0.08796296296296297 0.25 0.08796296296296297 0.24537037037037038 0.08564814814814815 0.24305555555555555 0.08101851851851852 0.24768518518518517 0.08101851851851852 0.2523148148148148 0.0763888888888889 0.2523148148148148 0.07407407407407407 0.25 0.07407407407407407 0.23842592592592593
0 0.7303240740740741 0.5023148148148148 0.5393518518518519 0.08333333333333333
0 0.9490740740740741 0.4212962962962963 0.9537037037037037 0.42592592592592593 0.9537037037037037 0.43287037037037035 0.9513888888888888 0.4351851851851852 0.9351851851851852 0.42824074074074076 0.9351851851851852 0.4236111111111111 0.9467592592592593 0.4212962962962963