0 0.3101851851851852 0.12268518518518519 0.31712962962962965 0.12037037037037036 0.3287037037037037 0.12962962962962962 0.3333333333333333 0.13657407407407407 0.33564814814814814 0.15046296296296297 0.33796296296296297 0.1527777777777778 0.33796296296296297 0.16203703703703703 0.3402777777777778 0.16435185185185186 0.3402777777777778 0.19907407407407407 0.3333333333333333 0.2152777777777778 0.32407407407407407 0.2152777777777778 0.3194444444444444 0.21296296296296297 0.3125 0.2013888888888889 0.30324074074074076 0.19212962962962962 0.29398148148148145 0.1736111111111111 0.29398148148148145 0.16898148148148148 0.30092592592592593 0.15046296296296297 0.30092592592592593 0.14351851851851852 0.3101851851851852 0.125
0 0.11574074074074074 0.22337962962962962 0.037037037037037035 0.041666666666666664
0 0.2222222222222222 0.28935185185185186 0.034722222222222224 0.047453703703703706
0 0.034722222222222224 0.041666666666666664 0.046296296296296294 0.046296296296296294 0.05092592592592592 0.04398148148148148 0.06018518518518518 0.04398148148148148 0.0625 0.041666666666666664 0.0787037037037037 0.041666666666666664 0.08333333333333333 0.04861111111111111 0.08333333333333333 0.05555555555555555 0.08564814814814815 0.05787037037037037 0.08564814814814815 0.06712962962962964 0.08101851851851852 0.0787037037037037 0.08101851851851852 0.08564814814814815 0.07175925925925926 0.09953703703703703 0.0625 0.10185185185185185 0.05787037037037037 0.10648148148148148 0.023148148148148147 0.10648148148148148 0.016203703703703703 0.1111111111111111 0.009259259259259259 0.1111111111111111 0.006944444444444444 0.11342592592592593 0.004629629629629629 0.11342592592592593 0.004629629629629629 0.10648148148148148 0 0.10185185185185185 0 0.0763888888888889 0.004629629629629629 0.07407407407407407 0.020833333333333332 0.05092592592592592 0.03009259259259259 0.041666666666666664 0.032407407407407406 0.041666666666666664
0 0.22453703703703703 0.4791666666666667 0.22685185185185186 0.48148148148148145 0.22453703703703703 0.5023148148148148 0.22916666666666666 0.5115740740740741 0.22916666666666666 0.5231481481481481 0.2199074074074074 0.5347222222222222 0.21296296296296297 0.5347222222222222 0.2013888888888889 0.5254629629629629 0.19675925925925927 0.5162037037037037 0.19675925925925927 0.48842592592592593 0.19907407407407407 0.4861111111111111 0.2152777777777778 0.4837962962962963 0.2222222222222222 0.4791666666666667
0 0.20949074074074073 0.7557870370370371 0.05092592592592592 0.05092592592592592
0 0.3263888888888889 0.6620370370370371 0.03935185185185185 0.041666666666666664
0 0.6412037037037037 0.3773148148148148 0.6435185185185185 0.38425925925925924 0.6481481481481481 0.3888888888888889 0.6481481481481481 0.39351851851851855 0.6273148148148148 0.4074074074074074 0.6157407407407407 0.4027777777777778 0.6157407407407407 0.39814814814814814 0.6134259259259259 0.3958333333333333 0.6134259259259259 0.3819444444444444 0.6226851851851852 0.3773148148148148 0.6388888888888888 0.3773148148148148
0 0.7592592592592593 0.33101851851851855 0.7685185185185185 0.34953703703703703 0.7685185185185185 0.35648148148148145 0.7592592592592593 0.36342592592592593 0.7384259259259259 0.36342592592592593 0.7337962962962963 0.3587962962962963 0.7337962962962963 0.3541666666666667 0.7314814814814815 0.35185185185185186 0.7314814814814815 0.33796296296296297 0.7337962962962963 0.3333333333333333 0.7569444444444444 0.33101851851851855
0 0.5300925925925926 0.2337962962962963 0.5324074074074074 0.24537037037037038 0.5347222222222222 0.24768518518518517 0.5347222222222222 0.2569444444444444 0.5277777777777778 0.2662037037037037 0.5254629629629629 0.2662037037037037 0.5231481481481481 0.25 0.5208333333333334 0.24768518518518517 0.5208333333333334 0.24074074074074073 0.5231481481481481 0.2361111111111111 0.5277777777777778 0.2337962962962963
0 0.5011574074074074 0.1736111111111111 0.005787037037037037 0.006944444444444444