0 0.3101851851851852 0.13425925925925927 0.32175925925925924 0.14351851851851852 0.32175925925925924 0.1550925925925926 0.31712962962962965 0.1550925925925926 0.30787037037037035 0.15046296296296297 0.2962962962962963 0.15046296296296297 0.29398148148148145 0.14814814814814814 0.29398148148148145 0.13657407407407407 0.2986111111111111 0.13194444444444445 0.3055555555555556 0.13194444444444445 0.30787037037037035 0.13425925925925927
0 0.32407407407407407 0.14814814814814814 0.33101851851851855 0.14814814814814814 0.33564814814814814 0.1527777777777778 0.3333333333333333 0.1597222222222222 0.3287037037037037 0.1597222222222222 0.3263888888888889 0.16203703703703703 0.32175925925925924 0.1597222222222222 0.32175925925925924 0.1527777777777778 0.32407407407407407 0.15046296296296297
0 0.29398148148148145 0.27546296296296297 0.024305555555555556 0.028935185185185185
0 0.8356481481481481 0.40625 0.006944444444444444 0.006944444444444444
0 0.22685185185185186 0.36574074074074076 0.2337962962962963 0.36574074074074076 0.2361111111111111 0.3680555555555556 0.2361111111111111 0.3773148148148148 0.2337962962962963 0.37962962962962965 0.22685185185185186 0.375 0.22685185185185186 0.3680555555555556
0 0.75 0.39351851851851855 0.7569444444444444 0.39351851851851855 0.7592592592592593 0.39814814814814814 0.7592592592592593 0.40046296296296297 0.7523148148148148 0.40046296296296297 0.75 0.3958333333333333
0 0.5532407407407407 0.41898148148148145 0.5694444444444444 0.4166666666666667 0.5740740740740741 0.4212962962962963 0.5740740740740741 0.4305555555555556 0.5648148148148148 0.4375 0.5601851851851852 0.4375 0.5532407407407407 0.43287037037037035 0.5532407407407407 0.4212962962962963
0 0.4861111111111111 0.4537037037037037 0.49537037037037035 0.4583333333333333 0.4976851851851852 0.47685185185185186 0.49537037037037035 0.4791666666666667 0.4861111111111111 0.47685185185185186 0.4837962962962963 0.4722222222222222 0.4837962962962963 0.45601851851851855
0 0.18055555555555555 0.33101851851851855 0.18518518518518517 0.33101851851851855 0.1875 0.3333333333333333 0.1875 0.33796296296296297 0.18055555555555555 0.33796296296296297 0.18055555555555555 0.3333333333333333
0 0.9976851851851852 0.4861111111111111 0.9976851851851852 0.5023148148148148 0.9861111111111112 0.49537037037037035 0.9861111111111112 0.48842592592592593 0.9953703703703703 0.48842592592592593
0 0.7662037037037037 0.4236111111111111 0.7708333333333334 0.4212962962962963 0.7824074074074074 0.4212962962962963 0.7847222222222222 0.4236111111111111 0.7893518518518519 0.4236111111111111 0.7962962962962963 0.4305555555555556 0.7962962962962963 0.43287037037037035 0.7939814814814815 0.43287037037037035 0.7916666666666666 0.4305555555555556 0.7824074074074074 0.4305555555555556 0.7800925925925926 0.42824074074074076 0.7662037037037037 0.42824074074074076 0.7662037037037037 0.42592592592592593
0 0.5069444444444444 0.38425925925925924 0.5138888888888888 0.3888888888888889 0.5254629629629629 0.4074074074074074 0.5254629629629629 0.41203703703703703 0.5208333333333334 0.41203703703703703 0.5185185185185185 0.4097222222222222 0.5069444444444444 0.38657407407407407
0 0.9837962962962963 0.5185185185185185 0.9884259259259259 0.5138888888888888 0.9953703703703703 0.5138888888888888 0.9976851851851852 0.5162037037037037 0.9976851851851852 0.5277777777777778 0.9861111111111112 0.5231481481481481 0.9861111111111112 0.5208333333333334
0 0.1712962962962963 0.2638888888888889 0.17592592592592593 0.2662037037037037 0.18287037037037038 0.27546296296296297 0.18287037037037038 0.2824074074074074 0.16203703703703703 0.30092592592592593 0.1597222222222222 0.30092592592592593 0.15046296296296297 0.28935185185185186 0.14814814814814814 0.27314814814814814 0.15046296296296297 0.2708333333333333 0.15046296296296297 0.2662037037037037 0.16898148148148148 0.2638888888888889
0 0.1875 0.12731481481481483 0.18981481481481483 0.12962962962962962 0.21064814814814814 0.12962962962962962 0.21296296296296297 0.13194444444444445 0.2152777777777778 0.13657407407407407 0.21296296296296297 0.1712962962962963 0.21064814814814814 0.17592592592592593 0.19444444444444445 0.17592592592592593 0.19212962962962962 0.17824074074074073 0.1875 0.17824074074074073 0.17824074074074073 0.18287037037037038 0.1712962962962963 0.18981481481481483 0.1527777777777778 0.18981481481481483 0.15046296296296297 0.18518518518518517 0.15046296296296297 0.17824074074074073 0.1527777777777778 0.17592592592592593 0.1527777777777778 0.15046296296296297 0.1550925925925926 0.14583333333333334 0.16898148148148148 0.13657407407407407 0.1712962962962963 0.13194444444444445 0.17824074074074073 0.12731481481481483 0.18518518518518517 0.12731481481481483
0 0.9652777777777778 0.5416666666666666 0.9675925925925926 0.5462962962962963 0.9768518518518519 0.5532407407407407 0.9768518518518519 0.5578703703703703 0.9745370370370371 0.5578703703703703 0.9652777777777778 0.5671296296296297 0.9583333333333334 0.5694444444444444 0.9560185185185185 0.5648148148148148 0.9560185185185185 0.5532407407407407 0.9629629629629629 0.5439814814814815
0 0.8310185185185185 0.4212962962962963 0.8356481481481481 0.4212962962962963 0.8356481481481481 0.42824074074074076 0.8310185185185185 0.42824074074074076 0.8310185185185185 0.4236111111111111
0 0.8599537037037037 0.42824074074074076 0.008101851851851851 0.008101851851851851
0 0.35185185185185186 0.2916666666666667 0.3611111111111111 0.2986111111111111 0.3611111111111111 0.3055555555555556 0.3449074074074074 0.3055555555555556 0.3402777777777778 0.30092592592592593 0.3402777777777778 0.2962962962962963 0.34953703703703703 0.2916666666666667
0 0.023148148148148147 0.35648148148148145 0.03009259259259259 0.36574074074074076 0.03009259259259259 0.3726851851851852 0.023148148148148147 0.3819444444444444 0.011574074074074073 0.3888888888888889 0.004629629629629629 0.3888888888888889 0.004629629629629629 0.38657407407407407 0 0.38425925925925924 0 0.3680555555555556 0.004629629629629629 0.36574074074074076 0.011574074074074073 0.35648148148148145 0.016203703703703703 0.3541666666666667 0.020833333333333332 0.35648148148148145
0 0.30787037037037035 0.4675925925925926 0.3148148148148148 0.47685185185185186 0.3148148148148148 0.4861111111111111 0.3101851851851852 0.4930555555555556 0.2962962962962963 0.4930555555555556 0.2916666666666667 0.49074074074074076 0.28703703703703703 0.48148148148148145 0.28703703703703703 0.4722222222222222 0.2916666666666667 0.4652777777777778 0.30324074074074076 0.4652777777777778 0.3055555555555556 0.4675925925925926
0 0.31712962962962965 0.16898148148148148 0.32407407407407407 0.18518518518518517 0.32407407407407407 0.21296296296296297 0.3125 0.2175925925925926 0.3101851851851852 0.2175925925925926 0.30787037037037035 0.21296296296296297 0.30787037037037035 0.19907407407407407 0.3055555555555556 0.19675925925925927 0.30324074074074076 0.17592592592592593 0.3148148148148148 0.1712962962962963
0 0.9490740740740741 0.4652777777777778 0.9537037037037037 0.4699074074074074 0.9537037037037037 0.47453703703703703 0.9467592592592593 0.47453703703703703 0.9421296296296297 0.4699074074074074 0.9421296296296297 0.4675925925925926 0.9467592592592593 0.4652777777777778
0 0.8842592592592593 0.44560185185185186 0.008101851851851851 0.008101851851851851
0 0.8321759259259259 0.39351851851851855 0.010416666666666666 0.009259259259259259
0 0.05555555555555555 0.1736111111111111 0.05787037037037037 0.17592592592592593 0.05787037037037037 0.18287037037037038 0.05324074074074074 0.18518518518518517 0.03935185185185185 0.18518518518518517 0.046296296296296294 0.17592592592592593 0.05324074074074074 0.1736111111111111
0 0.23148148148148148 0.1712962962962963 0.2361111111111111 0.16898148148148148 0.24768518518518517 0.16898148148148148 0.25462962962962965 0.17824074074074073 0.24768518518518517 0.18518518518518517 0.23842592592592593 0.1875 0.22916666666666666 0.17824074074074073 0.23148148148148148 0.1736111111111111
0 0.21064814814814814 0.20601851851851852 0.2175925925925926 0.20601851851851852 0.22453703703703703 0.21064814814814814 0.23148148148148148 0.21064814814814814 0.2337962962962963 0.21296296296296297 0.24305555555555555 0.21296296296296297 0.25925925925925924 0.2199074074074074 0.2361111111111111 0.24074074074074073 0.22453703703703703 0.24537037037037038 0.2152777777777778 0.24537037037037038 0.2152777777777778 0.2361111111111111 0.2175925925925926 0.2337962962962963 0.2152777777777778 0.23148148148148148 0.2152777777777778 0.2222222222222222 0.21296296296296297 0.2199074074074074 0.21296296296296297 0.21064814814814814 0.21064814814814814 0.20833333333333334
0 0.9212962962962963 0.4537037037037037 0.9259259259259259 0.4583333333333333 0.9259259259259259 0.46296296296296297 0.9189814814814815 0.46064814814814814 0.9143518518518519 0.45601851851851855 0.9189814814814815 0.4537037037037037
0 0.6388888888888888 0.3958333333333333 0.6435185185185185 0.40046296296296297 0.6435185185185185 0.4050925925925926 0.6458333333333334 0.4074074074074074 0.6458333333333334 0.41435185185185186 0.6388888888888888 0.41898148148148145 0.6226851851851852 0.4166666666666667 0.6180555555555556 0.4097222222222222 0.6203703703703703 0.39814814814814814 0.625 0.3958333333333333 0.6365740740740741 0.3958333333333333
0 0.9398148148148148 0.47685185185185186 0.9490740740740741 0.4837962962962963 0.9537037037037037 0.49074074074074076 0.9537037037037037 0.4976851851851852 0.9328703703703703 0.49537037037037035 0.9328703703703703 0.4861111111111111 0.9351851851851852 0.4837962962962963 0.9351851851851852 0.4791666666666667 0.9375 0.4791666666666667
0 0.2152777777777778 0.2708333333333333 0.2361111111111111 0.2800925925925926 0.2361111111111111 0.2962962962962963 0.2337962962962963 0.2986111111111111 0.2152777777777778 0.29398148148148145 0.2037037037037037 0.28703703703703703 0.2013888888888889 0.2777777777777778 0.20601851851851852 0.27314814814814814 0.21296296296296297 0.2708333333333333
0 0 0.2800925925925926 0.006944444444444444 0.2800925925925926 0.009259259259259259 0.2847222222222222 0.006944444444444444 0.28935185185185186 0.006944444444444444 0.2986111111111111 0.004629629629629629 0.30092592592592593 0 0.30092592592592593 0 0.2824074074074074
0 0.7743055555555556 0.4050925925925926 0.008101851851851851 0.009259259259259259
0 0.36574074074074076 0.46296296296296297 0.3726851851851852 0.46296296296296297 0.375 0.4675925925925926 0.375 0.4722222222222222 0.3726851851851852 0.47685185185185186 0.37037037037037035 0.47685185185185186 0.36574074074074076 0.4722222222222222 0.36574074074074076 0.4652777777777778
0 0.9837962962962963 0.5601851851851852 0.9976851851851852 0.5671296296296297 0.9976851851851852 0.5972222222222222 0.9861111111111112 0.5972222222222222 0.9837962962962963 0.5949074074074074 0.9722222222222222 0.5925925925925926 0.9606481481481481 0.5763888888888888 0.9606481481481481 0.5717592592592593 0.9652777777777778 0.5671296296296297 0.9745370370370371 0.5601851851851852 0.9814814814814815 0.5601851851851852
0 0.8495370370370371 0.4050925925925926 0.006944444444444444 0.005787037037037037
0 0.8055555555555556 0.41435185185185186 0.8101851851851852 0.41435185185185186 0.8171296296296297 0.41898148148148145 0.8148148148148148 0.4236111111111111 0.8101851851851852 0.4236111111111111 0.8055555555555556 0.4166666666666667
0 0.7152777777777778 0.3819444444444444 0.010416666666666666 0.009259259259259259
0 0.5023148148148148 0.3541666666666667 0.5115740740740741 0.36574074074074076 0.5115740740740741 0.37037037037037035 0.5162037037037037 0.37962962962962965 0.5162037037037037 0.3912037037037037 0.5092592592592593 0.38425925925925924 0.5023148148148148 0.3819444444444444 0.5023148148148148 0.37962962962962965 0.49074074074074076 0.3680555555555556 0.49074074074074076 0.35648148148148145 0.49537037037037035 0.35185185185185186 0.5 0.3541666666666667
0 0.10648148148148148 0.1597222222222222 0.11342592592592593 0.16666666666666666 0.11342592592592593 0.1712962962962963 0.11574074074074074 0.1736111111111111 0.11574074074074074 0.1875 0.11342592592592593 0.18981481481481483 0.09490740740740741 0.18981481481481483 0.09259259259259259 0.1875 0.0787037037037037 0.1875 0.0763888888888889 0.18981481481481483 0.07175925925925926 0.18981481481481483 0.07175925925925926 0.16898148148148148 0.0787037037037037 0.1574074074074074 0.08333333333333333 0.1550925925925926 0.09490740740740741 0.1550925925925926 0.10416666666666667 0.1597222222222222
0 0.8055555555555556 0.39351851851851855 0.8055555555555556 0.3888888888888889 0.8078703703703703 0.38657407407407407 0.8194444444444444 0.38657407407407407 0.8217592592592593 0.3888888888888889 0.8217592592592593 0.39814814814814814 0.8171296296296297 0.39814814814814814 0.8078703703703703 0.39351851851851855
0 0.8981481481481481 0.40046296296296297 0.9212962962962963 0.41203703703703703 0.9212962962962963 0.4398148148148148 0.9166666666666666 0.44907407407407407 0.9050925925925926 0.44907407407407407 0.8935185185185185 0.4398148148148148 0.8865740740740741 0.4375 0.8842592592592593 0.43287037037037035 0.8912037037037037 0.4027777777777778 0.8958333333333334 0.40046296296296297
0 0.4699074074074074 0.2986111111111111 0.4791666666666667 0.3125 0.4791666666666667 0.32407407407407407 0.47453703703703703 0.32407407407407407 0.4699074074074074 0.3148148148148148 0.4699074074074074 0.30092592592592593
0 0.5706018518518519 0.33101851851851855 0.009259259259259259 0.011574074074074073