0 0.5324074074074074 0.41898148148148145 0.5462962962962963 0.42592592592592593 0.5462962962962963 0.47453703703703703 0.5439814814814815 0.47685185185185186 0.5439814814814815 0.49074074074074076 0.5416666666666666 0.4930555555555556 0.5416666666666666 0.5023148148148148 0.5300925925925926 0.5208333333333334 0.5231481481481481 0.5277777777777778 0.5162037037037037 0.5277777777777778 0.5138888888888888 0.5300925925925926 0.5046296296296297 0.5300925925925926 0.4976851851851852 0.5231481481481481 0.4976851851851852 0.5115740740740741 0.49537037037037035 0.5092592592592593 0.49537037037037035 0.46064814814814814 0.4976851851851852 0.4583333333333333 0.4976851851851852 0.4444444444444444 0.5092592592592593 0.42824074074074076 0.5162037037037037 0.42592592592592593 0.5231481481481481 0.41898148148148145 0.5300925925925926 0.41898148148148145
0 0.375 0.3055555555555556 0.3819444444444444 0.3101851851851852 0.3819444444444444 0.3287037037037037 0.38425925925925924 0.33101851851851855 0.38425925925925924 0.36342592592592593 0.3773148148148148 0.3819444444444444 0.3680555555555556 0.3888888888888889 0.3541666666666667 0.3888888888888889 0.35185185185185186 0.3912037037037037 0.32175925925925924 0.3912037037037037 0.3194444444444444 0.39351851851851855 0.30092592592592593 0.3958333333333333 0.29398148148148145 0.40046296296296297 0.28935185185185186 0.3912037037037037 0.28935185185185186 0.37037037037037035 0.2916666666666667 0.3680555555555556 0.2916666666666667 0.3611111111111111 0.2962962962962963 0.34953703703703703 0.2962962962962963 0.33564814814814814 0.2986111111111111 0.33101851851851855 0.31712962962962965 0.31712962962962965 0.32175925925925924 0.31712962962962965 0.33101851851851855 0.3125 0.33796296296296297 0.3125 0.3402777777777778 0.3101851851851852 0.3587962962962963 0.30787037037037035 0.3611111111111111 0.3055555555555556 0.3726851851851852 0.3055555555555556
0 0.8819444444444444 0.06481481481481481 0.8912037037037037 0.06018518518518518 0.8981481481481481 0.06018518518518518 0.9027777777777778 0.06481481481481481 0.9027777777777778 0.08101851851851852 0.9004629629629629 0.08564814814814815 0.8958333333333334 0.09027777777777778 0.8912037037037037 0.09027777777777778 0.8888888888888888 0.09259259259259259 0.8842592592592593 0.09259259259259259 0.8819444444444444 0.08796296296296297 0.8819444444444444 0.06712962962962964
0 0.8518518518518519 0.09259259259259259 0.8587962962962963 0.09953703703703703 0.8587962962962963 0.1087962962962963 0.8541666666666666 0.1111111111111111 0.8449074074074074 0.1111111111111111 0.8425925925925926 0.11342592592592593 0.8310185185185185 0.11342592592592593 0.8287037037037037 0.1111111111111111 0.8287037037037037 0.10416666666666667 0.8356481481481481 0.09490740740740741 0.8495370370370371 0.09490740740740741
0 0.8078703703703703 0.08333333333333333 0.8148148148148148 0.08333333333333333 0.8194444444444444 0.09259259259259259 0.8148148148148148 0.10185185185185185 0.8055555555555556 0.10416666666666667 0.8009259259259259 0.09259259259259259 0.8078703703703703 0.08564814814814815
0 0.9444444444444444 0.03935185185185185 0.9467592592592593 0.041666666666666664 0.9513888888888888 0.041666666666666664 0.9560185185185185 0.05092592592592592 0.9537037037037037 0.05324074074074074 0.9513888888888888 0.06481481481481481 0.9467592592592593 0.06712962962962964 0.9467592592592593 0.0625 0.9421296296296297 0.05787037037037037 0.9305555555555556 0.05787037037037037 0.9305555555555556 0.04861111111111111 0.9351851851851852 0.041666666666666664 0.9421296296296297 0.03935185185185185
0 0.9421296296296297 0.05787037037037037 0.9467592592592593 0.06481481481481481 0.9444444444444444 0.06944444444444445 0.9444444444444444 0.08796296296296297 0.9421296296296297 0.09027777777777778 0.9236111111111112 0.09027777777777778 0.9189814814814815 0.08796296296296297 0.9189814814814815 0.08333333333333333 0.9166666666666666 0.08101851851851852 0.9166666666666666 0.06712962962962964 0.9259259259259259 0.06018518518518518 0.9398148148148148 0.05787037037037037
0 0.9421296296296297 0.020833333333333332 0.9537037037037037 0.018518518518518517 0.9606481481481481 0.013888888888888888 0.9675925925925926 0.013888888888888888 0.9675925925925926 0.018518518518518517 0.9699074074074074 0.020833333333333332 0.9675925925925926 0.02546296296296296 0.9722222222222222 0.027777777777777776 0.9699074074074074 0.032407407407407406 0.9652777777777778 0.032407407407407406 0.9606481481481481 0.037037037037037035 0.9305555555555556 0.041666666666666664 0.9328703703703703 0.032407407407407406 0.9375 0.02546296296296296 0.9421296296296297 0.023148148148148147
0 0.9398148148148148 0.006944444444444444 0.9421296296296297 0.009259259259259259 0.9421296296296297 0.018518518518518517 0.9398148148148148 0.023148148148148147 0.9282407407407407 0.037037037037037035 0.9166666666666666 0.03935185185185185 0.9143518518518519 0.041666666666666664 0.9097222222222222 0.041666666666666664 0.9004629629629629 0.03009259259259259 0.9004629629629629 0.018518518518518517 0.9027777777777778 0.013888888888888888 0.9143518518518519 0.009259259259259259 0.9375 0.006944444444444444
0 0.9791666666666666 0 0.9884259259259259 0 0.9884259259259259 0.03009259259259259 0.9861111111111112 0.034722222222222224 0.9791666666666666 0.034722222222222224 0.9768518518518519 0.032407407407407406 0.9768518518518519 0.006944444444444444 0.9791666666666666 0.0023148148148148147
0 0.9560185185185185 0 0.9768518518518519 0 0.9722222222222222 0.011574074074074073 0.9583333333333334 0.009259259259259259 0.9583333333333334 0.004629629629629629 0.9560185185185185 0.0023148148148148147
0 0.9490740740740741 0.0023148148148148147 0.9537037037037037 0.004629629629629629 0.9537037037037037 0.013888888888888888 0.9513888888888888 0.016203703703703703 0.9467592592592593 0.016203703703703703 0.9444444444444444 0.011574074074074073 0.9444444444444444 0.006944444444444444 0.9467592592592593 0.004629629629629629
0 0.9189814814814815 0 0.9375 0 0.9375 0.0023148148148148147 0.9259259259259259 0.006944444444444444 0.9189814814814815 0.006944444444444444 0.9189814814814815 0.0023148148148148147
0 0.7615740740740741 0.07175925925925926 0.7662037037037037 0.07175925925925926 0.7731481481481481 0.08333333333333333 0.7708333333333334 0.09490740740740741 0.7592592592592593 0.09953703703703703 0.7546296296296297 0.09722222222222222 0.7523148148148148 0.08564814814814815 0.7615740740740741 0.07407407407407407
0 0.7824074074074074 0.09259259259259259 0.7870370370370371 0.09953703703703703 0.7870370370370371 0.10416666666666667 0.7824074074074074 0.1087962962962963 0.7754629629629629 0.1087962962962963 0.7754629629629629 0.09722222222222222 0.7800925925925926 0.09490740740740741
0 0.8495370370370371 0.06481481481481481 0.8518518518518519 0.07175925925925926 0.8472222222222222 0.08101851851851852 0.8402777777777778 0.0787037037037037 0.8402777777777778 0.07175925925925926 0.8425925925925926 0.06712962962962964 0.8472222222222222 0.06481481481481481
0 0.8657407407407407 0.07175925925925926 0.8773148148148148 0.06712962962962964 0.8796296296296297 0.08101851851851852 0.8842592592592593 0.09027777777777778 0.8842592592592593 0.09259259259259259 0.8703703703703703 0.09259259259259259 0.8680555555555556 0.09027777777777778 0.8657407407407407 0.07407407407407407
0 0.9675925925925926 0.07175925925925926 0.9675925925925926 0.08101851851851852 0.9583333333333334 0.08564814814814815 0.9490740740740741 0.08564814814814815 0.9467592592592593 0.07407407407407407 0.9513888888888888 0.06944444444444445 0.9629629629629629 0.06944444444444445 0.9652777777777778 0.07175925925925926
0 0.9652777777777778 0.03935185185185185 0.9768518518518519 0.037037037037037035 0.9884259259259259 0.046296296296296294 0.9745370370370371 0.06018518518518518 0.9722222222222222 0.06018518518518518 0.9699074074074074 0.05324074074074074 0.9652777777777778 0.04861111111111111 0.9652777777777778 0.041666666666666664
0 0.9490740740740741 0.03935185185185185 0.9629629629629629 0.037037037037037035 0.9652777777777778 0.03935185185185185 0.9629629629629629 0.041666666666666664 0.9629629629629629 0.05092592592592592 0.9560185185185185 0.05092592592592592 0.9513888888888888 0.041666666666666664
0 0.9629629629629629 0.05092592592592592 0.9675925925925926 0.05555555555555555 0.9675925925925926 0.0625 0.9722222222222222 0.07407407407407407 0.9675925925925926 0.07407407407407407 0.9606481481481481 0.06712962962962964 0.9537037037037037 0.06712962962962964 0.9560185185185185 0.05555555555555555 0.9606481481481481 0.05324074074074074
0 0.9953703703703703 0.05092592592592592 0.9976851851851852 0.05324074074074074 0.9976851851851852 0.0625 0.9861111111111112 0.06944444444444445 0.9745370370370371 0.06944444444444445 0.9722222222222222 0.06712962962962964 0.9722222222222222 0.0625 0.9884259259259259 0.04861111111111111 0.9930555555555556 0.05092592592592592
0 0.9907407407407407 0.06712962962962964 0.9861111111111112 0.0787037037037037 0.9768518518518519 0.0787037037037037 0.9745370370370371 0.07175925925925926 0.9814814814814815 0.06712962962962964 0.9884259259259259 0.06712962962962964
0 0.9976851851851852 0.06481481481481481 0.9976851851851852 0.0763888888888889 0.9907407407407407 0.0763888888888889 0.9953703703703703 0.06712962962962964
0 0.9930555555555556 0.006944444444444444 0.9976851851851852 0.006944444444444444 0.9976851851851852 0.023148148148148147 0.9953703703703703 0.02546296296296296 0.9953703703703703 0.03009259259259259 0.9907407407407407 0.03009259259259259 0.9907407407407407 0.013888888888888888 0.9930555555555556 0.009259259259259259
0 0.9004629629629629 0.032407407407407406 0.9050925925925926 0.037037037037037035 0.9050925925925926 0.04398148148148148 0.9120370370370371 0.05324074074074074 0.9074074074074074 0.0625 0.8981481481481481 0.05787037037037037 0.8865740740740741 0.05787037037037037 0.8842592592592593 0.05555555555555555 0.8935185185185185 0.034722222222222224 0.8981481481481481 0.032407407407407406
0 0.8888888888888888 0.009259259259259259 0.8935185185185185 0.013888888888888888 0.8935185185185185 0.023148148148148147 0.8912037037037037 0.027777777777777776 0.8888888888888888 0.03009259259259259 0.8819444444444444 0.03009259259259259 0.8773148148148148 0.034722222222222224 0.8726851851851852 0.034722222222222224 0.8703703703703703 0.032407407407407406 0.8703703703703703 0.027777777777777776 0.875 0.020833333333333332 0.8842592592592593 0.011574074074074073 0.8865740740740741 0.011574074074074073
0 0.8611111111111112 0.047453703703703706 0.013888888888888888 0.016203703703703703
0 0.8148148148148148 0.05092592592592592 0.8194444444444444 0.05324074074074074 0.8194444444444444 0.0625 0.8171296296296297 0.06712962962962964 0.8101851851851852 0.06712962962962964 0.8101851851851852 0.0625 0.8078703703703703 0.06018518518518518 0.8125 0.05324074074074074
0 0.7870370370370371 0.032407407407407406 0.7893518518518519 0.034722222222222224 0.7916666666666666 0.032407407407407406 0.7962962962962963 0.032407407407407406 0.7962962962962963 0.041666666666666664 0.7939814814814815 0.046296296296296294 0.7893518518518519 0.046296296296296294 0.7847222222222222 0.05092592592592592 0.7754629629629629 0.05092592592592592 0.7754629629629629 0.03935185185185185 0.7847222222222222 0.034722222222222224
0 0.2604166666666667 0.0787037037037037 0.02546296296296296 0.04861111111111111
0 0.27314814814814814 0.08796296296296297 0.2800925925925926 0.09490740740740741 0.2847222222222222 0.10648148148148148 0.27314814814814814 0.1087962962962963 0.2708333333333333 0.1111111111111111 0.25925925925925924 0.1111111111111111 0.2569444444444444 0.1087962962962963 0.2569444444444444 0.09953703703703703 0.26851851851851855 0.08796296296296297 0.2708333333333333 0.08796296296296297
0 0.21064814814814814 0.09259259259259259 0.2175925925925926 0.09953703703703703 0.2175925925925926 0.10416666666666667 0.2199074074074074 0.10648148148148148 0.2199074074074074 0.12037037037037036 0.20833333333333334 0.125 0.19675925925925927 0.125 0.19444444444444445 0.12731481481481483 0.18518518518518517 0.12731481481481483 0.18287037037037038 0.12962962962962962 0.17824074074074073 0.12962962962962962 0.17592592592592593 0.12731481481481483 0.1736111111111111 0.1087962962962963 0.17824074074074073 0.10416666666666667 0.1875 0.10185185185185185 0.2013888888888889 0.09259259259259259 0.20833333333333334 0.09259259259259259
0 0.23148148148148148 0.08101851851851852 0.24074074074074073 0.08333333333333333 0.23842592592592593 0.08796296296296297 0.24074074074074073 0.09259259259259259 0.2361111111111111 0.10185185185185185 0.2361111111111111 0.1087962962962963 0.23148148148148148 0.11574074074074074 0.22916666666666666 0.11574074074074074 0.2222222222222222 0.10185185185185185 0.2222222222222222 0.09259259259259259 0.22453703703703703 0.08796296296296297 0.23148148148148148 0.08333333333333333
0 0.24305555555555555 0.09259259259259259 0.24768518518518517 0.09259259259259259 0.24768518518518517 0.09722222222222222 0.25462962962962965 0.10416666666666667 0.25462962962962965 0.1111111111111111 0.25 0.11574074074074074 0.23842592592592593 0.11574074074074074 0.23842592592592593 0.10416666666666667 0.24305555555555555 0.09953703703703703 0.24305555555555555 0.09490740740740741
0 0.32407407407407407 0.06944444444444445 0.32407407407407407 0.0787037037037037 0.32175925925925924 0.08101851851851852 0.32175925925925924 0.09027777777777778 0.3194444444444444 0.09490740740740741 0.3125 0.09490740740740741 0.3055555555555556 0.10416666666666667 0.2962962962962963 0.10416666666666667 0.29398148148148145 0.10648148148148148 0.28935185185185186 0.10648148148148148 0.28703703703703703 0.10416666666666667 0.28703703703703703 0.09490740740740741 0.29398148148148145 0.08796296296296297 0.2986111111111111 0.0787037037037037 0.30787037037037035 0.07175925925925926 0.32175925925925924 0.06944444444444445
0 0.33101851851851855 0.05092592592592592 0.33796296296296297 0.05092592592592592 0.3472222222222222 0.06018518518518518 0.3541666666666667 0.06018518518518518 0.3587962962962963 0.06481481481481481 0.3587962962962963 0.07175925925925926 0.3611111111111111 0.07407407407407407 0.3611111111111111 0.09027777777777778 0.3541666666666667 0.09027777777777778 0.35185185185185186 0.08796296296296297 0.3472222222222222 0.09259259259259259 0.33564814814814814 0.09027777777777778 0.33564814814814814 0.08333333333333333 0.3287037037037037 0.0787037037037037 0.33101851851851855 0.05324074074074074
0 0.39351851851851855 0.03935185185185185 0.39814814814814814 0.046296296296296294 0.39814814814814814 0.05324074074074074 0.40046296296296297 0.05555555555555555 0.39814814814814814 0.07407407407407407 0.37962962962962965 0.08333333333333333 0.37037037037037035 0.08333333333333333 0.37037037037037035 0.06944444444444445 0.37962962962962965 0.05787037037037037 0.38657407407407407 0.041666666666666664 0.3912037037037037 0.03935185185185185
0 0.4236111111111111 0.10185185185185185 0.4236111111111111 0.07407407407407407 0.4305555555555556 0.06712962962962964 0.44675925925925924 0.06712962962962964 0.4513888888888889 0.07175925925925926 0.4513888888888889 0.0763888888888889 0.4537037037037037 0.0787037037037037 0.4537037037037037 0.09259259259259259 0.44907407407407407 0.09722222222222222 0.42592592592592593 0.10185185185185185
0 0.4791666666666667 0.09722222222222222 0.4791666666666667 0.1111111111111111 0.47453703703703703 0.11574074074074074 0.4699074074074074 0.11574074074074074 0.4675925925925926 0.11805555555555555 0.46296296296296297 0.11805555555555555 0.46296296296296297 0.1087962962962963 0.4675925925925926 0.10185185185185185 0.47685185185185186 0.09722222222222222
0 0.3287037037037037 0.10648148148148148 0.33564814814814814 0.10648148148148148 0.33564814814814814 0.11574074074074074 0.3287037037037037 0.11574074074074074 0.3287037037037037 0.1087962962962963
0 0.27546296296296297 0.12037037037037036 0.2777777777777778 0.12268518518518519 0.2777777777777778 0.12731481481481483 0.26851851851851855 0.13194444444444445 0.26851851851851855 0.12268518518518519 0.27314814814814814 0.12037037037037036
0 0.23032407407407407 0.13310185185185186 0.010416666666666666 0.005787037037037037
0 0.3055555555555556 0.2175925925925926 0.3101851851851852 0.22453703703703703 0.3101851851851852 0.22916666666666666 0.30787037037037035 0.23148148148148148 0.30092592592592593 0.23148148148148148 0.2986111111111111 0.22916666666666666 0.2986111111111111 0.2199074074074074 0.30324074074074076 0.2175925925925926
0 0.3715277777777778 0.11805555555555555 0.005787037037037037 0.005787037037037037
0 0.4351851851851852 0.032407407407407406 0.4398148148148148 0.032407407407407406 0.44675925925925924 0.03935185185185185 0.4537037037037037 0.05324074074074074 0.4537037037037037 0.05787037037037037 0.44907407407407407 0.06481481481481481 0.44675925925925924 0.0625 0.4398148148148148 0.0625 0.4375 0.05324074074074074 0.42824074074074076 0.04861111111111111 0.4351851851851852 0.034722222222222224
0 0.41087962962962965 0.06944444444444445 0.018518518518518517 0.018518518518518517
0 0.5740740740740741 0.032407407407407406 0.5787037037037037 0.037037037037037035 0.5879629629629629 0.037037037037037035 0.5902777777777778 0.041666666666666664 0.5902777777777778 0.05555555555555555 0.5879629629629629 0.06018518518518518 0.5787037037037037 0.06712962962962964 0.5601851851851852 0.06712962962962964 0.5578703703703703 0.06944444444444445 0.5532407407407407 0.06712962962962964 0.5532407407407407 0.05555555555555555 0.5555555555555556 0.05324074074074074 0.5578703703703703 0.034722222222222224 0.5625 0.03009259259259259 0.5694444444444444 0.03009259259259259 0.5717592592592593 0.032407407407407406
0 0.625 0.032407407407407406 0.6342592592592593 0.013888888888888888 0.6550925925925926 0.013888888888888888 0.6574074074074074 0.016203703703703703 0.6574074074074074 0.03935185185185185 0.6527777777777778 0.04398148148148148 0.6296296296296297 0.04861111111111111 0.6273148148148148 0.034722222222222224
0 0.5370370370370371 0.023148148148148147 0.5462962962962963 0.032407407407407406 0.5486111111111112 0.046296296296296294 0.5439814814814815 0.05092592592592592 0.5370370370370371 0.05092592592592592 0.5347222222222222 0.05324074074074074 0.5277777777777778 0.05324074074074074 0.5254629629629629 0.05092592592592592 0.5254629629629629 0.034722222222222224 0.5277777777777778 0.032407407407407406 0.5277777777777778 0.027777777777777776 0.5300925925925926 0.02546296296296296 0.5347222222222222 0.02546296296296296
0 0.5231481481481481 0.03009259259259259 0.5231481481481481 0.034722222222222224 0.5254629629629629 0.037037037037037035 0.5231481481481481 0.03935185185185185 0.5231481481481481 0.05324074074074074 0.5185185185185185 0.05324074074074074 0.5115740740740741 0.05787037037037037 0.5046296296296297 0.05555555555555555 0.5023148148148148 0.041666666666666664 0.5046296296296297 0.03935185185185185 0.5046296296296297 0.034722222222222224 0.5092592592592593 0.03009259259259259 0.5208333333333334 0.03009259259259259
0 0.5046296296296297 0.02546296296296296 0.5069444444444444 0.03009259259259259 0.5 0.04398148148148148 0.4930555555555556 0.04398148148148148 0.4930555555555556 0.027777777777777776 0.49537037037037035 0.02546296296296296 0.5023148148148148 0.02546296296296296
0 0.49074074074074076 0.037037037037037035 0.49074074074074076 0.06018518518518518 0.4861111111111111 0.06018518518518518 0.4791666666666667 0.06712962962962964 0.47453703703703703 0.06481481481481481 0.4699074074074074 0.05787037037037037 0.4699074074074074 0.04398148148148148 0.47685185185185186 0.037037037037037035 0.48148148148148145 0.037037037037037035 0.4837962962962963 0.034722222222222224 0.48842592592592593 0.037037037037037035
0 0.5925925925925926 0.020833333333333332 0.5949074074074074 0.023148148148148147 0.5949074074074074 0.03935185185185185 0.5902777777777778 0.03935185185185185 0.5856481481481481 0.034722222222222224 0.5763888888888888 0.032407407407407406 0.5717592592592593 0.027777777777777776 0.5717592592592593 0.02546296296296296 0.5787037037037037 0.020833333333333332 0.5833333333333334 0.020833333333333332 0.5856481481481481 0.018518518518518517 0.5902777777777778 0.020833333333333332