0 0.9131944444444444 0.2708333333333333 0.009259259259259259 0.018518518518518517
0 0.2916666666666667 0.46064814814814814 0.29398148148148145 0.44907407407407407 0.30787037037037035 0.4305555555555556 0.3148148148148148 0.4351851851851852 0.32407407407407407 0.4537037037037037 0.32407407407407407 0.46296296296296297 0.2986111111111111 0.46296296296296297 0.29398148148148145 0.46064814814814814
0 0.7731481481481481 0.2708333333333333 0.7754629629629629 0.27314814814814814 0.7731481481481481 0.27546296296296297 0.7638888888888888 0.27546296296296297 0.7430555555555556 0.2847222222222222 0.7337962962962963 0.2847222222222222 0.7337962962962963 0.2824074074074074 0.7476851851851852 0.2708333333333333 0.7546296296296297 0.2708333333333333 0.7569444444444444 0.26851851851851855 0.7685185185185185 0.26851851851851855 0.7708333333333334 0.2708333333333333
0 0.8888888888888888 0.24305555555555555 0.8912037037037037 0.24768518518518517 0.8865740740740741 0.2523148148148148 0.8819444444444444 0.2523148148148148 0.8796296296296297 0.25 0.8796296296296297 0.24768518518518517 0.8865740740740741 0.24305555555555555
0 0.0625 0.5625 0.06018518518518518 0.5578703703703703 0.06018518518518518 0.5486111111111112 0.0625 0.5462962962962963 0.06944444444444445 0.5462962962962963 0.07407407407407407 0.5509259259259259 0.07407407407407407 0.5578703703703703 0.06481481481481481 0.5625
0 0.5717592592592593 0.3680555555555556 0.5787037037037037 0.3773148148148148 0.5787037037037037 0.38657407407407407 0.5763888888888888 0.3912037037037037 0.5671296296296297 0.40046296296296297 0.5555555555555556 0.40046296296296297 0.5509259259259259 0.39351851851851855 0.5509259259259259 0.38425925925925924 0.5532407407407407 0.37962962962962965 0.5625 0.3726851851851852 0.5694444444444444 0.37037037037037035
0 0 0.18518518518518517 0.023148148148148147 0.18287037037037038 0.03009259259259259 0.17824074074074073 0.04398148148148148 0.17592592592592593 0.05092592592592592 0.18981481481481483 0.05092592592592592 0.25 0.04861111111111111 0.2523148148148148 0.041666666666666664 0.2523148148148148 0.013888888888888888 0.26851851851851855 0 0.26851851851851855 0 0.1875
0 0.9976851851851852 0.1597222222222222 0.9976851851851852 0.18981481481481483 0.9884259259259259 0.1875 0.9837962962962963 0.18287037037037038 0.9837962962962963 0.1736111111111111 0.9861111111111112 0.16898148148148148 0.9953703703703703 0.16203703703703703
0 0.09953703703703703 0.40046296296296297 0.11342592592592593 0.41435185185185186 0.12037037037037036 0.4305555555555556 0.12268518518518519 0.4444444444444444 0.12962962962962962 0.45601851851851855 0.12962962962962962 0.46064814814814814 0.13425925925925927 0.4699074074074074 0.12962962962962962 0.47453703703703703 0.12037037037037036 0.47453703703703703 0.09953703703703703 0.4652777777777778 0.09722222222222222 0.46064814814814814 0.09722222222222222 0.4027777777777778
0 0.8101851851851852 0.2037037037037037 0.8402777777777778 0.2037037037037037 0.8425925925925926 0.20601851851851852 0.8425925925925926 0.21296296296296297 0.8472222222222222 0.22453703703703703 0.8472222222222222 0.24074074074074073 0.8425925925925926 0.24537037037037038 0.8171296296296297 0.24537037037037038 0.8148148148148148 0.24305555555555555 0.8101851851851852 0.24305555555555555 0.8078703703703703 0.24074074074074073 0.8078703703703703 0.21064814814814814 0.8101851851851852 0.20601851851851852
0 0.9513888888888888 0.15046296296296297 0.9606481481481481 0.16203703703703703 0.9606481481481481 0.1712962962962963 0.9560185185185185 0.18287037037037038 0.9421296296296297 0.18981481481481483 0.9305555555555556 0.18981481481481483 0.9305555555555556 0.1712962962962963 0.9259259259259259 0.16203703703703703 0.9328703703703703 0.1597222222222222 0.9398148148148148 0.1527777777777778 0.9490740740740741 0.15046296296296297
0 0.14814814814814814 0.2824074074074074 0.15046296296296297 0.2847222222222222 0.14814814814814814 0.29398148148148145 0.13657407407407407 0.30787037037037035 0.13194444444444445 0.31712962962962965 0.12037037037037036 0.3287037037037037 0.11342592592592593 0.3402777777777778 0.09953703703703703 0.34953703703703703 0.08796296296296297 0.3611111111111111 0.08333333333333333 0.3587962962962963 0.08564814814814815 0.3333333333333333 0.0787037037037037 0.32407407407407407 0.0787037037037037 0.3194444444444444 0.0763888888888889 0.31712962962962965 0.0763888888888889 0.29398148148148145 0.08101851851851852 0.2916666666666667 0.09722222222222222 0.2916666666666667 0.09953703703703703 0.28935185185185186 0.1111111111111111 0.28935185185185186 0.11342592592592593 0.28703703703703703 0.14583333333333334 0.2824074074074074
0 0 0.47453703703703703 0.0023148148148148147 0.47453703703703703 0.009259259259259259 0.4837962962962963 0.011574074074074073 0.5 0.013888888888888888 0.5023148148148148 0.011574074074074073 0.5046296296296297 0.011574074074074073 0.5115740740740741 0.006944444444444444 0.5115740740740741 0 0.5046296296296297 0 0.47685185185185186
0 0.9606481481481481 0.23842592592592593 0.9629629629629629 0.25462962962962965 0.9583333333333334 0.2569444444444444 0.9467592592592593 0.2569444444444444 0.9421296296296297 0.2523148148148148 0.9490740740740741 0.24305555555555555 0.9583333333333334 0.23842592592592593
0 0.9212962962962963 0.1550925925925926 0.9282407407407407 0.16203703703703703 0.9282407407407407 0.16666666666666666 0.9305555555555556 0.16898148148148148 0.9305555555555556 0.18981481481481483 0.9259259259259259 0.19212962962962962 0.8726851851851852 0.19212962962962962 0.8703703703703703 0.18981481481481483 0.8703703703703703 0.1736111111111111 0.875 0.16666666666666666 0.8796296296296297 0.16435185185185186 0.8935185185185185 0.16435185185185186 0.9189814814814815 0.1550925925925926
0 0.9803240740740741 0.22453703703703703 0.03819444444444445 0.056712962962962965
0 0.625 0.30324074074074076 0.6319444444444444 0.3101851851851852 0.6365740740740741 0.3194444444444444 0.6365740740740741 0.32407407407407407 0.625 0.33796296296296297 0.6180555555555556 0.33796296296296297 0.6157407407407407 0.3402777777777778 0.6087962962962963 0.3402777777777778 0.6018518518518519 0.33564814814814814 0.5995370370370371 0.33101851851851855 0.5995370370370371 0.3194444444444444 0.6018518518518519 0.3148148148148148 0.6157407407407407 0.30324074074074076 0.6226851851851852 0.30324074074074076
0 0.9976851851851852 0.13425925925925927 0.9976851851851852 0.1597222222222222 0.9907407407407407 0.16435185185185186 0.9837962962962963 0.1736111111111111 0.9814814814814815 0.18287037037037038 0.9768518518518519 0.18518518518518517 0.9606481481481481 0.18518518518518517 0.9606481481481481 0.16435185185185186 0.9629629629629629 0.16203703703703703 0.9629629629629629 0.1574074074074074 0.9652777777777778 0.1574074074074074 0.9837962962962963 0.13657407407407407 0.9953703703703703 0.13425925925925927
0 0.37962962962962965 0.7083333333333334 0.38425925925925924 0.7129629629629629 0.3819444444444444 0.7361111111111112 0.37962962962962965 0.7384259259259259 0.3773148148148148 0.7523148148148148 0.3726851851851852 0.7615740740740741 0.36574074074074076 0.7685185185185185 0.3587962962962963 0.7685185185185185 0.3449074074074074 0.7546296296296297 0.3425925925925926 0.7245370370370371 0.3587962962962963 0.7152777777777778 0.36342592592592593 0.7152777777777778 0.3773148148148148 0.7083333333333334
0 0.6967592592592593 0.2349537037037037 0.006944444444444444 0.015046296296296295