0 0.6354166666666666 0.3414351851851852 0.01273148148148148 0.017361111111111112
0 0.4537037037037037 0.42592592592592593 0.4537037037037037 0.4583333333333333 0.43287037037037035 0.47685185185185186 0.41898148148148145 0.4652777777777778 0.41435185185185186 0.45601851851851855 0.41898148148148145 0.43287037037037035 0.4212962962962963 0.42824074074074076 0.42592592592592593 0.42592592592592593 0.4513888888888889 0.42592592592592593
0 0.6898148148148148 0.0787037037037037 0.6944444444444444 0.08101851851851852 0.6944444444444444 0.09259259259259259 0.6828703703703703 0.11342592592592593 0.6805555555555556 0.12268518518518519 0.6782407407407407 0.125 0.6666666666666666 0.12268518518518519 0.6597222222222222 0.10416666666666667 0.6666666666666666 0.09490740740740741 0.6875 0.08101851851851852
0 0.19212962962962962 0.3333333333333333 0.19907407407407407 0.33796296296296297 0.2152777777777778 0.3425925925925926 0.2152777777777778 0.3888888888888889 0.21064814814814814 0.3958333333333333 0.19907407407407407 0.4050925925925926 0.17592592592592593 0.4050925925925926 0.1597222222222222 0.39814814814814814 0.15046296296296297 0.3888888888888889 0.14351851851851852 0.3726851851851852 0.14351851851851852 0.3611111111111111 0.14583333333333334 0.3587962962962963 0.1574074074074074 0.35648148148148145 0.16203703703703703 0.35185185185185186 0.16898148148148148 0.34953703703703703 0.17824074074074073 0.33564814814814814 0.18981481481481483 0.3333333333333333
0 0.3055555555555556 0.06018518518518518 0.3125 0.06944444444444445 0.3101851851851852 0.11342592592592593 0.3055555555555556 0.12037037037037036 0.2916666666666667 0.12731481481481483 0.2800925925925926 0.12731481481481483 0.2777777777777778 0.10185185185185185 0.27546296296296297 0.09953703703703703 0.27546296296296297 0.06944444444444445 0.2824074074074074 0.0625 0.28703703703703703 0.0625 0.29398148148148145 0.05787037037037037 0.30092592592592593 0.05787037037037037 0.30324074074074076 0.06018518518518518
0 0.5231481481481481 0.06018518518518518 0.5231481481481481 0.05092592592592592 0.5254629629629629 0.04861111111111111 0.5324074074074074 0.04861111111111111 0.5347222222222222 0.05092592592592592 0.5347222222222222 0.06018518518518518 0.5324074074074074 0.0625 0.5277777777777778 0.0625 0.5254629629629629 0.06018518518518518
0 0.41898148148148145 0.2222222222222222 0.4236111111111111 0.22685185185185186 0.4236111111111111 0.2361111111111111 0.4212962962962963 0.24074074074074073 0.4166666666666667 0.24305555555555555 0.4074074074074074 0.24305555555555555 0.40046296296296297 0.2337962962962963 0.40046296296296297 0.22685185185185186 0.4050925925925926 0.2222222222222222 0.4097222222222222 0.2222222222222222 0.41203703703703703 0.2199074074074074 0.4166666666666667 0.2222222222222222
0 0.3958333333333333 0.13657407407407407 0.40046296296296297 0.1412037037037037 0.40046296296296297 0.14583333333333334 0.3912037037037037 0.1527777777777778 0.38657407407407407 0.14351851851851852 0.3888888888888889 0.1388888888888889 0.39351851851851855 0.13657407407407407
0 0.14583333333333334 0.6574074074074074 0.1550925925925926 0.6689814814814815 0.1550925925925926 0.6805555555555556 0.1527777777777778 0.6851851851851852 0.14814814814814814 0.6875 0.12037037037037036 0.6851851851851852 0.12037037037037036 0.6759259259259259 0.12962962962962962 0.6620370370370371 0.1388888888888889 0.6550925925925926 0.14351851851851852 0.6574074074074074
0 0.7314814814814815 0 0.7384259259259259 0.006944444444444444 0.7453703703703703 0.023148148148148147 0.7453703703703703 0.02546296296296296 0.7384259259259259 0.03009259259259259 0.7337962962962963 0.027777777777777776 0.7175925925925926 0.027777777777777776 0.7175925925925926 0.016203703703703703 0.7245370370370371 0.0023148148148148147 0.7291666666666666 0
0 0.2824074074074074 0.032407407407407406 0.2962962962962963 0.04398148148148148 0.2986111111111111 0.05324074074074074 0.2824074074074074 0.0625 0.27314814814814814 0.0625 0.2708333333333333 0.06018518518518518 0.2708333333333333 0.046296296296296294 0.27314814814814814 0.04398148148148148 0.27314814814814814 0.03935185185185185 0.2800925925925926 0.034722222222222224
0 0.7523148148148148 0.6319444444444444 0.7569444444444444 0.6319444444444444 0.7662037037037037 0.6412037037037037 0.7685185185185185 0.6527777777777778 0.7731481481481481 0.6620370370370371 0.7685185185185185 0.6689814814814815 0.7638888888888888 0.6689814814814815 0.7453703703703703 0.6527777777777778 0.7476851851851852 0.6412037037037037 0.7523148148148148 0.6342592592592593
0 0.33796296296296297 0.24768518518518517 0.3402777777777778 0.25 0.33796296296296297 0.2638888888888889 0.33101851851851855 0.26851851851851855 0.32407407407407407 0.26851851851851855 0.3125 0.2638888888888889 0.3101851851851852 0.26157407407407407 0.3101851851851852 0.2523148148148148 0.3125 0.25 0.33564814814814814 0.24768518518518517
0 0.8171296296296297 0.18518518518518517 0.8194444444444444 0.1875 0.8194444444444444 0.2013888888888889 0.8171296296296297 0.2037037037037037 0.8171296296296297 0.2152777777777778 0.8125 0.22453703703703703 0.8009259259259259 0.2337962962962963 0.7916666666666666 0.2337962962962963 0.7847222222222222 0.22916666666666666 0.7824074074074074 0.2175925925925926 0.7962962962962963 0.19444444444444445 0.8148148148148148 0.1875
0 0.4351851851851852 0.19444444444444445 0.4398148148148148 0.19212962962962962 0.4513888888888889 0.19212962962962962 0.4537037037037037 0.19444444444444445 0.4537037037037037 0.2037037037037037 0.4513888888888889 0.20601851851851852 0.4375 0.20601851851851852 0.4351851851851852 0.2037037037037037 0.4351851851851852 0.19675925925925927
0 0.5925925925925926 0.18518518518518517 0.5972222222222222 0.18518518518518517 0.5972222222222222 0.19444444444444445 0.5949074074074074 0.19675925925925927 0.5902777777777778 0.19444444444444445 0.5902777777777778 0.18981481481481483 0.5925925925925926 0.1875