0 0.67109375 0.2037037037037037 0.6783854166666666 0.20324074074074072 0.6802083333333334 0.2 0.6825520833333334 0.18287037037037038 0.68203125 0.17407407407407408 0.67734375 0.17175925925925928 0.6692708333333334 0.1712962962962963 0.6598958333333333 0.17407407407407408 0.6591145833333334 0.17546296296296296 0.6591145833333334 0.19583333333333333 0.6609375 0.19907407407407407 0.67109375 0.2037037037037037
0 0.60234375 0.08564814814814815 0.6052083333333333 0.08148148148148149 0.6059895833333334 0.07453703703703704 0.6044270833333334 0.06342592592592593 0.6057291666666667 0.05694444444444445 0.6026041666666666 0.055092592592592596 0.5916666666666667 0.05462962962962963 0.5880208333333333 0.05648148148148148 0.5869791666666666 0.06111111111111111 0.5872395833333334 0.07037037037037036 0.5901041666666667 0.08472222222222223 0.5994791666666667 0.08657407407407407 0.60234375 0.08564814814814815
0 0.5778645833333333 0.06018518518518518 0.5783854166666667 0.04814814814814815 0.5755208333333334 0.04305555555555556 0.5713541666666666 0.04351851851851852 0.5640625 0.04768518518518519 0.5591145833333333 0.05416666666666666 0.5591145833333333 0.060648148148148145 0.5606770833333333 0.06342592592592593 0.571875 0.0638888888888889 0.5778645833333333 0.06018518518518518
0 0.2583333333333333 0.5259259259259259 0.26015625000000003 0.5185185185185185 0.2583333333333333 0.512962962962963 0.25494791666666666 0.5115740740740741 0.24791666666666665 0.5180555555555556 0.24505208333333334 0.5236111111111111 0.24427083333333335 0.5296296296296297 0.24583333333333335 0.5328703703703703 0.25156249999999997 0.5337962962962963 0.2583333333333333 0.5259259259259259
0 0.2598958333333333 0.10833333333333332 0.25859375 0.10648148148148148 0.2552083333333333 0.10694444444444445 0.25416666666666665 0.10925925925925926 0.25390625 0.1125 0.2552083333333333 0.1138888888888889 0.2604166666666667 0.1125 0.2598958333333333 0.10833333333333332
0 0.3692708333333333 0.04351851851851852 0.36875 0.03935185185185185 0.36614583333333334 0.038425925925925926 0.3640625 0.040740740740740744 0.3630208333333333 0.04351851851851852 0.3645833333333333 0.04675925925925926 0.3671875 0.04675925925925926 0.3692708333333333 0.04351851851851852
0 0.3807291666666667 0.04305555555555556 0.3765625 0.04212962962962963 0.3744791666666667 0.044444444444444446 0.37395833333333334 0.04814814814814815 0.37734375 0.05 0.38046875 0.04675925925925926 0.3807291666666667 0.04305555555555556
0 0.3765625 0.04259259259259259 0.3747395833333333 0.0449074074074074 0.37421875 0.04675925925925926 0.3765625 0.049074074074074076 0.37994791666666666 0.04305555555555556 0.3765625 0.04259259259259259
0 0.3841145833333333 0.031018518518518518 0.3809895833333333 0.03194444444444445 0.3809895833333333 0.03657407407407408 0.3825520833333333 0.038425925925925926 0.38671875 0.03611111111111111 0.3841145833333333 0.031018518518518518
0 0.828125 0.022222222222222223 0.8276041666666666 0.01574074074074074 0.8200520833333333 0.015277777777777777 0.8200520833333333 0.018518518518518517 0.82109375 0.019907407407407405 0.8239583333333333 0.022222222222222223 0.828125 0.022222222222222223
0 0.5810185185185185 0.9722222222222222 0.5856481481481481 0.9791666666666666 0.5902777777777778 0.9976851851851852 0.5671296296296297 0.9976851851851852 0.5717592592592593 0.9861111111111112 0.5717592592592593 0.9791666666666666 0.5740740740740741 0.9745370370370371 0.5787037037037037 0.9722222222222222
0 0.6134259259259259 0.8773148148148148 0.6203703703703703 0.8773148148148148 0.6319444444444444 0.8819444444444444 0.6388888888888888 0.8912037037037037 0.6342592592592593 0.9027777777777778 0.6342592592592593 0.9097222222222222 0.6319444444444444 0.9120370370370371 0.6319444444444444 0.9212962962962963 0.6157407407407407 0.9166666666666666 0.6111111111111112 0.9074074074074074 0.6111111111111112 0.8842592592592593 0.6134259259259259 0.8796296296296297
0 0.6481481481481481 0.8587962962962963 0.6527777777777778 0.8587962962962963 0.6550925925925926 0.8611111111111112 0.6597222222222222 0.8726851851851852 0.6597222222222222 0.8842592592592593 0.6620370370370371 0.8865740740740741 0.6597222222222222 0.8888888888888888 0.6597222222222222 0.8958333333333334 0.6481481481481481 0.8981481481481481 0.6435185185185185 0.8935185185185185 0.6412037037037037 0.875 0.6481481481481481 0.8611111111111112
0 0.6388888888888888 0.9305555555555556 0.6481481481481481 0.9328703703703703 0.6504629629629629 0.9467592592592593 0.6527777777777778 0.9490740740740741 0.6527777777777778 0.9930555555555556 0.6504629629629629 0.9976851851851852 0.6226851851851852 0.9976851851851852 0.625 0.9953703703703703 0.625 0.9861111111111112 0.6273148148148148 0.9837962962962963 0.6296296296296297 0.9675925925925926 0.6388888888888888 0.9490740740740741 0.6388888888888888 0.9328703703703703
0 0.49537037037037035 0.9120370370370371 0.5115740740740741 0.9282407407407407 0.5138888888888888 0.9398148148148148 0.5231481481481481 0.9606481481481481 0.5231481481481481 0.9791666666666666 0.5185185185185185 0.9837962962962963 0.5115740740740741 0.9976851851851852 0.4583333333333333 0.9976851851851852 0.4537037037037037 0.9907407407407407 0.4537037037037037 0.9791666666666666 0.44675925925925924 0.9652777777777778 0.44907407407407407 0.9606481481481481 0.44907407407407407 0.9490740740740741 0.4537037037037037 0.9398148148148148 0.4837962962962963 0.9166666666666666 0.48842592592592593 0.9097222222222222 0.4930555555555556 0.9120370370370371
0 0.5370370370370371 0.9629629629629629 0.5486111111111112 0.9652777777777778 0.5486111111111112 0.9675925925925926 0.5578703703703703 0.9768518518518519 0.5578703703703703 0.9861111111111112 0.5601851851851852 0.9884259259259259 0.5601851851851852 0.9976851851851852 0.5370370370370371 0.9976851851851852 0.5370370370370371 0.9861111111111112 0.5347222222222222 0.9837962962962963 0.5347222222222222 0.9699074074074074 0.5370370370370371 0.9652777777777778
0 0.5439814814814815 0.9537037037037037 0.5555555555555556 0.9583333333333334 0.5601851851851852 0.9629629629629629 0.5740740740740741 0.9652777777777778 0.5740740740740741 0.9675925925925926 0.5787037037037037 0.9699074074074074 0.5763888888888888 0.9699074074074074 0.5717592592592593 0.9768518518518519 0.5717592592592593 0.9907407407407407 0.5671296296296297 0.9953703703703703 0.5625 0.9930555555555556 0.5601851851851852 0.9768518518518519 0.5439814814814815 0.9606481481481481 0.5416666666666666 0.9606481481481481 0.5416666666666666 0.9560185185185185
0 0.5605286458333333 0.9546319444444444 0.5603046875 0.9546319444444444 0.5603046875 0.9571643518518519 0.5605286458333333 0.9571643518518519 0.5605286458333333 0.9546319444444444
0 0.5601851851851852 0.9560185185185185 0.020833333333333332 0.020833333333333332
0 0.5925925925925926 0.9143518518518519 0.5949074074074074 0.9189814814814815 0.5949074074074074 0.9282407407407407 0.5810185185185185 0.9421296296296297 0.5763888888888888 0.9583333333333334 0.5740740740740741 0.9606481481481481 0.5671296296296297 0.9537037037037037 0.5648148148148148 0.9444444444444444 0.5671296296296297 0.9398148148148148 0.5740740740740741 0.9375 0.5879629629629629 0.9236111111111112 0.5902777777777778 0.9166666666666666
0 0.6226851851851852 0.9189814814814815 0.6273148148148148 0.9212962962962963 0.6342592592592593 0.9305555555555556 0.6342592592592593 0.9351851851851852 0.6319444444444444 0.9375 0.6319444444444444 0.9467592592592593 0.6342592592592593 0.9513888888888888 0.6319444444444444 0.9537037037037037 0.6296296296296297 0.9652777777777778 0.6226851851851852 0.9768518518518519 0.6203703703703703 0.9976851851851852 0.6064814814814815 0.9976851851851852 0.6041666666666666 0.9953703703703703 0.5925925925925926 0.9976851851851852 0.5879629629629629 0.9814814814814815 0.5787037037037037 0.9629629629629629 0.5787037037037037 0.9513888888888888 0.5833333333333334 0.9421296296296297 0.5972222222222222 0.9282407407407407 0.5972222222222222 0.9259259259259259 0.6018518518518519 0.9212962962962963 0.6064814814814815 0.9212962962962963 0.6087962962962963 0.9189814814814815 0.6203703703703703 0.9189814814814815
0 0.6851851851851852 0.9212962962962963 0.7083333333333334 0.9490740740740741 0.7106481481481481 0.9560185185185185 0.7199074074074074 0.9675925925925926 0.7222222222222222 0.9768518518518519 0.7268518518518519 0.9814814814814815 0.7268518518518519 0.9907407407407407 0.7222222222222222 0.9976851851851852 0.6736111111111112 0.9976851851851852 0.6666666666666666 0.9791666666666666 0.6689814814814815 0.9745370370370371 0.6666666666666666 0.9699074074074074 0.6666666666666666 0.9375 0.6712962962962963 0.9259259259259259 0.6782407407407407 0.9189814814814815 0.6828703703703703 0.9212962962962963
0 0.6851851851851852 0.8888888888888888 0.7083333333333334 0.9143518518518519 0.7152777777777778 0.9282407407407407 0.7222222222222222 0.9513888888888888 0.7199074074074074 0.9537037037037037 0.7199074074074074 0.9583333333333334 0.7152777777777778 0.9583333333333334 0.7083333333333334 0.9513888888888888 0.7037037037037037 0.9421296296296297 0.6875 0.9259259259259259 0.6875 0.9236111111111112 0.6851851851851852 0.9212962962962963 0.6782407407407407 0.9212962962962963 0.6689814814814815 0.9282407407407407 0.6689814814814815 0.9351851851851852 0.6666666666666666 0.9375 0.6666666666666666 0.9629629629629629 0.6620370370370371 0.9629629629629629 0.6597222222222222 0.9560185185185185 0.6550925925925926 0.9537037037037037 0.6550925925925926 0.9490740740740741 0.6527777777777778 0.9467592592592593 0.6527777777777778 0.9351851851851852 0.6504629629629629 0.9328703703703703 0.6504629629629629 0.9189814814814815 0.6597222222222222 0.9050925925925926 0.6689814814814815 0.9027777777777778 0.6759259259259259 0.8935185185185185 0.6828703703703703 0.8888888888888888
0 0.7199074074074074 0.9398148148148148 0.7199074074074074 0.9351851851851852 0.7129629629629629 0.9189814814814815 0.6990740740740741 0.9027777777777778 0.6990740740740741 0.8958333333333334 0.7060185185185185 0.8819444444444444 0.7129629629629629 0.8773148148148148 0.7199074074074074 0.8819444444444444 0.7291666666666666 0.9004629629629629 0.7291666666666666 0.9097222222222222 0.7222222222222222 0.9143518518518519 0.7222222222222222 0.9305555555555556 0.7245370370370371 0.9328703703703703 0.7245370370370371 0.9375 0.7222222222222222 0.9398148148148148
0 0.7314814814814815 0.9120370370370371 0.7314814814814815 0.9143518518518519 0.75 0.9351851851851852 0.75 0.9490740740740741 0.7430555555555556 0.9606481481481481 0.7430555555555556 0.9652777777777778 0.7384259259259259 0.9652777777777778 0.7268518518518519 0.9537037037037037 0.7268518518518519 0.9421296296296297 0.7245370370370371 0.9398148148148148 0.7222222222222222 0.9166666666666666 0.7291666666666666 0.9120370370370371
0 0.7361111111111112 0.9629629629629629 0.7407407407407407 0.9699074074074074 0.7407407407407407 0.9814814814814815 0.7361111111111112 0.9884259259259259 0.7337962962962963 0.9884259259259259 0.7268518518518519 0.9791666666666666 0.7268518518518519 0.9745370370370371 0.7222222222222222 0.9675925925925926 0.7222222222222222 0.9583333333333334 0.7245370370370371 0.9560185185185185 0.7337962962962963 0.9629629629629629
0 0.7569444444444444 0.9733796296296297 0.03935185185185185 0.052083333333333336
0 0.5 0.8402777777777778 0.5046296296296297 0.8425925925925926 0.5046296296296297 0.8495370370370371 0.5023148148148148 0.8518518518518519 0.5 0.8518518518518519 0.5 0.8425925925925926
0 0.7002314814814815 0.8541666666666666 0.018518518518518517 0.02199074074074074
0 0.6828703703703703 0.7916666666666666 0.6967592592592593 0.7847222222222222 0.6990740740740741 0.7962962962962963 0.7013888888888888 0.7986111111111112 0.7013888888888888 0.8055555555555556 0.6990740740740741 0.8078703703703703 0.6875 0.8032407407407407 0.6828703703703703 0.7939814814814815
0 0.7337962962962963 0.8657407407407407 0.028935185185185185 0.046296296296296294
0 0.7939814814814815 0.8333333333333334 0.8032407407407407 0.8425925925925926 0.8055555555555556 0.8541666666666666 0.8032407407407407 0.8587962962962963 0.8009259259259259 0.8587962962962963 0.7847222222222222 0.875 0.7824074074074074 0.8819444444444444 0.7754629629629629 0.8888888888888888 0.7685185185185185 0.8865740740740741 0.7638888888888888 0.8796296296296297 0.7569444444444444 0.8564814814814815 0.7615740740740741 0.8472222222222222 0.7754629629629629 0.8333333333333334 0.7916666666666666 0.8333333333333334
0 0.7800925925925926 0.7824074074074074 0.7939814814814815 0.7916666666666666 0.7939814814814815 0.7986111111111112 0.7986111111111112 0.8101851851851852 0.7986111111111112 0.8217592592592593 0.7939814814814815 0.8310185185185185 0.7754629629629629 0.8310185185185185 0.7708333333333334 0.8333333333333334 0.7615740740740741 0.8425925925925926 0.7569444444444444 0.8518518518518519 0.7546296296296297 0.8518518518518519 0.7546296296296297 0.8472222222222222 0.75 0.8402777777777778 0.7476851851851852 0.8287037037037037 0.7407407407407407 0.8148148148148148 0.7407407407407407 0.7893518518518519 0.7430555555555556 0.7847222222222222 0.75 0.7800925925925926 0.7754629629629629 0.7800925925925926 0.7777777777777778 0.7824074074074074
0 0.7523148148148148 0.8935185185185185 0.7754629629629629 0.9143518518518519 0.7754629629629629 0.9212962962962963 0.7777777777777778 0.9236111111111112 0.7754629629629629 0.9398148148148148 0.7731481481481481 0.9328703703703703 0.7638888888888888 0.9212962962962963 0.7592592592592593 0.9212962962962963 0.7523148148148148 0.9305555555555556 0.75 0.9282407407407407 0.75 0.9074074074074074 0.7476851851851852 0.9050925925925926 0.75 0.8958333333333334
0 0.7476851851851852 0.9004629629629629 0.7476851851851852 0.9050925925925926 0.75 0.9074074074074074 0.75 0.9259259259259259 0.7453703703703703 0.9282407407407407 0.7314814814814815 0.9120370370370371 0.7361111111111112 0.9050925925925926 0.7453703703703703 0.9027777777777778
0 0.7453703703703703 0.8842592592592593 0.75 0.8888888888888888 0.75 0.8935185185185185 0.7430555555555556 0.9027777777777778 0.7384259259259259 0.9027777777777778 0.7337962962962963 0.9074074074074074 0.7314814814814815 0.9074074074074074 0.7314814814814815 0.8935185185185185 0.7407407407407407 0.8842592592592593 0.7430555555555556 0.8842592592592593
0 0.7546296296296297 0.8611111111111112 0.7638888888888888 0.8819444444444444 0.7685185185185185 0.8865740740740741 0.7685185185185185 0.8958333333333334 0.7662037037037037 0.9004629629629629 0.7638888888888888 0.9004629629629629 0.7523148148148148 0.8888888888888888 0.75 0.8888888888888888 0.7476851851851852 0.8842592592592593 0.7453703703703703 0.8842592592592593 0.7453703703703703 0.8726851851851852 0.7476851851851852 0.8680555555555556 0.7546296296296297 0.8634259259259259
0 0.7407407407407407 0.8217592592592593 0.7453703703703703 0.8263888888888888 0.7476851851851852 0.8402777777777778 0.7546296296296297 0.8495370370370371 0.7523148148148148 0.8587962962962963 0.7476851851851852 0.8564814814814815 0.7476851851851852 0.8495370370370371 0.7407407407407407 0.8425925925925926 0.7407407407407407 0.8240740740740741
0 0.7569444444444444 0.7685185185185185 0.7615740740740741 0.7731481481481481 0.7615740740740741 0.7777777777777778 0.7523148148148148 0.7777777777777778 0.75 0.7800925925925926 0.7476851851851852 0.7800925925925926 0.7476851851851852 0.7754629629629629 0.75 0.7708333333333334 0.7546296296296297 0.7685185185185185
0 0.8078703703703703 0.9189814814814815 0.8101851851851852 0.9212962962962963 0.8148148148148148 0.9189814814814815 0.8263888888888888 0.9305555555555556 0.8263888888888888 0.9328703703703703 0.8356481481481481 0.9398148148148148 0.8402777777777778 0.9375 0.8518518518518519 0.9375 0.8564814814814815 0.9421296296296297 0.8564814814814815 0.9513888888888888 0.8472222222222222 0.9606481481481481 0.8356481481481481 0.9861111111111112 0.8240740740740741 0.9907407407407407 0.8125 0.9907407407407407 0.8078703703703703 0.9930555555555556 0.7986111111111112 0.9837962962962963 0.7962962962962963 0.9837962962962963 0.7939814814814815 0.9861111111111112 0.7939814814814815 0.9930555555555556 0.7893518518518519 0.9976851851851852 0.7638888888888888 0.9976851851851852 0.7662037037037037 0.9814814814814815 0.7754629629629629 0.9699074074074074 0.7777777777777778 0.9583333333333334 0.7824074074074074 0.9490740740740741 0.7986111111111112 0.9259259259259259 0.8055555555555556 0.9212962962962963
0 0.7962962962962963 0.9837962962962963 0.8009259259259259 0.9861111111111112 0.8101851851851852 0.9976851851851852 0.7916666666666666 0.9976851851851852 0.7939814814814815 0.9861111111111112
0 0.8148148148148148 0.8587962962962963 0.8217592592592593 0.8634259259259259 0.8310185185185185 0.8888888888888888 0.8287037037037037 0.9027777777777778 0.8217592592592593 0.9212962962962963 0.8055555555555556 0.8981481481481481 0.7986111111111112 0.8935185185185185 0.7870370370370371 0.8935185185185185 0.7847222222222222 0.8912037037037037 0.7800925925925926 0.8912037037037037 0.7893518518518519 0.8726851851851852 0.8078703703703703 0.8564814814814815 0.8125 0.8587962962962963
0 0.8009259259259259 0.8958333333333334 0.8078703703703703 0.9027777777777778 0.8194444444444444 0.9236111111111112 0.8125 0.9236111111111112 0.8078703703703703 0.9189814814814815 0.8032407407407407 0.9189814814814815 0.7939814814814815 0.9328703703703703 0.7916666666666666 0.9328703703703703 0.7847222222222222 0.9421296296296297 0.7824074074074074 0.9513888888888888 0.7777777777777778 0.9421296296296297 0.7800925925925926 0.9212962962962963 0.7708333333333334 0.9074074074074074 0.7708333333333334 0.9004629629629629 0.7754629629629629 0.8935185185185185 0.7916666666666666 0.8935185185185185 0.7939814814814815 0.8958333333333334 0.7986111111111112 0.8958333333333334
0 0.8472222222222222 0.8518518518518519 0.8611111111111112 0.8587962962962963 0.8634259259259259 0.8657407407407407 0.875 0.8819444444444444 0.875 0.8888888888888888 0.8796296296296297 0.8981481481481481 0.8796296296296297 0.9189814814814815 0.8819444444444444 0.9212962962962963 0.8819444444444444 0.9375 0.8842592592592593 0.9421296296296297 0.8819444444444444 0.9444444444444444 0.875 0.9444444444444444 0.8703703703703703 0.9513888888888888 0.8657407407407407 0.9513888888888888 0.8587962962962963 0.9467592592592593 0.8587962962962963 0.9421296296296297 0.8541666666666666 0.9351851851851852 0.8402777777777778 0.9351851851851852 0.8379629629629629 0.9375 0.8333333333333334 0.9351851851851852 0.8263888888888888 0.9259259259259259 0.8287037037037037 0.9074074074074074 0.8333333333333334 0.8958333333333334 0.8333333333333334 0.8819444444444444 0.8356481481481481 0.8796296296296297 0.8356481481481481 0.8703703703703703 0.8379629629629629 0.8680555555555556 0.8379629629629629 0.8564814814814815 0.8402777777777778 0.8541666666666666 0.8449074074074074 0.8541666666666666
0 0.8657407407407407 0.9537037037037037 0.8773148148148148 0.9699074074074074 0.8796296296296297 0.9791666666666666 0.8726851851851852 0.9861111111111112 0.8587962962962963 0.9861111111111112 0.8541666666666666 0.9884259259259259 0.8518518518518519 0.9907407407407407 0.8518518518518519 0.9953703703703703 0.8449074074074074 0.9861111111111112 0.8449074074074074 0.9699074074074074 0.8564814814814815 0.9537037037037037 0.8634259259259259 0.9537037037037037
0 0.8726851851851852 0.9884259259259259 0.8796296296296297 0.9953703703703703 0.8842592592592593 0.9953703703703703 0.8865740740740741 0.9976851851851852 0.8518518518518519 0.9976851851851852 0.8587962962962963 0.9884259259259259 0.8703703703703703 0.9884259259259259
0 0.8773148148148148 0.9884259259259259 0.8865740740740741 0.9768518518518519 0.8935185185185185 0.9768518518518519 0.8981481481481481 0.9837962962962963 0.9004629629629629 0.9953703703703703 0.8912037037037037 0.9976851851851852 0.8888888888888888 0.9953703703703703 0.8842592592592593 0.9953703703703703 0.8796296296296297 0.9907407407407407
0 0.8981481481481481 0.9976851851851852 0.9027777777777778 0.9953703703703703 0.9143518518518519 0.9953703703703703 0.9189814814814815 0.9976851851851852 0.9004629629629629 0.9976851851851852
0 0.8402777777777778 0.9884259259259259 0.8425925925925926 0.9907407407407407 0.8425925925925926 0.9976851851851852 0.8217592592592593 0.9976851851851852 0.8310185185185185 0.9907407407407407 0.8379629629629629 0.9884259259259259
0 0.8981481481481481 0.9606481481481481 0.9074074074074074 0.9606481481481481 0.9097222222222222 0.9629629629629629 0.9212962962962963 0.9652777777777778 0.9236111111111112 0.9722222222222222 0.9328703703703703 0.9814814814814815 0.9351851851851852 0.9814814814814815 0.9467592592592593 0.9953703703703703 0.9467592592592593 0.9976851851851852 0.9236111111111112 0.9976851851851852 0.9143518518518519 0.9930555555555556 0.9050925925925926 0.9930555555555556 0.8958333333333334 0.9768518518518519 0.8958333333333334 0.9675925925925926 0.8981481481481481 0.9629629629629629
0 0.875 0.9467592592592593 0.8842592592592593 0.9467592592592593 0.8888888888888888 0.9490740740740741 0.8912037037037037 0.9537037037037037 0.8912037037037037 0.9699074074074074 0.8865740740740741 0.9745370370370371 0.8819444444444444 0.9745370370370371 0.8726851851851852 0.9583333333333334 0.8726851851851852 0.9513888888888888 0.875 0.9490740740740741
0 0.9375 0.9328703703703703 0.9444444444444444 0.9375 0.9467592592592593 0.9490740740740741 0.9444444444444444 0.9537037037037037 0.9398148148148148 0.9490740740740741 0.9351851851851852 0.9490740740740741 0.9305555555555556 0.9537037037037037 0.9282407407407407 0.9606481481481481 0.9166666666666666 0.9606481481481481 0.9143518518518519 0.9583333333333334 0.8981481481481481 0.9560185185185185 0.8958333333333334 0.9537037037037037 0.8958333333333334 0.9421296296296297 0.9074074074074074 0.9375 0.9143518518518519 0.9282407407407407 0.9328703703703703 0.9305555555555556 0.9351851851851852 0.9328703703703703
0 0.9467592592592593 0.9560185185185185 0.9583333333333334 0.9675925925925926 0.9583333333333334 0.9722222222222222 0.9467592592592593 0.9791666666666666 0.9421296296296297 0.9791666666666666 0.9421296296296297 0.9768518518518519 0.9282407407407407 0.9629629629629629 0.9282407407407407 0.9583333333333334 0.9328703703703703 0.9513888888888888 0.9398148148148148 0.9513888888888888 0.9444444444444444 0.9560185185185185
0 0.9236111111111112 0.9629629629629629 0.9282407407407407 0.9629629629629629 0.9421296296296297 0.9814814814814815 0.9351851851851852 0.9814814814814815 0.9259259259259259 0.9722222222222222 0.9236111111111112 0.9652777777777778
0 0.9606481481481481 0.9722222222222222 0.9768518518518519 0.9837962962962963 0.9722222222222222 0.9953703703703703 0.9699074074074074 0.9976851851851852 0.9490740740740741 0.9976851851851852 0.9444444444444444 0.9837962962962963 0.9583333333333334 0.9745370370370371
0 0.9722222222222222 0.9976851851851852 0.9837962962962963 0.9814814814814815 0.9907407407407407 0.9814814814814815 0.9976851851851852 0.9884259259259259 0.9976851851851852 0.9976851851851852 0.9745370370370371 0.9976851851851852
0 0.9976851851851852 0.9837962962962963 0.9814814814814815 0.9699074074074074 0.9837962962962963 0.9583333333333334 0.9976851851851852 0.9490740740740741 0.9976851851851852 0.9814814814814815
0 0.9907407407407407 0.8773148148148148 0.9930555555555556 0.8819444444444444 0.9930555555555556 0.8888888888888888 0.9884259259259259 0.9004629629629629 0.9907407407407407 0.9259259259259259 0.9884259259259259 0.9282407407407407 0.9884259259259259 0.9351851851851852 0.9791666666666666 0.9606481481481481 0.9791666666666666 0.9675925925925926 0.9745370370370371 0.9745370370370371 0.9652777777777778 0.9722222222222222 0.9513888888888888 0.9560185185185185 0.9467592592592593 0.9351851851851852 0.9699074074074074 0.8888888888888888 0.9814814814814815 0.8773148148148148 0.9884259259259259 0.8773148148148148
0 0.9976851851851852 0.8888888888888888 0.9976851851851852 0.9328703703703703 0.9930555555555556 0.9282407407407407 0.9930555555555556 0.9143518518518519 0.9907407407407407 0.9120370370370371 0.9907407407407407 0.9004629629629629 0.9976851851851852 0.8912037037037037
0 0.9814814814814815 0.8657407407407407 0.9837962962962963 0.8726851851851852 0.9675925925925926 0.8888888888888888 0.9675925925925926 0.8935185185185185 0.9629629629629629 0.8981481481481481 0.9560185185185185 0.9143518518518519 0.9467592592592593 0.9143518518518519 0.9421296296296297 0.9120370370370371 0.9398148148148148 0.9074074074074074 0.9421296296296297 0.8819444444444444 0.9467592592592593 0.8773148148148148 0.9490740740740741 0.8703703703703703 0.9629629629629629 0.8611111111111112 0.9745370370370371 0.8611111111111112 0.9791666666666666 0.8657407407407407
0 0.9305555555555556 0.8935185185185185 0.9398148148148148 0.9120370370370371 0.9398148148148148 0.9143518518518519 0.9328703703703703 0.9189814814814815 0.9305555555555556 0.9282407407407407 0.9259259259259259 0.9259259259259259 0.9236111111111112 0.9166666666666666 0.9189814814814815 0.9097222222222222 0.9189814814814815 0.9004629629629629 0.9212962962962963 0.8958333333333334 0.9282407407407407 0.8935185185185185
0 0.9490740740740741 0.9166666666666666 0.9513888888888888 0.9189814814814815 0.9513888888888888 0.9236111111111112 0.9467592592592593 0.9305555555555556 0.9467592592592593 0.9351851851851852 0.9328703703703703 0.9282407407407407 0.9328703703703703 0.9236111111111112 0.9375 0.9143518518518519 0.9444444444444444 0.9143518518518519 0.9467592592592593 0.9166666666666666
0 0.9143518518518519 0.8935185185185185 0.9212962962962963 0.8981481481481481 0.9189814814814815 0.9074074074074074 0.9236111111111112 0.9189814814814815 0.9236111111111112 0.9282407407407407 0.9143518518518519 0.9259259259259259 0.9074074074074074 0.9351851851851852 0.8981481481481481 0.9375 0.8935185185185185 0.9444444444444444 0.8888888888888888 0.9421296296296297 0.8842592592592593 0.9305555555555556 0.8865740740740741 0.9143518518518519 0.8935185185185185 0.9004629629629629 0.9004629629629629 0.8935185185185185 0.9120370370370371 0.8935185185185185
0 0.9097222222222222 0.8726851851851852 0.9120370370370371 0.875 0.9236111111111112 0.875 0.9259259259259259 0.8773148148148148 0.9305555555555556 0.8773148148148148 0.9398148148148148 0.8865740740740741 0.9375 0.8981481481481481 0.9282407407407407 0.8912037037037037 0.9189814814814815 0.8958333333333334 0.9166666666666666 0.8958333333333334 0.9143518518518519 0.8912037037037037 0.9027777777777778 0.8912037037037037 0.9004629629629629 0.8888888888888888 0.9027777777777778 0.8865740740740741 0.9027777777777778 0.8773148148148148 0.9074074074074074 0.875
0 0.8587962962962963 0.8564814814814815 0.8842592592592593 0.8564814814814815 0.8912037037037037 0.8518518518518519 0.9074074074074074 0.8518518518518519 0.9097222222222222 0.8541666666666666 0.9074074074074074 0.8726851851851852 0.9004629629629629 0.8773148148148148 0.9004629629629629 0.8842592592592593 0.8888888888888888 0.9050925925925926 0.8819444444444444 0.9004629629629629 0.8819444444444444 0.8958333333333334 0.8773148148148148 0.8865740740740741 0.8773148148148148 0.8796296296296297 0.8611111111111112 0.8587962962962963
0 0.9120370370370371 0.8402777777777778 0.9259259259259259 0.8472222222222222 0.9375 0.8796296296296297 0.9351851851851852 0.8819444444444444 0.9282407407407407 0.875 0.9166666666666666 0.875 0.9120370370370371 0.8726851851851852 0.9120370370370371 0.8611111111111112 0.9143518518518519 0.8587962962962963 0.9120370370370371 0.8425925925925926
0 0.9282407407407407 0.8333333333333334 0.9375 0.8379629629629629 0.9398148148148148 0.8425925925925926 0.9398148148148148 0.8541666666666666 0.9444444444444444 0.8611111111111112 0.9444444444444444 0.875 0.9421296296296297 0.8796296296296297 0.9375 0.8796296296296297 0.9351851851851852 0.875 0.9351851851851852 0.8680555555555556 0.9282407407407407 0.8495370370370371 0.9212962962962963 0.8425925925925926 0.9143518518518519 0.8425925925925926 0.9120370370370371 0.8472222222222222 0.9120370370370371 0.8402777777777778 0.9166666666666666 0.8356481481481481 0.9259259259259259 0.8333333333333334
0 0.9421296296296297 0.8425925925925926 0.9490740740740741 0.8425925925925926 0.9583333333333334 0.8472222222222222 0.9652777777777778 0.8541666666666666 0.9652777777777778 0.8587962962962963 0.9583333333333334 0.8587962962962963 0.9560185185185185 0.8564814814814815 0.9490740740740741 0.8564814814814815 0.9467592592592593 0.8587962962962963 0.9421296296296297 0.8518518518518519 0.9421296296296297 0.8449074074074074
0 0.9467592592592593 0.8587962962962963 0.9583333333333334 0.8611111111111112 0.9583333333333334 0.8634259259259259 0.9467592592592593 0.875 0.9467592592592593 0.8611111111111112
0 0.9953703703703703 0.8402777777777778 0.9976851851851852 0.8425925925925926 0.9976851851851852 0.8611111111111112 0.9930555555555556 0.8680555555555556 0.9907407407407407 0.8680555555555556 0.9814814814814815 0.8587962962962963 0.9837962962962963 0.8495370370370371 0.9884259259259259 0.8425925925925926 0.9930555555555556 0.8402777777777778
0 0.9756944444444444 0.8449074074074074 0.023148148148148147 0.023148148148148147
0 0.9629629629629629 0.8240740740740741 0.9699074074074074 0.8310185185185185 0.9675925925925926 0.8425925925925926 0.9629629629629629 0.8495370370370371 0.9490740740740741 0.8402777777777778 0.9421296296296297 0.8402777777777778 0.9375 0.8333333333333334 0.9421296296296297 0.8263888888888888 0.9467592592592593 0.8263888888888888 0.9490740740740741 0.8240740740740741 0.9606481481481481 0.8240740740740741
0 0.9421296296296297 0.7986111111111112 0.9421296296296297 0.8055555555555556 0.9467592592592593 0.8078703703703703 0.9490740740740741 0.8125 0.9490740740740741 0.8217592592592593 0.9398148148148148 0.8287037037037037 0.9398148148148148 0.8356481481481481 0.9328703703703703 0.8310185185185185 0.9328703703703703 0.8078703703703703 0.9351851851851852 0.8032407407407407 0.9398148148148148 0.8009259259259259
0 0.9097222222222222 0.8125 0.9120370370370371 0.8148148148148148 0.9166666666666666 0.8148148148148148 0.9236111111111112 0.8240740740740741 0.9236111111111112 0.8310185185185185 0.9212962962962963 0.8333333333333334 0.9166666666666666 0.8333333333333334 0.9097222222222222 0.8402777777777778 0.9097222222222222 0.8495370370370371 0.9027777777777778 0.8495370370370371 0.9004629629629629 0.8472222222222222 0.8981481481481481 0.8333333333333334 0.8958333333333334 0.8310185185185185 0.8981481481481481 0.8148148148148148 0.9027777777777778 0.8101851851851852 0.9074074074074074 0.8125
0 0.8842592592592593 0.8263888888888888 0.8958333333333334 0.8472222222222222 0.8865740740740741 0.8541666666666666 0.8819444444444444 0.8518518518518519 0.875 0.8518518518518519 0.8726851851851852 0.8541666666666666 0.8680555555555556 0.8541666666666666 0.8657407407407407 0.8518518518518519 0.8634259259259259 0.8541666666666666 0.8587962962962963 0.8541666666666666 0.8564814814814815 0.8518518518518519 0.8564814814814815 0.8472222222222222 0.8657407407407407 0.8425925925925926 0.8634259259259259 0.8379629629629629 0.8657407407407407 0.8356481481481481 0.8657407407407407 0.8287037037037037 0.8726851851851852 0.8240740740740741 0.8796296296296297 0.8240740740740741 0.8819444444444444 0.8263888888888888
0 0.8217592592592593 0.75 0.8240740740740741 0.7523148148148148 0.8356481481481481 0.7523148148148148 0.8587962962962963 0.7638888888888888 0.8703703703703703 0.7754629629629629 0.8726851851851852 0.7754629629629629 0.875 0.7870370370370371 0.8842592592592593 0.7916666666666666 0.8842592592592593 0.8101851851851852 0.8819444444444444 0.8125 0.8819444444444444 0.8194444444444444 0.8796296296296297 0.8217592592592593 0.8680555555555556 0.8217592592592593 0.8634259259259259 0.8263888888888888 0.8611111111111112 0.8333333333333334 0.8472222222222222 0.8472222222222222 0.8425925925925926 0.8472222222222222 0.8402777777777778 0.8495370370370371 0.8333333333333334 0.8495370370370371 0.8287037037037037 0.8449074074074074 0.8217592592592593 0.8449074074074074 0.8194444444444444 0.8472222222222222 0.8078703703703703 0.8449074074074074 0.8009259259259259 0.8333333333333334 0.7986111111111112 0.7824074074074074 0.8032407407407407 0.7754629629629629 0.8055555555555556 0.7615740740740741 0.8171296296296297 0.75 0.8194444444444444 0.75
0 0.8981481481481481 0.7847222222222222 0.9050925925925926 0.7962962962962963 0.8958333333333334 0.8148148148148148 0.8935185185185185 0.8287037037037037 0.8865740740740741 0.8240740740740741 0.8865740740740741 0.7939814814814815 0.8888888888888888 0.7893518518518519 0.8958333333333334 0.7847222222222222
0 0.9236111111111112 0.7731481481481481 0.9421296296296297 0.7893518518518519 0.9421296296296297 0.7939814814814815 0.9328703703703703 0.8009259259259259 0.9305555555555556 0.7986111111111112 0.9212962962962963 0.7986111111111112 0.9189814814814815 0.8009259259259259 0.9143518518518519 0.7986111111111112 0.9097222222222222 0.7800925925925926 0.9143518518518519 0.7731481481481481 0.9212962962962963 0.7731481481481481
0 0.8680555555555556 0.7754629629629629 0.8796296296296297 0.7754629629629629 0.8888888888888888 0.7800925925925926 0.8912037037037037 0.7824074074074074 0.8865740740740741 0.7916666666666666 0.8819444444444444 0.7916666666666666 0.8703703703703703 0.7824074074074074 0.8703703703703703 0.7777777777777778
0 0.9259259259259259 0.8287037037037037 0.9259259259259259 0.8240740740740741 0.9212962962962963 0.8148148148148148 0.9212962962962963 0.8032407407407407 0.9236111111111112 0.8009259259259259 0.9305555555555556 0.8009259259259259 0.9328703703703703 0.8055555555555556 0.9328703703703703 0.8171296296296297 0.9305555555555556 0.8194444444444444 0.9305555555555556 0.8287037037037037 0.9282407407407407 0.8287037037037037
0 0.9189814814814815 0.8148148148148148 0.9050925925925926 0.8078703703703703 0.9050925925925926 0.7939814814814815 0.8981481481481481 0.7847222222222222 0.9004629629629629 0.7800925925925926 0.9074074074074074 0.7800925925925926 0.9097222222222222 0.7939814814814815 0.9189814814814815 0.8055555555555556 0.9189814814814815 0.8125
0 0.9537037037037037 0.7546296296296297 0.9560185185185185 0.7569444444444444 0.9606481481481481 0.7546296296296297 0.9652777777777778 0.7569444444444444 0.9699074074074074 0.7638888888888888 0.9722222222222222 0.7638888888888888 0.9722222222222222 0.7662037037037037 0.9606481481481481 0.7777777777777778 0.9606481481481481 0.7824074074074074 0.9513888888888888 0.7870370370370371 0.9444444444444444 0.7870370370370371 0.9351851851851852 0.7777777777777778 0.9421296296296297 0.7638888888888888 0.9513888888888888 0.7569444444444444
0 0.9861111111111112 0.7986111111111112 0.9837962962962963 0.8032407407407407 0.9837962962962963 0.8078703703703703 0.9861111111111112 0.8101851851851852 0.9837962962962963 0.8125 0.9814814814814815 0.8101851851851852 0.9768518518518519 0.8101851851851852 0.9745370370370371 0.8148148148148148 0.9675925925925926 0.8148148148148148 0.9490740740740741 0.8078703703703703 0.9444444444444444 0.8009259259259259 0.9444444444444444 0.7939814814814815 0.9490740740740741 0.7893518518518519 0.9583333333333334 0.7893518518518519 0.9629629629629629 0.7870370370370371 0.9652777777777778 0.7893518518518519 0.9768518518518519 0.7916666666666666 0.9837962962962963 0.7986111111111112
0 0.9513888888888888 0.8101851851851852 0.9560185185185185 0.8101851851851852 0.9699074074074074 0.8171296296296297 0.9768518518518519 0.8171296296296297 0.9837962962962963 0.8263888888888888 0.9814814814814815 0.8310185185185185 0.9745370370370371 0.8310185185185185 0.9699074074074074 0.8356481481481481 0.9699074074074074 0.8310185185185185 0.9629629629629629 0.8240740740740741 0.9490740740740741 0.8240740740740741 0.9513888888888888 0.8125
0 0.8240740740740741 0.7268518518518519 0.8287037037037037 0.7314814814814815 0.8333333333333334 0.7430555555555556 0.8333333333333334 0.7476851851851852 0.8310185185185185 0.75 0.8263888888888888 0.7476851851851852 0.8078703703703703 0.75 0.8078703703703703 0.7361111111111112 0.8101851851851852 0.7314814814814815 0.8148148148148148 0.7268518518518519 0.8217592592592593 0.7268518518518519
0 0.8171296296296297 0.6921296296296297 0.8217592592592593 0.6921296296296297 0.8402777777777778 0.7060185185185185 0.8495370370370371 0.7083333333333334 0.8587962962962963 0.7175925925925926 0.8587962962962963 0.7268518518518519 0.8472222222222222 0.7268518518518519 0.8379629629629629 0.7314814814814815 0.8310185185185185 0.7314814814814815 0.8310185185185185 0.7291666666666666 0.8240740740740741 0.7245370370370371 0.8240740740740741 0.7175925925925926 0.8194444444444444 0.7106481481481481 0.8171296296296297 0.6944444444444444
0 0.8634259259259259 0.6805555555555556 0.8680555555555556 0.6828703703703703 0.8773148148148148 0.6967592592592593 0.8773148148148148 0.7106481481481481 0.8726851851851852 0.7106481481481481 0.8587962962962963 0.7037037037037037 0.8518518518518519 0.6967592592592593 0.8541666666666666 0.6851851851851852 0.8611111111111112 0.6805555555555556
0 0.8888888888888888 0.6921296296296297 0.8981481481481481 0.6990740740740741 0.9050925925925926 0.7083333333333334 0.9120370370370371 0.7222222222222222 0.9097222222222222 0.7337962962962963 0.8958333333333334 0.7314814814814815 0.8819444444444444 0.7129629629629629 0.8796296296296297 0.6967592592592593 0.8865740740740741 0.6921296296296297
0 0.8865740740740741 0.7604166666666666 0.018518518518518517 0.03935185185185185
0 0.8912037037037037 0.7361111111111112 0.8981481481481481 0.7337962962962963 0.9004629629629629 0.7361111111111112 0.9120370370370371 0.7384259259259259 0.9259259259259259 0.7592592592592593 0.9236111111111112 0.7662037037037037 0.9097222222222222 0.7754629629629629 0.8958333333333334 0.7754629629629629 0.8935185185185185 0.7638888888888888 0.8912037037037037 0.7615740740740741 0.8912037037037037 0.7384259259259259
0 0.9375 0.7175925925925926 0.9421296296296297 0.7199074074074074 0.9421296296296297 0.7268518518518519 0.9467592592592593 0.7384259259259259 0.9467592592592593 0.75 0.9490740740740741 0.7523148148148148 0.9467592592592593 0.7569444444444444 0.9375 0.7638888888888888 0.9328703703703703 0.7592592592592593 0.9282407407407407 0.7592592592592593 0.9259259259259259 0.7523148148148148 0.9189814814814815 0.7430555555555556 0.9189814814814815 0.7384259259259259 0.9236111111111112 0.7337962962962963 0.9259259259259259 0.7268518518518519 0.9351851851851852 0.7199074074074074
0 0.9675925925925926 0.7175925925925926 0.9768518518518519 0.7337962962962963 0.9652777777777778 0.7523148148148148 0.9513888888888888 0.7523148148148148 0.9513888888888888 0.7476851851851852 0.9490740740740741 0.7453703703703703 0.9490740740740741 0.7337962962962963 0.9467592592592593 0.7314814814814815 0.9467592592592593 0.7199074074074074 0.9560185185185185 0.7152777777777778 0.9629629629629629 0.7152777777777778 0.9652777777777778 0.7175925925925926
0 0.9722222222222222 0.7523148148148148 0.9722222222222222 0.7453703703703703 0.9791666666666666 0.7361111111111112 0.9907407407407407 0.7361111111111112 0.9907407407407407 0.7453703703703703 0.9884259259259259 0.7476851851851852 0.9884259259259259 0.7523148148148148 0.9745370370370371 0.7523148148148148
0 0.9930555555555556 0.7222222222222222 0.9976851851851852 0.7245370370370371 0.9976851851851852 0.7337962962962963 0.9814814814814815 0.7337962962962963 0.9837962962962963 0.7268518518518519 0.9907407407407407 0.7222222222222222
0 0.9930555555555556 0.7662037037037037 0.9907407407407407 0.7800925925925926 0.9837962962962963 0.7754629629629629 0.9791666666666666 0.7754629629629629 0.9745370370370371 0.7800925925925926 0.9675925925925926 0.7754629629629629 0.9791666666666666 0.7662037037037037 0.9907407407407407 0.7662037037037037
0 0.9699074074074074 0.7754629629629629 0.9722222222222222 0.7777777777777778 0.9722222222222222 0.7870370370370371 0.9675925925925926 0.7870370370370371 0.9629629629629629 0.7824074074074074 0.9629629629629629 0.7777777777777778 0.9675925925925926 0.7754629629629629
0 0.9837962962962963 0.7777777777777778 0.9907407407407407 0.7870370370370371 0.9907407407407407 0.7939814814814815 0.9884259259259259 0.7962962962962963 0.9861111111111112 0.7939814814814815 0.9814814814814815 0.7939814814814815 0.9768518518518519 0.7893518518518519 0.9768518518518519 0.7800925925925926 0.9814814814814815 0.7777777777777778
0 0.9837962962962963 0.7962962962962963 0.9976851851851852 0.8032407407407407 0.9976851851851852 0.8402777777777778 0.9837962962962963 0.8287037037037037 0.9814814814814815 0.8171296296296297 0.9768518518518519 0.8148148148148148 0.9745370370370371 0.7962962962962963 0.9768518518518519 0.7939814814814815 0.9814814814814815 0.7962962962962963
0 0.9953703703703703 0.7638888888888888 0.9976851851851852 0.7638888888888888 0.9976851851851852 0.7777777777777778 0.9930555555555556 0.7754629629629629 0.9953703703703703 0.7731481481481481 0.9953703703703703 0.7662037037037037
0 0.9965277777777778 0.7858796296296297 0.008101851851851851 0.018518518518518517
0 0.9965277777777778 0.7962962962962963 0.008101851851851851 0.011574074074074073
0 0.9861111111111112 0.7037037037037037 0.9976851851851852 0.7083333333333334 0.9976851851851852 0.7222222222222222 0.9884259259259259 0.7199074074074074 0.9814814814814815 0.7291666666666666 0.9791666666666666 0.7291666666666666 0.9745370370370371 0.7222222222222222 0.9629629629629629 0.7129629629629629 0.9583333333333334 0.7129629629629629 0.9583333333333334 0.7106481481481481 0.9722222222222222 0.7037037037037037 0.9837962962962963 0.7037037037037037
0 0.9976851851851852 0.7592592592592593 0.9930555555555556 0.7523148148148148 0.9930555555555556 0.7430555555555556 0.9976851851851852 0.7407407407407407 0.9976851851851852 0.7569444444444444
0 0.9722222222222222 0.7546296296296297 0.9907407407407407 0.7546296296296297 0.9907407407407407 0.7592592592592593 0.9930555555555556 0.7615740740740741 0.9907407407407407 0.7638888888888888 0.9814814814814815 0.7638888888888888 0.9768518518518519 0.7662037037037037 0.9768518518518519 0.7638888888888888 0.9699074074074074 0.7592592592592593 0.9722222222222222 0.7569444444444444
0 0.8263888888888888 0.6620370370370371 0.04282407407407408 0.05324074074074074
0 0.8009259259259259 0.6736111111111112 0.8125 0.6736111111111112 0.8194444444444444 0.6782407407407407 0.8194444444444444 0.6851851851851852 0.8101851851851852 0.6921296296296297 0.8009259259259259 0.6851851851851852 0.8009259259259259 0.6759259259259259
0 0.8518518518518519 0.6365740740740741 0.8587962962962963 0.6412037037037037 0.8657407407407407 0.6574074074074074 0.8657407407407407 0.6666666666666666 0.8634259259259259 0.6712962962962963 0.8564814814814815 0.6759259259259259 0.8495370370370371 0.6759259259259259 0.8472222222222222 0.6643518518518519 0.8379629629629629 0.6435185185185185 0.8425925925925926 0.6365740740740741 0.8495370370370371 0.6365740740740741
0 0.7870370370370371 0.6388888888888888 0.7893518518518519 0.6412037037037037 0.7939814814814815 0.6412037037037037 0.7986111111111112 0.6504629629629629 0.7962962962962963 0.6527777777777778 0.7870370370370371 0.6527777777777778 0.7847222222222222 0.6504629629629629 0.7847222222222222 0.6412037037037037
0 0.8657407407407407 0.6689814814814815 0.8796296296296297 0.6736111111111112 0.8865740740740741 0.6828703703703703 0.8865740740740741 0.6898148148148148 0.8796296296296297 0.6944444444444444 0.8680555555555556 0.6805555555555556 0.8611111111111112 0.6782407407407407 0.8657407407407407 0.6712962962962963
0 0.9120370370370371 0.6898148148148148 0.9189814814814815 0.6944444444444444 0.9259259259259259 0.7037037037037037 0.9259259259259259 0.7152777777777778 0.9189814814814815 0.7222222222222222 0.9143518518518519 0.7222222222222222 0.9120370370370371 0.7199074074074074 0.9004629629629629 0.6967592592592593 0.9004629629629629 0.6921296296296297 0.9027777777777778 0.6898148148148148 0.9097222222222222 0.6898148148148148
0 0.9212962962962963 0.6805555555555556 0.9328703703703703 0.6967592592592593 0.9328703703703703 0.7083333333333334 0.9282407407407407 0.7083333333333334 0.9259259259259259 0.6990740740740741 0.9120370370370371 0.6875 0.9120370370370371 0.6805555555555556 0.9143518518518519 0.6782407407407407 0.9189814814814815 0.6805555555555556
0 0.9189814814814815 0.6574074074074074 0.9236111111111112 0.6574074074074074 0.9305555555555556 0.6620370370370371 0.9398148148148148 0.6782407407407407 0.9398148148148148 0.6875 0.9375 0.6921296296296297 0.9328703703703703 0.6921296296296297 0.9189814814814815 0.6759259259259259 0.9143518518518519 0.6759259259259259 0.9143518518518519 0.6689814814814815 0.9189814814814815 0.6643518518518519 0.9189814814814815 0.6597222222222222
0 0.9421296296296297 0.7013888888888888 0.9513888888888888 0.7037037037037037 0.9560185185185185 0.7106481481481481 0.9537037037037037 0.7152777777777778 0.9421296296296297 0.7175925925925926 0.9398148148148148 0.7152777777777778 0.9398148148148148 0.7060185185185185 0.9421296296296297 0.7037037037037037
0 0.9004629629629629 0.5324074074074074 0.9120370370370371 0.5324074074074074 0.9166666666666666 0.5393518518518519 0.9143518518518519 0.5439814814814815 0.9074074074074074 0.5439814814814815 0.9004629629629629 0.5347222222222222
0 0.9027777777777778 0.5590277777777778 0.018518518518518517 0.01273148148148148
0 0.046296296296296294 0 0.05787037037037037 0 0.05555555555555555 0.011574074074074073 0.05092592592592592 0.011574074074074073 0.046296296296296294 0.006944444444444444 0.046296296296296294 0.0023148148148148147
0 0.03009259259259259 0 0.04398148148148148 0 0.046296296296296294 0.011574074074074073 0.041666666666666664 0.011574074074074073 0.032407407407407406 0.0023148148148148147
0 0.23032407407407407 0.11226851851851852 0.006944444444444444 0.005787037037037037