0 0.42824074074074076 0.3055555555555556 0.4398148148148148 0.3101851851851852 0.4444444444444444 0.3194444444444444 0.4444444444444444 0.33101851851851855 0.44212962962962965 0.33564814814814814 0.4398148148148148 0.33796296296296297 0.4351851851851852 0.33796296296296297 0.42592592592592593 0.33101851851851855 0.4236111111111111 0.3263888888888889 0.4236111111111111 0.30787037037037035 0.42592592592592593 0.30787037037037035
0 0.032407407407407406 0.11342592592592593 0.034722222222222224 0.11574074074074074 0.03009259259259259 0.12268518518518519 0.02546296296296296 0.12268518518518519 0.02546296296296296 0.11574074074074074 0.03009259259259259 0.11342592592592593
0 0.6481481481481481 0.5115740740740741 0.6527777777777778 0.5069444444444444 0.6597222222222222 0.5069444444444444 0.6643518518518519 0.5115740740740741 0.6597222222222222 0.5231481481481481 0.6550925925925926 0.5208333333333334 0.6504629629629629 0.5138888888888888
0 0.6782407407407407 0.49537037037037035 0.6828703703703703 0.5 0.6828703703703703 0.5138888888888888 0.6805555555555556 0.5162037037037037 0.6759259259259259 0.5162037037037037 0.6666666666666666 0.5046296296296297 0.6666666666666666 0.5023148148148148 0.6759259259259259 0.49537037037037035
0 0.35648148148148145 0.4340277777777778 0.018518518518518517 0.02662037037037037
0 0.4027777777777778 0.46064814814814814 0.4074074074074074 0.4699074074074074 0.4074074074074074 0.47453703703703703 0.4050925925925926 0.47685185185185186 0.3958333333333333 0.47453703703703703 0.39351851851851855 0.4699074074074074 0.3958333333333333 0.46296296296296297 0.40046296296296297 0.46064814814814814
0 0.37037037037037035 0.28125 0.020833333333333332 0.02662037037037037
0 0.0787037037037037 0.8703703703703703 0.08333333333333333 0.8726851851851852 0.08101851851851852 0.8819444444444444 0.0763888888888889 0.8865740740740741 0.07407407407407407 0.8842592592592593 0.07407407407407407 0.8796296296296297 0.0787037037037037 0.8726851851851852
0 0.46412037037037035 0.5219907407407407 0.019675925925925927 0.03009259259259259
0 0.4212962962962963 0.6446759259259259 0.010416666666666666 0.013888888888888888
0 0.9699074074074074 0.6365740740740741 0.9768518518518519 0.6365740740740741 0.9791666666666666 0.6412037037037037 0.9791666666666666 0.6458333333333334 0.9768518518518519 0.6458333333333334 0.9722222222222222 0.6435185185185185 0.9699074074074074 0.6388888888888888
0 0.08333333333333333 0.14351851851851852 0.09027777777777778 0.1388888888888889 0.09259259259259259 0.1412037037037037 0.09259259259259259 0.14583333333333334 0.09027777777777778 0.14814814814814814 0.08564814814814815 0.14814814814814814 0.08564814814814815 0.14583333333333334
0 0.14814814814814814 0.18518518518518517 0.1527777777777778 0.18518518518518517 0.1574074074074074 0.19212962962962962 0.1550925925925926 0.19675925925925927 0.15046296296296297 0.19675925925925927 0.14583333333333334 0.19212962962962962 0.14814814814814814 0.1875
0 0.3263888888888889 0.41898148148148145 0.3263888888888889 0.41435185185185186 0.33564814814814814 0.40046296296296297 0.3425925925925926 0.4050925925925926 0.3449074074074074 0.41435185185185186 0.33796296296296297 0.4236111111111111 0.3287037037037037 0.41898148148148145
0 0.4537037037037037 0.4837962962962963 0.46064814814814814 0.4930555555555556 0.46064814814814814 0.4976851851851852 0.4583333333333333 0.5 0.44675925925925924 0.5 0.44675925925925924 0.4861111111111111 0.4513888888888889 0.4837962962962963
0 0.11342592592592593 0.16666666666666666 0.11574074074074074 0.16898148148148148 0.11574074074074074 0.17592592592592593 0.11342592592592593 0.17824074074074073 0.1087962962962963 0.1736111111111111 0.1111111111111111 0.16898148148148148