0 0.8125 0.47685185185185186 0.8217592592592593 0.48842592592592593 0.8240740740740741 0.5023148148148148 0.8263888888888888 0.5046296296296297 0.8287037037037037 0.5254629629629629 0.8194444444444444 0.5486111111111112 0.8078703703703703 0.5601851851851852 0.7986111111111112 0.5648148148148148 0.7847222222222222 0.5625 0.7731481481481481 0.5532407407407407 0.7685185185185185 0.5416666666666666 0.7615740740740741 0.5324074074074074 0.7615740740740741 0.5208333333333334 0.7638888888888888 0.5185185185185185 0.7638888888888888 0.5092592592592593 0.7708333333333334 0.4976851851851852 0.7731481481481481 0.4976851851851852 0.7916666666666666 0.4791666666666667 0.8009259259259259 0.47453703703703703 0.8078703703703703 0.47453703703703703 0.8101851851851852 0.47685185185185186
0 0.8657407407407407 0.38425925925925924 0.04398148148148148 0.03935185185185185
0 0.7453703703703703 0.4074074074074074 0.7476851851851852 0.4097222222222222 0.7476851851851852 0.41435185185185186 0.7546296296296297 0.4236111111111111 0.75 0.42824074074074076 0.7453703703703703 0.42824074074074076 0.7314814814814815 0.4375 0.7268518518518519 0.4375 0.7175925925925926 0.4305555555555556 0.7175925925925926 0.41898148148148145 0.7152777777777778 0.41435185185185186 0.7175925925925926 0.4097222222222222 0.7222222222222222 0.4074074074074074 0.7430555555555556 0.4074074074074074
0 0.1736111111111111 0.06481481481481481 0.18055555555555555 0.07175925925925926 0.18981481481481483 0.06712962962962964 0.19444444444444445 0.06944444444444445 0.19907407407407407 0.06481481481481481 0.20601851851851852 0.06481481481481481 0.20601851851851852 0.06944444444444445 0.20833333333333334 0.07175925925925926 0.20833333333333334 0.09259259259259259 0.20601851851851852 0.09490740740740741 0.20601851851851852 0.10185185185185185 0.2013888888888889 0.1111111111111111 0.19675925925925927 0.11574074074074074 0.19212962962962962 0.11574074074074074 0.18518518518518517 0.12268518518518519 0.1712962962962963 0.12268518518518519 0.16666666666666666 0.12037037037037036 0.16435185185185186 0.12268518518518519 0.1550925925925926 0.12268518518518519 0.1527777777777778 0.125 0.1412037037037037 0.125 0.13657407407407407 0.11805555555555555 0.1388888888888889 0.09490740740740741 0.16203703703703703 0.0625 0.16898148148148148 0.0625 0.1712962962962963 0.06481481481481481
0 0.08796296296296297 0.12037037037037036 0.09722222222222222 0.12731481481481483 0.09722222222222222 0.1412037037037037 0.08796296296296297 0.14583333333333334 0.0787037037037037 0.1550925925925926 0.07407407407407407 0.1550925925925926 0.07175925925925926 0.1574074074074074 0.05324074074074074 0.1574074074074074 0.05324074074074074 0.13425925925925927 0.05555555555555555 0.13194444444444445 0.05555555555555555 0.12731481481481483 0.06018518518518518 0.12037037037037036 0.08564814814814815 0.12037037037037036
0 0.12731481481481483 0.2175925925925926 0.12731481481481483 0.21064814814814814 0.13657407407407407 0.19675925925925927 0.1388888888888889 0.19675925925925927 0.1550925925925926 0.21296296296296297 0.1550925925925926 0.2199074074074074 0.15046296296296297 0.22453703703703703 0.13657407407407407 0.2175925925925926 0.12962962962962962 0.2175925925925926
0 0.006944444444444444 0.19675925925925927 0.011574074074074073 0.19675925925925927 0.016203703703703703 0.2037037037037037 0.016203703703703703 0.21296296296296297 0.011574074074074073 0.2175925925925926 0.004629629629629629 0.2199074074074074 0 0.2175925925925926 0 0.20601851851851852 0.0023148148148148147 0.20601851851851852 0.006944444444444444 0.19907407407407407
0 0.0787037037037037 0.09490740740740741 0.08101851851851852 0.09027777777777778 0.08564814814814815 0.08796296296296297 0.09490740740740741 0.10185185185185185 0.09259259259259259 0.11342592592592593 0.08333333333333333 0.11805555555555555 0.08101851851851852 0.11574074074074074 0.08101851851851852 0.09722222222222222
0 0.013888888888888888 0.05787037037037037 0.023148148148148147 0.05787037037037037 0.034722222222222224 0.07407407407407407 0.03009259259259259 0.08333333333333333 0.013888888888888888 0.0787037037037037 0.006944444444444444 0.06944444444444445 0.013888888888888888 0.06018518518518518
0 0.041666666666666664 0.10416666666666667 0.018518518518518517 0.02546296296296296
0 0.016203703703703703 0.09953703703703703 0.023148148148148147 0.10416666666666667 0.020833333333333332 0.11574074074074074 0.016203703703703703 0.11805555555555555 0.013888888888888888 0.11574074074074074 0.013888888888888888 0.10185185185185185
0 0.11342592592592593 0.08564814814814815 0.125 0.08796296296296297 0.12962962962962962 0.09259259259259259 0.12962962962962962 0.10185185185185185 0.125 0.10648148148148148 0.11805555555555555 0.10648148148148148 0.11342592592592593 0.08796296296296297
0 0.037037037037037035 0.06944444444444445 0.05324074074074074 0.07175925925925926 0.05555555555555555 0.0763888888888889 0.05555555555555555 0.08564814814814815 0.04861111111111111 0.08796296296296297 0.037037037037037035 0.0763888888888889 0.037037037037037035 0.07175925925925926
0 0.2222222222222222 0.10185185185185185 0.22685185185185186 0.1087962962962963 0.22685185185185186 0.11342592592592593 0.22453703703703703 0.11574074074074074 0.21064814814814814 0.11574074074074074 0.20833333333333334 0.11805555555555555 0.2013888888888889 0.11574074074074074 0.20601851851851852 0.10648148148148148 0.21296296296296297 0.10185185185185185 0.2199074074074074 0.10185185185185185